0	0
1	0
2	0
3	0
4	0
5	0
6	0
7	0
8	0
9	0
10	0
11	0
12	0
13	0
14	0
15	0
16	0
17	0
18	0
19	0
20	0
21	0
22	0
23	0
24	0
25	0
26	0
27	0
28	0
29	0
30	0
31	0
32	0
33	0
34	0
35	0
36	0
37	0
38	0
39	0
40	0
41	0
42	0
43	0
44	0
45	0
46	0
47	0
48	0
49	0
50	0
51	0
52	0
53	0
54	0
55	0
56	0
57	0
58	0
59	0
60	0
61	0
62	0
63	0
64	0
65	0
66	0
67	0
68	0
69	0
70	0
71	0
72	0
73	0
74	0
75	0
76	0
77	0
78	0
79	0
80	0
81	0
82	0
83	0
84	1
85	0
86	0
87	0
88	0
89	0
90	0
91	0
92	0
93	0
94	0
95	0
96	0
97	0
98	0
99	0
100	0
101	0
102	0
103	0
104	0
105	0
106	0
107	0
108	0
109	0
110	0
111	0
112	0
113	2
114	0
115	1
116	0
117	0
118	0
119	0
120	0
121	0
122	0
123	0
124	0
125	0
126	0
127	0
128	0
129	0
130	0
131	0
132	1
133	0
134	0
135	0
136	0
137	0
138	0
139	0
140	0
141	0
142	0
143	0
144	1
145	0
146	0
147	0
148	0
149	0
150	0
151	0
152	0
153	0
154	0
155	0
156	0
157	0
158	0
159	0
160	0
161	0
162	0
163	1
164	0
165	0
166	0
167	0
168	1
169	0
170	0
171	0
172	0
173	0
174	0
175	1
176	1
177	0
178	0
179	0
180	0
181	0
182	0
183	0
184	0
185	0
186	0
187	0
188	0
189	0
190	0
191	0
192	0
193	0
194	0
195	1
196	0
197	0
198	0
199	0
200	0
201	0
202	0
203	0
204	0
205	1
206	0
207	0
208	0
209	0
210	0
211	0
212	0
213	0
214	1
215	0
216	0
217	0
218	0
219	0
220	0
221	0
222	0
223	1
224	1
225	0
226	0
227	0
228	0
229	0
230	0
231	0
232	0
233	0
234	0
235	0
236	0
237	0
238	1
239	0
240	0
241	0
242	0
243	0
244	0
245	0
246	0
247	1
248	0
249	0
250	1
251	0
252	0
253	2
254	1
255	0
256	1
257	0
258	0
259	0
260	0
261	1
262	0
263	0
264	0
265	0
266	0
267	0
268	0
269	0
270	0
271	0
272	1
273	1
274	0
275	0
276	0
277	0
278	2
279	0
280	0
281	0
282	0
283	0
284	0
285	1
286	1
287	1
288	1
289	0
290	1
291	0
292	1
293	0
294	0
295	1
296	0
297	0
298	0
299	1
300	0
301	0
302	1
303	0
304	0
305	0
306	0
307	3
308	0
309	0
310	0
311	0
312	0
313	0
314	0
315	0
316	1
317	0
318	0
319	0
320	0
321	2
322	0
323	0
324	0
325	0
326	1
327	0
328	1
329	0
330	1
331	0
332	1
333	2
334	0
335	0
336	1
337	4
338	0
339	1
340	1
341	0
342	0
343	0
344	1
345	2
346	1
347	2
348	2
349	3
350	2
351	1
352	0
353	3
354	0
355	3
356	3
357	1
358	1
359	1
360	3
361	2
362	2
363	3
364	0
365	1
366	1
367	0
368	3
369	3
370	1
371	3
372	3
373	1
374	2
375	1
376	2
377	2
378	2
379	3
380	6
381	4
382	3
383	1
384	5
385	2
386	5
387	3
388	3
389	5
390	4
391	1
392	1
393	7
394	2
395	5
396	4
397	0
398	4
399	5
400	4
401	4
402	8
403	9
404	9
405	4
406	3
407	7
408	4
409	7
410	7
411	4
412	6
413	8
414	4
415	7
416	8
417	12
418	11
419	6
420	12
421	11
422	8
423	8
424	11
425	10
426	5
427	7
428	6
429	9
430	9
431	8
432	6
433	12
434	5
435	10
436	14
437	12
438	9
439	9
440	3
441	6
442	10
443	5
444	4
445	9
446	5
447	1
448	5
449	7
450	3
451	4
452	7
453	3
454	10
455	10
456	7
457	2
458	6
459	4
460	5
461	4
462	7
463	5
464	5
465	5
466	5
467	6
468	3
469	5
470	2
471	7
472	1
473	9
474	5
475	3
476	5
477	2
478	5
479	3
480	4
481	5
482	2
483	0
484	2
485	11
486	2
487	2
488	3
489	5
490	3
491	5
492	3
493	2
494	4
495	3
496	4
497	2
498	1
499	1
500	1
501	2
502	2
503	2
504	2
505	3
506	2
507	1
508	2
509	2
510	1
511	1
512	2
513	2
514	1
515	3
516	1
517	3
518	2
519	1
520	3
521	1
522	1
523	2
524	0
525	1
526	1
527	2
528	0
529	0
530	1
531	0
532	2
533	0
534	1
535	3
536	4
537	1
538	0
539	0
540	0
541	1
542	3
543	1
544	1
545	1
546	2
547	0
548	1
549	0
550	1
551	0
552	2
553	0
554	0
555	1
556	1
557	0
558	0
559	1
560	0
561	1
562	0
563	0
564	1
565	0
566	0
567	0
568	2
569	0
570	0
571	0
572	0
573	0
574	0
575	0
576	0
577	0
578	1
579	0
580	0
581	0
582	0
583	0
584	0
585	0
586	0
587	0
588	1
589	1
590	0
591	0
592	0
593	0
594	0
595	2
596	0
597	0
598	0
599	0
600	0
601	0
602	0
603	0
604	0
605	0
606	0
607	0
608	0
609	0
610	1
611	0
612	4
613	0
614	0
615	0
616	0
617	0
618	0
619	1
620	0
621	0
622	0
623	0
624	1
625	1
626	0
627	1
628	0
629	0
630	0
631	0
632	0
633	0
634	0
635	0
636	0
637	0
638	0
639	0
640	0
641	0
642	0
643	0
644	0
645	0
646	0
647	0
648	0
649	0
650	1
651	0
652	1
653	0
654	0
655	0
656	0
657	0
658	1
659	0
660	0
661	0
662	1
663	0
664	0
665	0
666	1
667	0
668	0
669	1
670	1
671	1
672	0
673	1
674	0
675	0
676	1
677	2
678	0
679	0
680	4
681	4
682	16
683	47
684	77
685	100
686	126
687	124
688	119
689	115
690	118
691	107
692	128
693	90
694	134
695	124
696	120
697	122
698	95
699	123
700	145
701	129
702	120
703	136
704	133
705	151
706	136
707	139
708	150
709	146
710	121
711	145
712	120
713	139
714	148
715	149
716	140
717	133
718	149
719	140
720	167
721	125
722	147
723	146
724	140
725	159
726	149
727	156
728	146
729	137
730	152
731	133
732	147
733	156
734	136
735	131
736	127
737	148
738	155
739	132
740	154
741	138
742	146
743	158
744	166
745	170
746	152
747	142
748	155
749	141
750	148
751	149
752	141
753	131
754	147
755	145
756	143
757	164
758	148
759	152
760	145
761	163
762	144
763	140
764	158
765	160
766	156
767	135
768	157
769	146
770	142
771	149
772	159
773	118
774	153
775	138
776	140
777	133
778	159
779	127
780	131
781	143
782	125
783	136
784	159
785	135
786	157
787	147
788	135
789	145
790	141
791	117
792	137
793	139
794	157
795	123
796	156
797	153
798	110
799	140
800	147
801	118
802	111
803	139
804	119
805	133
806	125
807	116
808	109
809	146
810	133
811	138
812	124
813	131
814	113
815	127
816	114
817	129
818	116
819	128
820	125
821	115
822	98
823	120
824	123
825	133
826	118
827	132
828	112
829	124
830	115
831	106
832	113
833	111
834	127
835	111
836	115
837	121
838	118
839	108
840	109
841	97
842	98
843	117
844	102
845	114
846	96
847	126
848	105
849	107
850	111
851	123
852	132
853	114
854	121
855	108
856	116
857	106
858	146
859	121
860	119
861	126
862	140
863	112
864	104
865	121
866	133
867	115
868	146
869	128
870	107
871	150
872	123
873	127
874	134
875	128
876	138
877	126
878	128
879	127
880	124
881	152
882	132
883	156
884	153
885	161
886	138
887	164
888	162
889	140
890	136
891	141
892	158
893	163
894	166
895	161
896	151
897	176
898	164
899	162
900	151
901	169
902	172
903	151
904	170
905	173
906	182
907	161
908	162
909	170
910	160
911	160
912	173
913	174
914	169
915	166
916	194
917	190
918	164
919	181
920	178
921	193
922	184
923	176
924	193
925	169
926	172
927	171
928	182
929	192
930	191
931	178
932	173
933	197
934	173
935	200
936	183
937	206
938	185
939	168
940	176
941	177
942	166
943	188
944	156
945	166
946	192
947	165
948	172
949	165
950	189
951	180
952	182
953	195
954	170
955	167
956	187
957	177
958	188
959	162
960	182
961	179
962	186
963	163
964	187
965	176
966	166
967	171
968	160
969	182
970	168
971	188
972	168
973	160
974	173
975	166
976	152
977	164
978	153
979	154
980	158
981	160
982	162
983	174
984	154
985	157
986	163
987	180
988	180
989	159
990	143
991	167
992	166
993	168
994	160
995	169
996	149
997	135
998	143
999	151
1000	153
1001	133
1002	135
1003	154
1004	173
1005	166
1006	177
1007	156
1008	129
1009	150
1010	156
1011	177
1012	152
1013	185
1014	157
1015	142
1016	146
1017	155
1018	157
1019	139
1020	152
1021	145
1022	169
1023	155
1024	141
1025	129
1026	178
1027	147
1028	161
1029	175
1030	150
1031	150
1032	140
1033	145
1034	157
1035	143
1036	146
1037	167
1038	179
1039	153
1040	173
1041	145
1042	148
1043	150
1044	144
1045	125
1046	163
1047	159
1048	174
1049	149
1050	173
1051	155
1052	185
1053	166
1054	182
1055	183
1056	181
1057	172
1058	181
1059	184
1060	181
1061	169
1062	192
1063	166
1064	166
1065	183
1066	202
1067	204
1068	185
1069	195
1070	166
1071	188
1072	177
1073	181
1074	200
1075	203
1076	208
1077	196
1078	187
1079	241
1080	199
1081	246
1082	214
1083	223
1084	247
1085	231
1086	220
1087	232
1088	218
1089	236
1090	260
1091	256
1092	240
1093	254
1094	259
1095	265
1096	272
1097	242
1098	263
1099	311
1100	283
1101	290
1102	255
1103	294
1104	271
1105	322
1106	307
1107	286
1108	317
1109	322
1110	319
1111	317
1112	357
1113	329
1114	356
1115	373
1116	359
1117	321
1118	357
1119	343
1120	378
1121	375
1122	409
1123	404
1124	375
1125	422
1126	438
1127	378
1128	439
1129	402
1130	505
1131	431
1132	447
1133	485
1134	456
1135	427
1136	503
1137	500
1138	510
1139	492
1140	524
1141	558
1142	507
1143	504
1144	558
1145	548
1146	530
1147	539
1148	624
1149	584
1150	566
1151	604
1152	631
1153	618
1154	600
1155	638
1156	652
1157	689
1158	665
1159	706
1160	653
1161	682
1162	687
1163	748
1164	712
1165	786
1166	719
1167	777
1168	809
1169	754
1170	808
1171	784
1172	764
1173	894
1174	772
1175	790
1176	785
1177	815
1178	874
1179	840
1180	847
1181	863
1182	884
1183	921
1184	909
1185	907
1186	914
1187	980
1188	887
1189	926
1190	934
1191	908
1192	942
1193	960
1194	967
1195	988
1196	912
1197	918
1198	937
1199	989
1200	926
1201	964
1202	1013
1203	954
1204	973
1205	1005
1206	982
1207	1003
1208	1022
1209	993
1210	955
1211	1000
1212	974
1213	990
1214	952
1215	1052
1216	996
1217	947
1218	946
1219	982
1220	983
1221	931
1222	929
1223	923
1224	921
1225	964
1226	856
1227	982
1228	898
1229	927
1230	908
1231	948
1232	930
1233	854
1234	842
1235	892
1236	885
1237	852
1238	844
1239	828
1240	792
1241	856
1242	792
1243	791
1244	771
1245	749
1246	774
1247	720
1248	710
1249	771
1250	738
1251	762
1252	677
1253	665
1254	666
1255	671
1256	660
1257	624
1258	630
1259	603
1260	629
1261	642
1262	624
1263	598
1264	579
1265	532
1266	570
1267	484
1268	535
1269	555
1270	503
1271	514
1272	485
1273	491
1274	469
1275	461
1276	443
1277	414
1278	432
1279	453
1280	443
1281	422
1282	397
1283	382
1284	422
1285	369
1286	398
1287	343
1288	354
1289	310
1290	313
1291	301
1292	307
1293	302
1294	306
1295	293
1296	277
1297	269
1298	256
1299	256
1300	236
1301	254
1302	269
1303	225
1304	222
1305	208
1306	211
1307	190
1308	190
1309	217
1310	194
1311	178
1312	162
1313	179
1314	184
1315	159
1316	174
1317	160
1318	130
1319	168
1320	137
1321	128
1322	151
1323	136
1324	137
1325	140
1326	118
1327	130
1328	92
1329	125
1330	114
1331	115
1332	108
1333	92
1334	114
1335	105
1336	109
1337	97
1338	83
1339	75
1340	88
1341	103
1342	91
1343	93
1344	82
1345	99
1346	66
1347	74
1348	79
1349	75
1350	70
1351	93
1352	72
1353	68
1354	80
1355	62
1356	58
1357	64
1358	68
1359	58
1360	69
1361	71
1362	62
1363	65
1364	82
1365	57
1366	55
1367	68
1368	54
1369	55
1370	59
1371	48
1372	52
1373	57
1374	51
1375	52
1376	67
1377	35
1378	53
1379	56
1380	59
1381	63
1382	60
1383	51
1384	58
1385	51
1386	44
1387	43
1388	60
1389	48
1390	39
1391	51
1392	48
1393	52
1394	47
1395	47
1396	55
1397	52
1398	55
1399	53
1400	49
1401	56
1402	54
1403	53
1404	64
1405	56
1406	50
1407	45
1408	54
1409	45
1410	54
1411	56
1412	54
1413	53
1414	56
1415	37
1416	42
1417	49
1418	40
1419	44
1420	59
1421	59
1422	53
1423	56
1424	49
1425	48
1426	46
1427	58
1428	59
1429	48
1430	60
1431	51
1432	53
1433	50
1434	56
1435	49
1436	59
1437	52
1438	50
1439	45
1440	46
1441	60
1442	66
1443	56
1444	39
1445	47
1446	37
1447	58
1448	44
1449	39
1450	63
1451	58
1452	52
1453	53
1454	53
1455	60
1456	41
1457	53
1458	42
1459	49
1460	48
1461	61
1462	53
1463	55
1464	51
1465	50
1466	44
1467	58
1468	52
1469	46
1470	58
1471	45
1472	46
1473	62
1474	49
1475	56
1476	42
1477	59
1478	42
1479	60
1480	57
1481	56
1482	52
1483	55
1484	65
1485	59
1486	54
1487	63
1488	55
1489	53
1490	51
1491	48
1492	67
1493	57
1494	54
1495	68
1496	61
1497	54
1498	50
1499	65
1500	61
1501	53
1502	54
1503	56
1504	62
1505	54
1506	52
1507	47
1508	49
1509	59
1510	41
1511	45
1512	50
1513	60
1514	51
1515	56
1516	62
1517	70
1518	49
1519	59
1520	55
1521	48
1522	50
1523	69
1524	54
1525	45
1526	52
1527	48
1528	67
1529	63
1530	51
1531	61
1532	66
1533	58
1534	51
1535	57
1536	72
1537	60
1538	71
1539	54
1540	47
1541	65
1542	56
1543	59
1544	53
1545	71
1546	65
1547	40
1548	65
1549	52
1550	53
1551	60
1552	41
1553	47
1554	71
1555	44
1556	51
1557	55
1558	76
1559	70
1560	63
1561	54
1562	61
1563	46
1564	60
1565	51
1566	71
1567	61
1568	62
1569	63
1570	49
1571	52
1572	68
1573	51
1574	66
1575	70
1576	58
1577	60
1578	73
1579	52
1580	58
1581	58
1582	60
1583	38
1584	61
1585	50
1586	50
1587	78
1588	65
1589	55
1590	63
1591	75
1592	69
1593	58
1594	50
1595	76
1596	53
1597	83
1598	57
1599	55
1600	55
1601	67
1602	60
1603	75
1604	75
1605	76
1606	83
1607	77
1608	59
1609	63
1610	66
1611	66
1612	58
1613	72
1614	73
1615	65
1616	77
1617	67
1618	68
1619	86
1620	68
1621	79
1622	74
1623	73
1624	56
1625	64
1626	63
1627	80
1628	64
1629	63
1630	89
1631	83
1632	61
1633	89
1634	72
1635	86
1636	81
1637	84
1638	78
1639	86
1640	84
1641	69
1642	91
1643	90
1644	100
1645	81
1646	68
1647	87
1648	93
1649	93
1650	88
1651	85
1652	93
1653	82
1654	61
1655	99
1656	74
1657	85
1658	93
1659	104
1660	87
1661	92
1662	95
1663	99
1664	102
1665	103
1666	104
1667	94
1668	110
1669	99
1670	88
1671	89
1672	98
1673	98
1674	107
1675	87
1676	98
1677	112
1678	110
1679	103
1680	96
1681	104
1682	102
1683	101
1684	106
1685	99
1686	108
1687	105
1688	74
1689	108
1690	113
1691	103
1692	107
1693	87
1694	98
1695	104
1696	98
1697	97
1698	101
1699	121
1700	96
1701	100
1702	90
1703	105
1704	94
1705	100
1706	100
1707	118
1708	94
1709	107
1710	106
1711	95
1712	90
1713	128
1714	109
1715	135
1716	97
1717	106
1718	103
1719	97
1720	117
1721	115
1722	125
1723	88
1724	122
1725	109
1726	114
1727	102
1728	113
1729	107
1730	109
1731	104
1732	119
1733	116
1734	106
1735	113
1736	130
1737	94
1738	120
1739	130
1740	111
1741	97
1742	99
1743	103
1744	97
1745	100
1746	113
1747	117
1748	116
1749	101
1750	109
1751	117
1752	104
1753	112
1754	107
1755	78
1756	102
1757	98
1758	97
1759	129
1760	107
1761	83
1762	91
1763	97
1764	88
1765	105
1766	92
1767	92
1768	98
1769	96
1770	102
1771	88
1772	74
1773	87
1774	98
1775	94
1776	92
1777	96
1778	96
1779	92
1780	90
1781	66
1782	72
1783	79
1784	81
1785	95
1786	86
1787	89
1788	79
1789	93
1790	105
1791	93
1792	77
1793	71
1794	96
1795	93
1796	71
1797	82
1798	72
1799	76
1800	93
1801	78
1802	79
1803	77
1804	89
1805	91
1806	80
1807	74
1808	73
1809	84
1810	86
1811	83
1812	65
1813	63
1814	68
1815	72
1816	76
1817	75
1818	58
1819	67
1820	59
1821	74
1822	70
1823	65
1824	54
1825	73
1826	77
1827	68
1828	78
1829	68
1830	62
1831	57
1832	71
1833	70
1834	58
1835	63
1836	70
1837	57
1838	65
1839	60
1840	69
1841	53
1842	58
1843	59
1844	67
1845	63
1846	71
1847	52
1848	50
1849	57
1850	57
1851	56
1852	49
1853	56
1854	62
1855	59
1856	68
1857	66
1858	56
1859	54
1860	46
1861	66
1862	56
1863	68
1864	48
1865	60
1866	59
1867	44
1868	57
1869	60
1870	70
1871	70
1872	53
1873	47
1874	58
1875	56
1876	65
1877	62
1878	66
1879	54
1880	51
1881	50
1882	48
1883	53
1884	55
1885	43
1886	51
1887	60
1888	55
1889	55
1890	52
1891	48
1892	44
1893	54
1894	50
1895	38
1896	59
1897	39
1898	49
1899	44
1900	38
1901	48
1902	52
1903	47
1904	47
1905	40
1906	58
1907	48
1908	45
1909	48
1910	45
1911	60
1912	46
1913	65
1914	66
1915	38
1916	47
1917	46
1918	40
1919	43
1920	38
1921	59
1922	49
1923	65
1924	39
1925	46
1926	52
1927	39
1928	59
1929	50
1930	45
1931	43
1932	47
1933	63
1934	51
1935	57
1936	47
1937	48
1938	38
1939	56
1940	59
1941	57
1942	40
1943	31
1944	57
1945	56
1946	50
1947	56
1948	49
1949	42
1950	57
1951	46
1952	68
1953	66
1954	49
1955	41
1956	60
1957	58
1958	53
1959	52
1960	59
1961	52
1962	60
1963	62
1964	57
1965	41
1966	46
1967	65
1968	42
1969	50
1970	46
1971	56
1972	50
1973	57
1974	45
1975	63
1976	58
1977	58
1978	44
1979	50
1980	58
1981	52
1982	66
1983	57
1984	49
1985	58
1986	56
1987	54
1988	53
1989	55
1990	63
1991	46
1992	41
1993	53
1994	52
1995	39
1996	50
1997	57
1998	50
1999	47
2000	49
2001	54
2002	64
2003	59
2004	59
2005	44
2006	70
2007	53
2008	38
2009	55
2010	60
2011	48
2012	62
2013	54
2014	61
2015	56
2016	63
2017	60
2018	60
2019	64
2020	54
2021	64
2022	61
2023	63
2024	48
2025	57
2026	63
2027	71
2028	55
2029	53
2030	57
2031	48
2032	68
2033	78
2034	58
2035	57
2036	56
2037	58
2038	39
2039	52
2040	61
2041	54
2042	52
2043	65
2044	68
2045	57
2046	71
2047	59
2048	57
2049	51
2050	67
2051	55
2052	69
2053	71
2054	55
2055	75
2056	60
2057	70
2058	51
2059	63
2060	68
2061	55
2062	72
2063	71
2064	54
2065	56
2066	68
2067	81
2068	61
2069	58
2070	73
2071	65
2072	67
2073	72
2074	64
2075	49
2076	56
2077	67
2078	58
2079	64
2080	63
2081	67
2082	69
2083	69
2084	66
2085	59
2086	75
2087	54
2088	69
2089	70
2090	68
2091	79
2092	88
2093	68
2094	75
2095	71
2096	87
2097	55
2098	57
2099	62
2100	66
2101	62
2102	73
2103	63
2104	71
2105	69
2106	63
2107	77
2108	59
2109	73
2110	61
2111	59
2112	55
2113	75
2114	66
2115	81
2116	69
2117	77
2118	58
2119	74
2120	64
2121	71
2122	75
2123	73
2124	77
2125	61
2126	63
2127	75
2128	84
2129	66
2130	57
2131	54
2132	77
2133	59
2134	73
2135	88
2136	82
2137	72
2138	78
2139	63
2140	62
2141	61
2142	75
2143	76
2144	64
2145	55
2146	82
2147	61
2148	73
2149	57
2150	72
2151	70
2152	81
2153	55
2154	87
2155	67
2156	61
2157	59
2158	80
2159	83
2160	74
2161	74
2162	71
2163	77
2164	67
2165	81
2166	72
2167	65
2168	68
2169	81
2170	69
2171	82
2172	74
2173	86
2174	74
2175	75
2176	81
2177	75
2178	69
2179	76
2180	80
2181	73
2182	65
2183	82
2184	82
2185	89
2186	72
2187	83
2188	81
2189	77
2190	71
2191	92
2192	90
2193	96
2194	83
2195	83
2196	106
2197	84
2198	66
2199	81
2200	66
2201	65
2202	84
2203	68
2204	77
2205	66
2206	77
2207	81
2208	60
2209	64
2210	77
2211	83
2212	86
2213	82
2214	76
2215	72
2216	68
2217	73
2218	68
2219	77
2220	74
2221	78
2222	77
2223	74
2224	88
2225	100
2226	58
2227	89
2228	81
2229	78
2230	57
2231	83
2232	65
2233	80
2234	81
2235	79
2236	87
2237	80
2238	61
2239	95
2240	92
2241	91
2242	63
2243	83
2244	86
2245	80
2246	93
2247	70
2248	69
2249	77
2250	81
2251	74
2252	78
2253	90
2254	67
2255	91
2256	76
2257	79
2258	70
2259	85
2260	88
2261	85
2262	76
2263	85
2264	84
2265	71
2266	97
2267	87
2268	77
2269	76
2270	79
2271	65
2272	89
2273	79
2274	86
2275	92
2276	75
2277	84
2278	83
2279	73
2280	87
2281	78
2282	72
2283	80
2284	88
2285	86
2286	88
2287	77
2288	75
2289	105
2290	70
2291	86
2292	88
2293	102
2294	75
2295	87
2296	82
2297	85
2298	76
2299	74
2300	78
2301	94
2302	89
2303	84
2304	93
2305	90
2306	102
2307	84
2308	79
2309	98
2310	82
2311	91
2312	78
2313	90
2314	94
2315	66
2316	80
2317	79
2318	69
2319	85
2320	89
2321	82
2322	73
2323	75
2324	85
2325	75
2326	76
2327	83
2328	72
2329	77
2330	80
2331	72
2332	79
2333	90
2334	76
2335	72
2336	86
2337	76
2338	64
2339	78
2340	73
2341	73
2342	88
2343	77
2344	88
2345	88
2346	89
2347	69
2348	66
2349	88
2350	83
2351	89
2352	62
2353	67
2354	100
2355	64
2356	77
2357	81
2358	81
2359	88
2360	80
2361	74
2362	67
2363	100
2364	96
2365	64
2366	80
2367	79
2368	79
2369	70
2370	78
2371	77
2372	68
2373	74
2374	85
2375	70
2376	78
2377	76
2378	77
2379	76
2380	85
2381	72
2382	76
2383	67
2384	82
2385	75
2386	82
2387	87
2388	73
2389	86
2390	81
2391	72
2392	75
2393	71
2394	80
2395	96
2396	72
2397	66
2398	83
2399	85
2400	71
2401	83
2402	69
2403	78
2404	77
2405	75
2406	84
2407	66
2408	74
2409	70
2410	67
2411	71
2412	78
2413	61
2414	71
2415	79
2416	80
2417	59
2418	85
2419	75
2420	78
2421	85
2422	57
2423	84
2424	69
2425	66
2426	80
2427	71
2428	74
2429	73
2430	63
2431	76
2432	77
2433	68
2434	72
2435	68
2436	75
2437	82
2438	69
2439	68
2440	70
2441	90
2442	74
2443	68
2444	76
2445	77
2446	77
2447	72
2448	78
2449	76
2450	74
2451	66
2452	61
2453	67
2454	54
2455	85
2456	62
2457	72
2458	64
2459	70
2460	81
2461	57
2462	75
2463	64
2464	62
2465	82
2466	52
2467	77
2468	77
2469	55
2470	62
2471	64
2472	76
2473	64
2474	75
2475	67
2476	73
2477	74
2478	68
2479	47
2480	61
2481	61
2482	65
2483	72
2484	66
2485	59
2486	79
2487	71
2488	61
2489	69
2490	47
2491	51
2492	68
2493	70
2494	56
2495	65
2496	58
2497	59
2498	64
2499	61
2500	71
2501	63
2502	64
2503	65
2504	62
2505	72
2506	68
2507	71
2508	72
2509	71
2510	77
2511	77
2512	63
2513	65
2514	69
2515	62
2516	60
2517	52
2518	80
2519	73
2520	52
2521	71
2522	57
2523	57
2524	63
2525	56
2526	66
2527	77
2528	65
2529	76
2530	60
2531	72
2532	54
2533	49
2534	67
2535	54
2536	56
2537	63
2538	61
2539	49
2540	62
2541	68
2542	54
2543	60
2544	51
2545	70
2546	49
2547	57
2548	43
2549	60
2550	62
2551	72
2552	61
2553	58
2554	48
2555	71
2556	69
2557	56
2558	53
2559	56
2560	51
2561	81
2562	57
2563	52
2564	57
2565	59
2566	45
2567	56
2568	57
2569	67
2570	69
2571	81
2572	57
2573	60
2574	52
2575	63
2576	51
2577	63
2578	48
2579	66
2580	70
2581	53
2582	44
2583	55
2584	66
2585	58
2586	67
2587	67
2588	58
2589	56
2590	54
2591	52
2592	57
2593	49
2594	52
2595	67
2596	61
2597	49
2598	47
2599	46
2600	47
2601	52
2602	42
2603	51
2604	44
2605	48
2606	50
2607	56
2608	51
2609	54
2610	42
2611	56
2612	45
2613	62
2614	58
2615	41
2616	48
2617	46
2618	60
2619	53
2620	64
2621	75
2622	57
2623	51
2624	39
2625	57
2626	62
2627	40
2628	47
2629	53
2630	52
2631	58
2632	48
2633	68
2634	51
2635	77
2636	34
2637	62
2638	36
2639	52
2640	47
2641	53
2642	44
2643	57
2644	66
2645	52
2646	51
2647	45
2648	63
2649	41
2650	49
2651	49
2652	62
2653	69
2654	67
2655	50
2656	52
2657	46
2658	46
2659	57
2660	48
2661	52
2662	47
2663	48
2664	50
2665	38
2666	54
2667	43
2668	46
2669	59
2670	52
2671	41
2672	52
2673	59
2674	47
2675	49
2676	52
2677	52
2678	49
2679	48
2680	50
2681	44
2682	60
2683	54
2684	43
2685	50
2686	59
2687	49
2688	56
2689	51
2690	58
2691	46
2692	43
2693	55
2694	58
2695	41
2696	54
2697	64
2698	57
2699	46
2700	49
2701	54
2702	41
2703	59
2704	61
2705	59
2706	70
2707	53
2708	56
2709	49
2710	41
2711	47
2712	53
2713	61
2714	54
2715	57
2716	38
2717	43
2718	69
2719	56
2720	52
2721	50
2722	48
2723	44
2724	54
2725	38
2726	40
2727	43
2728	55
2729	61
2730	48
2731	52
2732	46
2733	58
2734	39
2735	52
2736	38
2737	53
2738	50
2739	47
2740	54
2741	39
2742	49
2743	53
2744	49
2745	54
2746	45
2747	55
2748	43
2749	45
2750	48
2751	58
2752	51
2753	50
2754	54
2755	45
2756	45
2757	52
2758	44
2759	34
2760	51
2761	50
2762	52
2763	52
2764	45
2765	40
2766	50
2767	39
2768	56
2769	48
2770	43
2771	45
2772	49
2773	53
2774	43
2775	43
2776	52
2777	47
2778	62
2779	52
2780	48
2781	42
2782	34
2783	60
2784	56
2785	52
2786	56
2787	49
2788	52
2789	49
2790	59
2791	42
2792	47
2793	59
2794	54
2795	51
2796	41
2797	49
2798	48
2799	38
2800	39
2801	51
2802	42
2803	46
2804	43
2805	43
2806	50
2807	47
2808	42
2809	59
2810	58
2811	44
2812	51
2813	62
2814	49
2815	47
2816	51
2817	30
2818	51
2819	40
2820	47
2821	53
2822	49
2823	49
2824	42
2825	56
2826	44
2827	51
2828	56
2829	40
2830	44
2831	38
2832	44
2833	48
2834	51
2835	38
2836	42
2837	46
2838	43
2839	37
2840	41
2841	38
2842	57
2843	61
2844	46
2845	41
2846	45
2847	52
2848	49
2849	40
2850	49
2851	48
2852	60
2853	41
2854	46
2855	38
2856	50
2857	42
2858	41
2859	40
2860	40
2861	42
2862	44
2863	39
2864	39
2865	54
2866	54
2867	40
2868	46
2869	46
2870	35
2871	48
2872	49
2873	36
2874	36
2875	34
2876	42
2877	51
2878	45
2879	30
2880	30
2881	43
2882	30
2883	48
2884	41
2885	53
2886	43
2887	46
2888	44
2889	29
2890	41
2891	46
2892	51
2893	46
2894	51
2895	47
2896	52
2897	44
2898	38
2899	43
2900	27
2901	41
2902	37
2903	44
2904	47
2905	44
2906	42
2907	41
2908	39
2909	46
2910	41
2911	38
2912	43
2913	44
2914	37
2915	45
2916	39
2917	30
2918	45
2919	39
2920	55
2921	54
2922	40
2923	39
2924	35
2925	40
2926	51
2927	37
2928	38
2929	49
2930	46
2931	45
2932	36
2933	45
2934	35
2935	29
2936	41
2937	48
2938	45
2939	30
2940	55
2941	38
2942	42
2943	43
2944	40
2945	32
2946	51
2947	52
2948	35
2949	48
2950	38
2951	44
2952	46
2953	43
2954	37
2955	54
2956	43
2957	42
2958	28
2959	32
2960	41
2961	29
2962	40
2963	37
2964	46
2965	40
2966	37
2967	35
2968	56
2969	47
2970	37
2971	37
2972	46
2973	33
2974	36
2975	31
2976	40
2977	42
2978	36
2979	43
2980	34
2981	31
2982	37
2983	38
2984	46
2985	29
2986	32
2987	41
2988	38
2989	31
2990	39
2991	42
2992	59
2993	33
2994	39
2995	48
2996	38
2997	25
2998	28
2999	36
3000	27
3001	27
3002	35
3003	32
3004	28
3005	32
3006	27
3007	40
3008	36
3009	34
3010	39
3011	28
3012	36
3013	41
3014	38
3015	40
3016	19
3017	43
3018	34
3019	34
3020	31
3021	34
3022	26
3023	33
3024	31
3025	44
3026	33
3027	23
3028	37
3029	23
3030	35
3031	43
3032	48
3033	24
3034	42
3035	28
3036	37
3037	29
3038	38
3039	35
3040	33
3041	38
3042	34
3043	32
3044	37
3045	30
3046	52
3047	34
3048	36
3049	32
3050	19
3051	35
3052	30
3053	27
3054	38
3055	25
3056	42
3057	44
3058	38
3059	34
3060	31
3061	38
3062	28
3063	25
3064	29
3065	28
3066	30
3067	31
3068	32
3069	29
3070	26
3071	29
3072	46
3073	31
3074	36
3075	25
3076	42
3077	34
3078	37
3079	35
3080	36
3081	30
3082	42
3083	36
3084	31
3085	40
3086	33
3087	34
3088	35
3089	39
3090	27
3091	35
3092	36
3093	31
3094	36
3095	24
3096	35
3097	29
3098	35
3099	32
3100	48
3101	42
3102	32
3103	28
3104	36
3105	31
3106	24
3107	33
3108	31
3109	19
3110	36
3111	29
3112	25
3113	41
3114	25
3115	27
3116	35
3117	39
3118	46
3119	37
3120	16
3121	30
3122	29
3123	28
3124	38
3125	37
3126	29
3127	30
3128	36
3129	42
3130	29
3131	30
3132	37
3133	28
3134	33
3135	36
3136	32
3137	42
3138	34
3139	28
3140	28
3141	23
3142	35
3143	27
3144	33
3145	27
3146	34
3147	37
3148	36
3149	27
3150	16
3151	26
3152	32
3153	29
3154	30
3155	33
3156	39
3157	37
3158	33
3159	32
3160	35
3161	39
3162	23
3163	24
3164	25
3165	31
3166	29
3167	40
3168	27
3169	36
3170	45
3171	33
3172	34
3173	34
3174	26
3175	23
3176	23
3177	26
3178	31
3179	32
3180	40
3181	39
3182	38
3183	29
3184	31
3185	36
3186	39
3187	36
3188	39
3189	30
3190	33
3191	32
3192	29
3193	26
3194	34
3195	36
3196	28
3197	31
3198	30
3199	26
3200	24
3201	28
3202	28
3203	25
3204	31
3205	29
3206	33
3207	29
3208	34
3209	32
3210	30
3211	32
3212	35
3213	19
3214	25
3215	32
3216	39
3217	30
3218	31
3219	32
3220	35
3221	26
3222	35
3223	25
3224	31
3225	39
3226	27
3227	24
3228	36
3229	37
3230	25
3231	38
3232	32
3233	30
3234	30
3235	26
3236	20
3237	28
3238	23
3239	32
3240	27
3241	39
3242	26
3243	33
3244	30
3245	28
3246	28
3247	26
3248	24
3249	25
3250	26
3251	29
3252	25
3253	35
3254	36
3255	27
3256	27
3257	26
3258	36
3259	32
3260	39
3261	19
3262	17
3263	25
3264	28
3265	24
3266	24
3267	32
3268	34
3269	31
3270	31
3271	37
3272	31
3273	28
3274	22
3275	34
3276	18
3277	28
3278	30
3279	29
3280	35
3281	33
3282	30
3283	30
3284	21
3285	26
3286	36
3287	30
3288	35
3289	35
3290	27
3291	30
3292	31
3293	20
3294	42
3295	28
3296	18
3297	31
3298	35
3299	27
3300	33
3301	35
3302	23
3303	28
3304	24
3305	28
3306	38
3307	32
3308	32
3309	35
3310	26
3311	21
3312	33
3313	32
3314	23
3315	38
3316	37
3317	33
3318	31
3319	35
3320	29
3321	26
3322	27
3323	30
3324	26
3325	34
3326	27
3327	32
3328	29
3329	22
3330	30
3331	29
3332	25
3333	31
3334	33
3335	32
3336	20
3337	32
3338	27
3339	31
3340	31
3341	20
3342	28
3343	29
3344	33
3345	28
3346	31
3347	35
3348	22
3349	29
3350	27
3351	27
3352	14
3353	25
3354	29
3355	31
3356	28
3357	38
3358	27
3359	33
3360	28
3361	31
3362	33
3363	32
3364	25
3365	23
3366	21
3367	22
3368	30
3369	25
3370	21
3371	28
3372	38
3373	14
3374	27
3375	30
3376	35
3377	34
3378	32
3379	34
3380	27
3381	25
3382	21
3383	38
3384	37
3385	29
3386	23
3387	23
3388	25
3389	27
3390	27
3391	23
3392	22
3393	19
3394	28
3395	22
3396	28
3397	24
3398	28
3399	33
3400	29
3401	25
3402	25
3403	28
3404	22
3405	20
3406	32
3407	29
3408	33
3409	22
3410	28
3411	16
3412	21
3413	27
3414	30
3415	22
3416	23
3417	30
3418	23
3419	30
3420	19
3421	27
3422	32
3423	27
3424	28
3425	24
3426	33
3427	20
3428	24
3429	23
3430	22
3431	17
3432	25
3433	26
3434	21
3435	22
3436	22
3437	20
3438	20
3439	29
3440	25
3441	28
3442	25
3443	32
3444	29
3445	29
3446	22
3447	28
3448	21
3449	22
3450	31
3451	22
3452	24
3453	17
3454	23
3455	29
3456	27
3457	25
3458	18
3459	22
3460	23
3461	23
3462	26
3463	30
3464	28
3465	21
3466	17
3467	28
3468	31
3469	24
3470	21
3471	26
3472	35
3473	30
3474	23
3475	18
3476	21
3477	23
3478	29
3479	17
3480	19
3481	29
3482	28
3483	11
3484	22
3485	24
3486	22
3487	29
3488	29
3489	30
3490	23
3491	20
3492	22
3493	18
3494	22
3495	26
3496	26
3497	27
3498	17
3499	19
3500	26
3501	29
3502	23
3503	17
3504	36
3505	25
3506	23
3507	27
3508	26
3509	25
3510	20
3511	25
3512	26
3513	33
3514	23
3515	25
3516	18
3517	19
3518	27
3519	24
3520	22
3521	23
3522	22
3523	26
3524	19
3525	23
3526	28
3527	27
3528	24
3529	25
3530	27
3531	17
3532	21
3533	23
3534	18
3535	24
3536	16
3537	25
3538	26
3539	27
3540	33
3541	40
3542	10
3543	15
3544	26
3545	24
3546	26
3547	24
3548	19
3549	24
3550	22
3551	23
3552	26
3553	20
3554	19
3555	27
3556	27
3557	23
3558	15
3559	33
3560	21
3561	11
3562	21
3563	17
3564	24
3565	32
3566	16
3567	28
3568	23
3569	11
3570	24
3571	33
3572	31
3573	22
3574	19
3575	28
3576	19
3577	24
3578	13
3579	28
3580	17
3581	15
3582	22
3583	20
3584	23
3585	30
3586	20
3587	25
3588	27
3589	20
3590	26
3591	25
3592	23
3593	27
3594	22
3595	20
3596	29
3597	27
3598	17
3599	28
3600	26
3601	15
3602	30
3603	18
3604	29
3605	17
3606	19
3607	23
3608	21
3609	22
3610	26
3611	19
3612	22
3613	22
3614	20
3615	18
3616	18
3617	20
3618	27
3619	21
3620	18
3621	26
3622	26
3623	19
3624	19
3625	24
3626	19
3627	18
3628	20
3629	24
3630	18
3631	17
3632	17
3633	19
3634	14
3635	19
3636	23
3637	27
3638	19
3639	15
3640	24
3641	25
3642	28
3643	14
3644	17
3645	23
3646	17
3647	18
3648	21
3649	26
3650	17
3651	23
3652	21
3653	19
3654	21
3655	27
3656	23
3657	23
3658	27
3659	18
3660	26
3661	25
3662	18
3663	26
3664	19
3665	24
3666	22
3667	24
3668	11
3669	11
3670	21
3671	18
3672	22
3673	17
3674	19
3675	27
3676	26
3677	27
3678	18
3679	15
3680	20
3681	18
3682	28
3683	27
3684	20
3685	25
3686	21
3687	23
3688	25
3689	19
3690	24
3691	24
3692	21
3693	20
3694	24
3695	22
3696	28
3697	21
3698	22
3699	14
3700	19
3701	19
3702	27
3703	19
3704	23
3705	19
3706	26
3707	21
3708	27
3709	25
3710	18
3711	22
3712	24
3713	23
3714	24
3715	23
3716	20
3717	20
3718	28
3719	18
3720	21
3721	23
3722	24
3723	11
3724	23
3725	18
3726	25
3727	28
3728	29
3729	27
3730	26
3731	31
3732	22
3733	24
3734	16
3735	20
3736	23
3737	25
3738	27
3739	32
3740	32
3741	22
3742	21
3743	22
3744	23
3745	14
3746	29
3747	33
3748	29
3749	22
3750	22
3751	24
3752	27
3753	30
3754	27
3755	21
3756	21
3757	20
3758	24
3759	26
3760	27
3761	18
3762	26
3763	19
3764	26
3765	23
3766	22
3767	24
3768	30
3769	19
3770	23
3771	18
3772	30
3773	19
3774	28
3775	29
3776	25
3777	29
3778	25
3779	23
3780	18
3781	32
3782	37
3783	29
3784	30
3785	23
3786	25
3787	25
3788	23
3789	28
3790	31
3791	27
3792	30
3793	38
3794	32
3795	26
3796	34
3797	28
3798	31
3799	26
3800	19
3801	29
3802	30
3803	22
3804	16
3805	32
3806	21
3807	29
3808	28
3809	40
3810	40
3811	36
3812	35
3813	30
3814	29
3815	22
3816	24
3817	41
3818	34
3819	31
3820	36
3821	35
3822	23
3823	41
3824	24
3825	38
3826	21
3827	41
3828	33
3829	39
3830	45
3831	38
3832	41
3833	32
3834	42
3835	41
3836	31
3837	35
3838	36
3839	31
3840	36
3841	30
3842	36
3843	29
3844	32
3845	32
3846	30
3847	42
3848	33
3849	31
3850	29
3851	28
3852	47
3853	35
3854	40
3855	35
3856	32
3857	29
3858	40
3859	41
3860	33
3861	28
3862	45
3863	40
3864	40
3865	40
3866	40
3867	38
3868	34
3869	37
3870	35
3871	34
3872	36
3873	39
3874	44
3875	41
3876	39
3877	42
3878	38
3879	39
3880	49
3881	45
3882	39
3883	48
3884	29
3885	36
3886	43
3887	35
3888	45
3889	40
3890	43
3891	51
3892	50
3893	44
3894	50
3895	45
3896	32
3897	46
3898	28
3899	51
3900	46
3901	50
3902	38
3903	46
3904	40
3905	49
3906	44
3907	43
3908	35
3909	50
3910	47
3911	47
3912	54
3913	34
3914	41
3915	49
3916	45
3917	39
3918	34
3919	42
3920	51
3921	44
3922	56
3923	45
3924	53
3925	47
3926	50
3927	56
3928	50
3929	43
3930	51
3931	47
3932	46
3933	49
3934	41
3935	41
3936	48
3937	50
3938	47
3939	48
3940	39
3941	65
3942	41
3943	44
3944	58
3945	54
3946	58
3947	59
3948	57
3949	60
3950	55
3951	56
3952	58
3953	64
3954	48
3955	35
3956	48
3957	41
3958	50
3959	57
3960	59
3961	50
3962	50
3963	61
3964	50
3965	59
3966	42
3967	39
3968	46
3969	59
3970	61
3971	65
3972	50
3973	41
3974	60
3975	40
3976	53
3977	56
3978	52
3979	54
3980	63
3981	78
3982	48
3983	65
3984	47
3985	52
3986	55
3987	63
3988	52
3989	55
3990	56
3991	60
3992	65
3993	57
3994	47
3995	62
3996	42
3997	53
3998	61
3999	65
4000	58
4001	52
4002	51
4003	58
4004	53
4005	59
4006	55
4007	62
4008	57
4009	58
4010	53
4011	50
4012	46
4013	54
4014	67
4015	70
4016	54
4017	62
4018	62
4019	50
4020	61
4021	71
4022	52
4023	57
4024	57
4025	53
4026	64
4027	58
4028	50
4029	62
4030	56
4031	51
4032	49
4033	59
4034	71
4035	53
4036	48
4037	45
4038	47
4039	63
4040	57
4041	72
4042	45
4043	59
4044	61
4045	61
4046	75
4047	60
4048	66
4049	63
4050	57
4051	58
4052	73
4053	66
4054	59
4055	71
4056	54
4057	56
4058	54
4059	64
4060	59
4061	61
4062	78
4063	66
4064	57
4065	48
4066	55
4067	62
4068	56
4069	50
4070	48
4071	77
4072	50
4073	45
4074	82
4075	61
4076	72
4077	61
4078	61
4079	66
4080	63
4081	57
4082	56
4083	54
4084	61
4085	56
4086	57
4087	62
4088	62
4089	76
4090	72
4091	58
4092	61
4093	56
4094	56
4095	74
4096	64
4097	53
4098	74
4099	64
4100	41
4101	60
4102	54
4103	57
4104	59
4105	57
4106	62
4107	62
4108	76
4109	66
4110	67
4111	61
4112	65
4113	51
4114	66
4115	60
4116	62
4117	78
4118	74
4119	79
4120	54
4121	57
4122	65
4123	71
4124	63
4125	49
4126	62
4127	74
4128	70
4129	72
4130	70
4131	68
4132	59
4133	75
4134	68
4135	67
4136	59
4137	65
4138	72
4139	80
4140	72
4141	60
4142	68
4143	74
4144	64
4145	50
4146	68
4147	61
4148	62
4149	53
4150	58
4151	72
4152	71
4153	57
4154	63
4155	72
4156	54
4157	55
4158	49
4159	75
4160	64
4161	58
4162	59
4163	66
4164	63
4165	69
4166	63
4167	64
4168	83
4169	80
4170	66
4171	60
4172	66
4173	85
4174	65
4175	69
4176	78
4177	65
4178	65
4179	63
4180	55
4181	64
4182	62
4183	54
4184	70
4185	70
4186	71
4187	68
4188	58
4189	61
4190	76
4191	71
4192	90
4193	63
4194	56
4195	56
4196	62
4197	74
4198	83
4199	73
4200	81
4201	82
4202	79
4203	75
4204	71
4205	73
4206	60
4207	71
4208	72
4209	62
4210	58
4211	80
4212	72
4213	78
4214	68
4215	80
4216	67
4217	60
4218	81
4219	66
4220	67
4221	65
4222	83
4223	81
4224	74
4225	78
4226	53
4227	70
4228	80
4229	83
4230	81
4231	84
4232	73
4233	87
4234	68
4235	77
4236	84
4237	67
4238	98
4239	83
4240	91
4241	84
4242	79
4243	75
4244	89
4245	78
4246	72
4247	82
4248	71
4249	74
4250	66
4251	70
4252	80
4253	83
4254	74
4255	95
4256	84
4257	83
4258	62
4259	72
4260	95
4261	70
4262	82
4263	95
4264	80
4265	71
4266	93
4267	88
4268	92
4269	87
4270	77
4271	77
4272	67
4273	89
4274	97
4275	81
4276	79
4277	74
4278	83
4279	88
4280	90
4281	76
4282	69
4283	80
4284	85
4285	79
4286	86
4287	100
4288	104
4289	83
4290	87
4291	93
4292	98
4293	73
4294	92
4295	77
4296	99
4297	82
4298	91
4299	109
4300	104
4301	105
4302	69
4303	75
4304	94
4305	92
4306	85
4307	102
4308	89
4309	111
4310	80
4311	86
4312	97
4313	98
4314	104
4315	104
4316	99
4317	104
4318	92
4319	95
4320	108
4321	96
4322	98
4323	86
4324	103
4325	99
4326	89
4327	105
4328	101
4329	119
4330	102
4331	112
4332	93
4333	87
4334	113
4335	91
4336	95
4337	79
4338	97
4339	107
4340	117
4341	107
4342	90
4343	118
4344	96
4345	117
4346	112
4347	131
4348	117
4349	87
4350	101
4351	95
4352	109
4353	106
4354	103
4355	98
4356	91
4357	95
4358	114
4359	126
4360	124
4361	98
4362	100
4363	98
4364	106
4365	97
4366	118
4367	125
4368	108
4369	107
4370	119
4371	107
4372	102
4373	87
4374	105
4375	111
4376	102
4377	104
4378	107
4379	97
4380	114
4381	116
4382	115
4383	98
4384	131
4385	110
4386	107
4387	113
4388	111
4389	99
4390	111
4391	92
4392	107
4393	122
4394	111
4395	108
4396	89
4397	95
4398	132
4399	102
4400	104
4401	120
4402	106
4403	114
4404	104
4405	105
4406	113
4407	118
4408	96
4409	109
4410	88
4411	134
4412	134
4413	118
4414	99
4415	105
4416	101
4417	99
4418	112
4419	104
4420	106
4421	116
4422	105
4423	118
4424	128
4425	118
4426	111
4427	109
4428	125
4429	100
4430	114
4431	100
4432	108
4433	115
4434	126
4435	108
4436	112
4437	109
4438	130
4439	100
4440	114
4441	125
4442	95
4443	144
4444	92
4445	116
4446	123
4447	110
4448	110
4449	90
4450	108
4451	123
4452	101
4453	107
4454	98
4455	94
4456	102
4457	100
4458	113
4459	122
4460	93
4461	115
4462	104
4463	116
4464	109
4465	110
4466	92
4467	93
4468	121
4469	115
4470	118
4471	109
4472	120
4473	91
4474	117
4475	108
4476	100
4477	123
4478	114
4479	106
4480	95
4481	105
4482	110
4483	114
4484	117
4485	100
4486	93
4487	115
4488	106
4489	120
4490	97
4491	86
4492	104
4493	106
4494	93
4495	94
4496	93
4497	104
4498	105
4499	116
4500	113
4501	98
4502	110
4503	95
4504	116
4505	85
4506	104
4507	102
4508	96
4509	86
4510	102
4511	105
4512	92
4513	96
4514	110
4515	81
4516	92
4517	94
4518	112
4519	126
4520	102
4521	97
4522	100
4523	98
4524	97
4525	110
4526	96
4527	106
4528	101
4529	94
4530	123
4531	99
4532	87
4533	104
4534	87
4535	90
4536	101
4537	94
4538	93
4539	106
4540	102
4541	99
4542	91
4543	89
4544	96
4545	82
4546	80
4547	82
4548	97
4549	110
4550	85
4551	89
4552	77
4553	91
4554	99
4555	105
4556	95
4557	86
4558	87
4559	94
4560	74
4561	94
4562	94
4563	82
4564	88
4565	102
4566	78
4567	94
4568	68
4569	104
4570	103
4571	81
4572	110
4573	82
4574	83
4575	74
4576	94
4577	79
4578	85
4579	74
4580	73
4581	78
4582	65
4583	85
4584	79
4585	82
4586	90
4587	80
4588	86
4589	79
4590	70
4591	83
4592	74
4593	85
4594	86
4595	90
4596	85
4597	85
4598	75
4599	73
4600	87
4601	63
4602	60
4603	75
4604	60
4605	67
4606	78
4607	73
4608	63
4609	52
4610	74
4611	73
4612	54
4613	70
4614	64
4615	71
4616	78
4617	79
4618	65
4619	82
4620	65
4621	76
4622	71
4623	59
4624	68
4625	66
4626	62
4627	69
4628	63
4629	53
4630	74
4631	52
4632	58
4633	56
4634	60
4635	54
4636	50
4637	73
4638	63
4639	54
4640	55
4641	76
4642	68
4643	50
4644	57
4645	51
4646	55
4647	65
4648	66
4649	68
4650	51
4651	57
4652	71
4653	48
4654	67
4655	63
4656	68
4657	52
4658	66
4659	60
4660	52
4661	58
4662	46
4663	54
4664	54
4665	72
4666	45
4667	56
4668	55
4669	47
4670	46
4671	61
4672	76
4673	71
4674	55
4675	59
4676	58
4677	47
4678	45
4679	52
4680	66
4681	47
4682	57
4683	51
4684	49
4685	54
4686	58
4687	49
4688	47
4689	45
4690	53
4691	52
4692	39
4693	49
4694	51
4695	48
4696	52
4697	48
4698	45
4699	52
4700	37
4701	43
4702	39
4703	45
4704	60
4705	46
4706	47
4707	45
4708	53
4709	47
4710	49
4711	40
4712	38
4713	48
4714	46
4715	48
4716	45
4717	48
4718	42
4719	48
4720	37
4721	47
4722	40
4723	49
4724	35
4725	48
4726	55
4727	36
4728	37
4729	37
4730	54
4731	51
4732	43
4733	42
4734	43
4735	34
4736	35
4737	42
4738	54
4739	49
4740	47
4741	39
4742	37
4743	30
4744	46
4745	42
4746	33
4747	35
4748	48
4749	46
4750	44
4751	53
4752	34
4753	39
4754	45
4755	48
4756	45
4757	34
4758	39
4759	32
4760	50
4761	40
4762	43
4763	43
4764	37
4765	41
4766	52
4767	45
4768	45
4769	39
4770	34
4771	54
4772	52
4773	46
4774	38
4775	40
4776	46
4777	58
4778	52
4779	45
4780	31
4781	48
4782	33
4783	34
4784	38
4785	48
4786	46
4787	45
4788	42
4789	43
4790	42
4791	52
4792	40
4793	46
4794	52
4795	41
4796	35
4797	46
4798	48
4799	47
4800	48
4801	42
4802	38
4803	56
4804	42
4805	45
4806	40
4807	50
4808	42
4809	55
4810	42
4811	47
4812	50
4813	68
4814	46
4815	45
4816	48
4817	45
4818	43
4819	40
4820	53
4821	51
4822	48
4823	51
4824	68
4825	48
4826	46
4827	53
4828	56
4829	54
4830	46
4831	53
4832	58
4833	54
4834	37
4835	59
4836	57
4837	53
4838	67
4839	62
4840	66
4841	58
4842	68
4843	58
4844	59
4845	62
4846	74
4847	61
4848	82
4849	55
4850	59
4851	62
4852	75
4853	65
4854	72
4855	58
4856	52
4857	63
4858	71
4859	58
4860	67
4861	63
4862	71
4863	66
4864	76
4865	74
4866	83
4867	72
4868	80
4869	78
4870	85
4871	74
4872	61
4873	68
4874	79
4875	82
4876	84
4877	67
4878	72
4879	83
4880	77
4881	67
4882	87
4883	79
4884	80
4885	71
4886	76
4887	72
4888	84
4889	83
4890	86
4891	85
4892	72
4893	84
4894	77
4895	100
4896	71
4897	86
4898	82
4899	81
4900	101
4901	76
4902	77
4903	89
4904	81
4905	91
4906	100
4907	95
4908	103
4909	123
4910	86
4911	89
4912	103
4913	87
4914	99
4915	99
4916	102
4917	93
4918	94
4919	89
4920	102
4921	120
4922	108
4923	95
4924	88
4925	100
4926	117
4927	98
4928	125
4929	88
4930	123
4931	120
4932	106
4933	106
4934	121
4935	98
4936	110
4937	112
4938	98
4939	112
4940	125
4941	116
4942	128
4943	126
4944	103
4945	128
4946	129
4947	111
4948	128
4949	104
4950	112
4951	112
4952	121
4953	128
4954	103
4955	114
4956	142
4957	117
4958	128
4959	128
4960	115
4961	115
4962	124
4963	136
4964	125
4965	144
4966	126
4967	139
4968	115
4969	145
4970	170
4971	158
4972	158
4973	141
4974	173
4975	148
4976	140
4977	130
4978	131
4979	155
4980	116
4981	155
4982	180
4983	157
4984	171
4985	155
4986	147
4987	170
4988	160
4989	144
4990	173
4991	162
4992	170
4993	138
4994	180
4995	167
4996	190
4997	166
4998	170
4999	157
5000	163
5001	167
5002	156
5003	157
5004	147
5005	167
5006	163
5007	160
5008	178
5009	182
5010	174
5011	189
5012	185
5013	180
5014	190
5015	181
5016	167
5017	169
5018	160
5019	177
5020	193
5021	202
5022	183
5023	172
5024	214
5025	180
5026	188
5027	187
5028	159
5029	179
5030	202
5031	189
5032	165
5033	192
5034	192
5035	185
5036	164
5037	218
5038	195
5039	176
5040	215
5041	182
5042	174
5043	193
5044	196
5045	200
5046	189
5047	185
5048	195
5049	182
5050	261
5051	198
5052	215
5053	217
5054	188
5055	213
5056	235
5057	182
5058	216
5059	211
5060	214
5061	207
5062	222
5063	208
5064	230
5065	211
5066	228
5067	209
5068	199
5069	216
5070	232
5071	226
5072	218
5073	231
5074	235
5075	245
5076	230
5077	226
5078	220
5079	231
5080	218
5081	250
5082	233
5083	196
5084	223
5085	227
5086	224
5087	224
5088	260
5089	243
5090	226
5091	211
5092	218
5093	251
5094	213
5095	210
5096	247
5097	217
5098	254
5099	218
5100	205
5101	227
5102	235
5103	241
5104	237
5105	205
5106	247
5107	230
5108	256
5109	260
5110	245
5111	218
5112	254
5113	225
5114	223
5115	252
5116	251
5117	237
5118	231
5119	220
5120	230
5121	239
5122	262
5123	283
5124	291
5125	261
5126	250
5127	241
5128	225
5129	247
5130	264
5131	249
5132	275
5133	267
5134	261
5135	250
5136	236
5137	254
5138	260
5139	262
5140	235
5141	302
5142	269
5143	265
5144	279
5145	272
5146	258
5147	275
5148	256
5149	267
5150	299
5151	283
5152	280
5153	264
5154	250
5155	283
5156	284
5157	259
5158	240
5159	280
5160	255
5161	247
5162	259
5163	276
5164	258
5165	251
5166	287
5167	260
5168	266
5169	304
5170	255
5171	279
5172	295
5173	292
5174	246
5175	301
5176	278
5177	306
5178	275
5179	303
5180	256
5181	260
5182	293
5183	271
5184	252
5185	278
5186	263
5187	270
5188	281
5189	267
5190	275
5191	269
5192	248
5193	247
5194	228
5195	277
5196	285
5197	274
5198	264
5199	276
5200	250
5201	271
5202	292
5203	268
5204	264
5205	281
5206	268
5207	234
5208	252
5209	270
5210	271
5211	263
5212	273
5213	279
5214	278
5215	295
5216	270
5217	236
5218	239
5219	298
5220	266
5221	266
5222	286
5223	263
5224	268
5225	260
5226	287
5227	257
5228	286
5229	283
5230	284
5231	279
5232	293
5233	257
5234	271
5235	269
5236	239
5237	286
5238	270
5239	225
5240	268
5241	239
5242	250
5243	276
5244	288
5245	261
5246	254
5247	260
5248	245
5249	257
5250	276
5251	257
5252	225
5253	232
5254	291
5255	257
5256	258
5257	265
5258	251
5259	275
5260	297
5261	294
5262	269
5263	217
5264	284
5265	254
5266	267
5267	246
5268	279
5269	274
5270	265
5271	254
5272	302
5273	233
5274	249
5275	245
5276	243
5277	240
5278	231
5279	256
5280	231
5281	254
5282	233
5283	246
5284	239
5285	257
5286	257
5287	274
5288	222
5289	247
5290	282
5291	269
5292	244
5293	260
5294	220
5295	230
5296	264
5297	241
5298	237
5299	224
5300	256
5301	236
5302	213
5303	253
5304	227
5305	254
5306	256
5307	242
5308	238
5309	234
5310	262
5311	239
5312	229
5313	242
5314	258
5315	239
5316	251
5317	239
5318	211
5319	247
5320	231
5321	254
5322	238
5323	245
5324	227
5325	224
5326	214
5327	229
5328	230
5329	232
5330	202
5331	208
5332	234
5333	208
5334	225
5335	232
5336	201
5337	213
5338	212
5339	190
5340	214
5341	208
5342	218
5343	221
5344	216
5345	219
5346	208
5347	211
5348	195
5349	216
5350	197
5351	203
5352	216
5353	206
5354	210
5355	206
5356	213
5357	192
5358	218
5359	217
5360	199
5361	226
5362	226
5363	209
5364	217
5365	205
5366	203
5367	231
5368	185
5369	220
5370	180
5371	205
5372	191
5373	200
5374	216
5375	184
5376	213
5377	197
5378	168
5379	192
5380	188
5381	179
5382	197
5383	202
5384	182
5385	221
5386	191
5387	181
5388	188
5389	176
5390	169
5391	159
5392	182
5393	156
5394	189
5395	148
5396	162
5397	178
5398	197
5399	185
5400	180
5401	185
5402	153
5403	173
5404	182
5405	186
5406	173
5407	160
5408	168
5409	168
5410	164
5411	176
5412	152
5413	154
5414	161
5415	168
5416	184
5417	170
5418	152
5419	159
5420	158
5421	147
5422	164
5423	163
5424	167
5425	135
5426	147
5427	147
5428	133
5429	158
5430	174
5431	149
5432	141
5433	158
5434	161
5435	150
5436	124
5437	150
5438	151
5439	131
5440	125
5441	128
5442	143
5443	180
5444	148
5445	128
5446	148
5447	148
5448	148
5449	153
5450	147
5451	133
5452	119
5453	127
5454	165
5455	141
5456	138
5457	151
5458	154
5459	137
5460	129
5461	128
5462	130
5463	122
5464	144
5465	135
5466	129
5467	123
5468	138
5469	123
5470	124
5471	130
5472	127
5473	137
5474	117
5475	126
5476	125
5477	125
5478	118
5479	138
5480	128
5481	108
5482	134
5483	128
5484	135
5485	128
5486	139
5487	107
5488	111
5489	125
5490	107
5491	106
5492	118
5493	121
5494	114
5495	106
5496	116
5497	114
5498	109
5499	115
5500	114
5501	136
5502	115
5503	112
5504	137
5505	116
5506	112
5507	117
5508	103
5509	101
5510	112
5511	112
5512	132
5513	119
5514	110
5515	102
5516	112
5517	88
5518	104
5519	93
5520	121
5521	101
5522	122
5523	95
5524	97
5525	102
5526	117
5527	121
5528	108
5529	107
5530	97
5531	108
5532	95
5533	110
5534	106
5535	112
5536	103
5537	123
5538	98
5539	101
5540	108
5541	98
5542	95
5543	101
5544	105
5545	123
5546	125
5547	90
5548	111
5549	107
5550	106
5551	102
5552	117
5553	108
5554	98
5555	102
5556	107
5557	104
5558	81
5559	86
5560	107
5561	94
5562	119
5563	88
5564	93
5565	100
5566	117
5567	95
5568	87
5569	103
5570	101
5571	100
5572	103
5573	78
5574	107
5575	89
5576	97
5577	115
5578	85
5579	92
5580	80
5581	94
5582	86
5583	93
5584	80
5585	75
5586	86
5587	98
5588	89
5589	85
5590	92
5591	105
5592	100
5593	82
5594	94
5595	90
5596	98
5597	104
5598	89
5599	88
5600	107
5601	87
5602	88
5603	73
5604	74
5605	91
5606	82
5607	100
5608	77
5609	87
5610	94
5611	84
5612	99
5613	90
5614	72
5615	98
5616	107
5617	87
5618	88
5619	83
5620	90
5621	96
5622	95
5623	94
5624	66
5625	93
5626	70
5627	80
5628	89
5629	90
5630	89
5631	73
5632	81
5633	83
5634	69
5635	87
5636	75
5637	86
5638	74
5639	85
5640	90
5641	73
5642	89
5643	79
5644	85
5645	82
5646	75
5647	79
5648	82
5649	95
5650	75
5651	67
5652	85
5653	81
5654	100
5655	66
5656	76
5657	83
5658	78
5659	77
5660	79
5661	70
5662	74
5663	80
5664	88
5665	63
5666	84
5667	72
5668	84
5669	64
5670	70
5671	85
5672	62
5673	77
5674	73
5675	63
5676	75
5677	75
5678	68
5679	68
5680	96
5681	83
5682	84
5683	79
5684	80
5685	74
5686	66
5687	73
5688	76
5689	73
5690	75
5691	84
5692	83
5693	70
5694	68
5695	63
5696	67
5697	86
5698	73
5699	91
5700	69
5701	82
5702	73
5703	80
5704	64
5705	83
5706	79
5707	87
5708	70
5709	75
5710	78
5711	93
5712	67
5713	78
5714	69
5715	85
5716	63
5717	70
5718	69
5719	59
5720	79
5721	71
5722	58
5723	72
5724	74
5725	76
5726	68
5727	72
5728	69
5729	65
5730	68
5731	80
5732	64
5733	61
5734	58
5735	68
5736	71
5737	67
5738	71
5739	75
5740	66
5741	60
5742	65
5743	62
5744	77
5745	82
5746	70
5747	77
5748	60
5749	68
5750	65
5751	67
5752	61
5753	80
5754	81
5755	72
5756	96
5757	68
5758	57
5759	80
5760	70
5761	56
5762	80
5763	67
5764	57
5765	81
5766	60
5767	56
5768	63
5769	78
5770	71
5771	61
5772	66
5773	73
5774	52
5775	57
5776	71
5777	75
5778	72
5779	56
5780	62
5781	62
5782	60
5783	61
5784	56
5785	58
5786	55
5787	62
5788	70
5789	50
5790	73
5791	51
5792	55
5793	70
5794	74
5795	75
5796	68
5797	48
5798	59
5799	73
5800	70
5801	64
5802	66
5803	68
5804	80
5805	59
5806	59
5807	58
5808	50
5809	69
5810	70
5811	68
5812	47
5813	48
5814	58
5815	60
5816	47
5817	60
5818	52
5819	64
5820	48
5821	44
5822	54
5823	51
5824	50
5825	44
5826	56
5827	55
5828	41
5829	53
5830	60
5831	60
5832	62
5833	46
5834	55
5835	52
5836	46
5837	54
5838	47
5839	47
5840	72
5841	64
5842	49
5843	51
5844	55
5845	47
5846	46
5847	52
5848	39
5849	48
5850	58
5851	46
5852	47
5853	55
5854	47
5855	56
5856	51
5857	50
5858	64
5859	42
5860	50
5861	51
5862	41
5863	57
5864	47
5865	64
5866	36
5867	46
5868	45
5869	37
5870	55
5871	38
5872	46
5873	40
5874	41
5875	35
5876	36
5877	56
5878	36
5879	41
5880	46
5881	50
5882	63
5883	46
5884	49
5885	45
5886	39
5887	42
5888	50
5889	45
5890	35
5891	40
5892	39
5893	36
5894	46
5895	32
5896	41
5897	32
5898	38
5899	47
5900	46
5901	37
5902	45
5903	33
5904	39
5905	32
5906	34
5907	45
5908	48
5909	30
5910	56
5911	35
5912	37
5913	32
5914	34
5915	50
5916	40
5917	41
5918	41
5919	32
5920	32
5921	34
5922	35
5923	30
5924	30
5925	31
5926	24
5927	34
5928	34
5929	46
5930	32
5931	40
5932	39
5933	44
5934	42
5935	33
5936	30
5937	32
5938	31
5939	39
5940	29
5941	31
5942	37
5943	34
5944	27
5945	33
5946	36
5947	29
5948	30
5949	35
5950	32
5951	37
5952	34
5953	32
5954	24
5955	25
5956	31
5957	18
5958	31
5959	28
5960	27
5961	32
5962	22
5963	32
5964	25
5965	28
5966	38
5967	37
5968	24
5969	26
5970	22
5971	31
5972	28
5973	32
5974	28
5975	19
5976	32
5977	25
5978	35
5979	22
5980	24
5981	36
5982	29
5983	29
5984	13
5985	22
5986	28
5987	29
5988	25
5989	22
5990	25
5991	34
5992	29
5993	26
5994	26
5995	22
5996	29
5997	26
5998	19
5999	14
6000	19
6001	33
6002	25
6003	25
6004	25
6005	20
6006	33
6007	25
6008	27
6009	17
6010	23
6011	16
6012	27
6013	26
6014	28
6015	36
6016	22
6017	22
6018	33
6019	26
6020	17
6021	24
6022	24
6023	18
6024	20
6025	27
6026	28
6027	21
6028	26
6029	22
6030	20
6031	12
6032	20
6033	19
6034	25
6035	16
6036	24
6037	16
6038	18
6039	21
6040	29
6041	26
6042	22
6043	18
6044	19
6045	17
6046	26
6047	14
6048	14
6049	15
6050	19
6051	19
6052	26
6053	17
6054	22
6055	23
6056	21
6057	17
6058	20
6059	13
6060	15
6061	8
6062	21
6063	17
6064	13
6065	28
6066	18
6067	10
6068	16
6069	15
6070	25
6071	12
6072	12
6073	17
6074	14
6075	23
6076	19
6077	20
6078	15
6079	13
6080	21
6081	21
6082	18
6083	18
6084	23
6085	16
6086	16
6087	16
6088	13
6089	21
6090	20
6091	18
6092	15
6093	13
6094	16
6095	17
6096	17
6097	15
6098	15
6099	21
6100	10
6101	17
6102	16
6103	23
6104	17
6105	11
6106	16
6107	13
6108	20
6109	19
6110	12
6111	19
6112	18
6113	21
6114	14
6115	14
6116	15
6117	20
6118	17
6119	13
6120	18
6121	19
6122	10
6123	20
6124	14
6125	22
6126	17
6127	15
6128	13
6129	17
6130	16
6131	11
6132	20
6133	17
6134	22
6135	12
6136	12
6137	22
6138	15
6139	14
6140	15
6141	14
6142	18
6143	20
6144	11
6145	18
6146	16
6147	14
6148	20
6149	18
6150	19
6151	21
6152	22
6153	11
6154	11
6155	11
6156	17
6157	15
6158	17
6159	22
6160	16
6161	18
6162	13
6163	19
6164	21
6165	11
6166	18
6167	23
6168	21
6169	15
6170	10
6171	16
6172	23
6173	16
6174	11
6175	17
6176	23
6177	19
6178	14
6179	10
6180	7
6181	23
6182	18
6183	17
6184	14
6185	13
6186	16
6187	18
6188	29
6189	16
6190	25
6191	26
6192	18
6193	14
6194	15
6195	12
6196	17
6197	23
6198	17
6199	19
6200	10
6201	18
6202	14
6203	11
6204	23
6205	20
6206	12
6207	18
6208	15
6209	21
6210	9
6211	18
6212	9
6213	14
6214	12
6215	16
6216	20
6217	17
6218	15
6219	22
6220	18
6221	14
6222	13
6223	10
6224	16
6225	18
6226	18
6227	16
6228	19
6229	16
6230	16
6231	14
6232	15
6233	22
6234	12
6235	28
6236	20
6237	20
6238	19
6239	10
6240	15
6241	18
6242	13
6243	16
6244	18
6245	16
6246	13
6247	17
6248	16
6249	13
6250	20
6251	27
6252	14
6253	12
6254	22
6255	25
6256	21
6257	18
6258	16
6259	21
6260	19
6261	19
6262	12
6263	23
6264	13
6265	23
6266	13
6267	21
6268	17
6269	22
6270	11
6271	14
6272	22
6273	19
6274	15
6275	20
6276	19
6277	19
6278	18
6279	13
6280	14
6281	19
6282	21
6283	14
6284	22
6285	19
6286	29
6287	17
6288	22
6289	23
6290	23
6291	17
6292	21
6293	15
6294	29
6295	12
6296	12
6297	15
6298	14
6299	24
6300	14
6301	15
6302	17
6303	14
6304	25
6305	26
6306	26
6307	21
6308	21
6309	12
6310	24
6311	32
6312	13
6313	17
6314	24
6315	24
6316	21
6317	18
6318	18
6319	20
6320	26
6321	23
6322	18
6323	26
6324	21
6325	19
6326	20
6327	19
6328	11
6329	19
6330	24
6331	18
6332	22
6333	13
6334	28
6335	21
6336	18
6337	12
6338	20
6339	17
6340	14
6341	22
6342	19
6343	18
6344	18
6345	17
6346	13
6347	20
6348	14
6349	23
6350	23
6351	19
6352	14
6353	27
6354	23
6355	21
6356	19
6357	19
6358	17
6359	20
6360	16
6361	18
6362	23
6363	25
6364	12
6365	18
6366	16
6367	20
6368	27
6369	20
6370	12
6371	28
6372	21
6373	19
6374	26
6375	16
6376	13
6377	20
6378	21
6379	19
6380	20
6381	21
6382	28
6383	29
6384	19
6385	24
6386	29
6387	30
6388	21
6389	21
6390	10
6391	25
6392	20
6393	15
6394	19
6395	22
6396	13
6397	13
6398	27
6399	21
6400	19
6401	24
6402	28
6403	24
6404	22
6405	25
6406	18
6407	27
6408	27
6409	15
6410	19
6411	13
6412	22
6413	18
6414	31
6415	18
6416	21
6417	23
6418	26
6419	32
6420	15
6421	24
6422	18
6423	20
6424	27
6425	28
6426	24
6427	27
6428	21
6429	31
6430	23
6431	30
6432	25
6433	24
6434	20
6435	24
6436	15
6437	21
6438	19
6439	23
6440	24
6441	24
6442	25
6443	18
6444	27
6445	21
6446	16
6447	21
6448	22
6449	22
6450	18
6451	20
6452	16
6453	28
6454	15
6455	32
6456	22
6457	20
6458	26
6459	21
6460	23
6461	27
6462	19
6463	22
6464	13
6465	31
6466	28
6467	21
6468	24
6469	24
6470	25
6471	26
6472	19
6473	19
6474	22
6475	17
6476	18
6477	22
6478	31
6479	19
6480	22
6481	21
6482	31
6483	22
6484	29
6485	20
6486	25
6487	16
6488	30
6489	22
6490	28
6491	20
6492	25
6493	23
6494	32
6495	26
6496	28
6497	27
6498	21
6499	26
6500	20
6501	18
6502	21
6503	26
6504	24
6505	27
6506	25
6507	24
6508	21
6509	21
6510	24
6511	24
6512	23
6513	29
6514	26
6515	23
6516	19
6517	23
6518	26
6519	21
6520	23
6521	22
6522	19
6523	16
6524	14
6525	29
6526	27
6527	36
6528	28
6529	29
6530	22
6531	25
6532	36
6533	26
6534	23
6535	29
6536	23
6537	25
6538	25
6539	22
6540	17
6541	22
6542	26
6543	23
6544	25
6545	16
6546	23
6547	22
6548	25
6549	20
6550	16
6551	25
6552	25
6553	29
6554	25
6555	22
6556	19
6557	27
6558	15
6559	27
6560	26
6561	22
6562	21
6563	22
6564	17
6565	30
6566	26
6567	19
6568	29
6569	18
6570	18
6571	23
6572	15
6573	24
6574	7
6575	21
6576	27
6577	23
6578	23
6579	14
6580	15
6581	30
6582	23
6583	14
6584	26
6585	21
6586	24
6587	21
6588	13
6589	20
6590	19
6591	25
6592	14
6593	20
6594	24
6595	22
6596	14
6597	22
6598	20
6599	14
6600	18
6601	19
6602	17
6603	22
6604	25
6605	19
6606	29
6607	23
6608	14
6609	15
6610	8
6611	16
6612	16
6613	9
6614	19
6615	20
6616	19
6617	21
6618	27
6619	19
6620	26
6621	19
6622	22
6623	20
6624	16
6625	19
6626	19
6627	28
6628	20
6629	26
6630	21
6631	16
6632	23
6633	22
6634	9
6635	17
6636	21
6637	18
6638	25
6639	20
6640	25
6641	15
6642	15
6643	22
6644	14
6645	21
6646	16
6647	19
6648	14
6649	17
6650	17
6651	18
6652	14
6653	19
6654	16
6655	12
6656	22
6657	23
6658	17
6659	21
6660	14
6661	19
6662	17
6663	19
6664	20
6665	19
6666	17
6667	22
6668	21
6669	8
6670	7
6671	18
6672	9
6673	14
6674	14
6675	15
6676	25
6677	14
6678	16
6679	12
6680	17
6681	12
6682	11
6683	16
6684	11
6685	17
6686	9
6687	12
6688	15
6689	9
6690	17
6691	11
6692	21
6693	13
6694	16
6695	15
6696	14
6697	13
6698	18
6699	19
6700	19
6701	10
6702	12
6703	10
6704	15
6705	11
6706	16
6707	15
6708	17
6709	12
6710	19
6711	26
6712	8
6713	12
6714	10
6715	12
6716	7
6717	13
6718	22
6719	14
6720	13
6721	13
6722	13
6723	10
6724	6
6725	19
6726	11
6727	13
6728	11
6729	14
6730	11
6731	12
6732	10
6733	14
6734	13
6735	11
6736	10
6737	12
6738	14
6739	13
6740	8
6741	16
6742	12
6743	13
6744	16
6745	4
6746	11
6747	8
6748	13
6749	9
6750	14
6751	11
6752	12
6753	10
6754	13
6755	14
6756	12
6757	17
6758	6
6759	7
6760	14
6761	8
6762	9
6763	13
6764	11
6765	14
6766	11
6767	7
6768	14
6769	13
6770	14
6771	14
6772	6
6773	10
6774	13
6775	8
6776	8
6777	7
6778	7
6779	8
6780	9
6781	8
6782	6
6783	7
6784	11
6785	9
6786	6
6787	5
6788	13
6789	11
6790	9
6791	10
6792	7
6793	8
6794	10
6795	9
6796	9
6797	4
6798	11
6799	13
6800	11
6801	13
6802	13
6803	6
6804	9
6805	9
6806	10
6807	7
6808	10
6809	5
6810	6
6811	12
6812	8
6813	10
6814	8
6815	9
6816	16
6817	5
6818	6
6819	11
6820	9
6821	10
6822	5
6823	11
6824	7
6825	8
6826	4
6827	8
6828	9
6829	5
6830	11
6831	11
6832	9
6833	8
6834	6
6835	7
6836	7
6837	8
6838	4
6839	8
6840	7
6841	9
6842	6
6843	7
6844	7
6845	5
6846	8
6847	13
6848	9
6849	8
6850	8
6851	5
6852	11
6853	6
6854	10
6855	11
6856	6
6857	6
6858	7
6859	8
6860	1
6861	6
6862	10
6863	5
6864	8
6865	8
6866	10
6867	9
6868	4
6869	8
6870	11
6871	2
6872	5
6873	8
6874	3
6875	4
6876	5
6877	5
6878	8
6879	6
6880	2
6881	6
6882	4
6883	7
6884	4
6885	6
6886	11
6887	5
6888	7
6889	4
6890	7
6891	10
6892	4
6893	3
6894	8
6895	9
6896	5
6897	1
6898	4
6899	6
6900	3
6901	3
6902	3
6903	5
6904	5
6905	5
6906	3
6907	7
6908	3
6909	3
6910	2
6911	2
6912	5
6913	6
6914	5
6915	3
6916	5
6917	3
6918	2
6919	3
6920	4
6921	4
6922	4
6923	5
6924	8
6925	5
6926	2
6927	4
6928	6
6929	5
6930	6
6931	6
6932	3
6933	8
6934	4
6935	6
6936	0
6937	2
6938	4
6939	4
6940	1
6941	5
6942	5
6943	3
6944	5
6945	6
6946	3
6947	3
6948	3
6949	8
6950	2
6951	3
6952	4
6953	5
6954	5
6955	4
6956	4
6957	5
6958	5
6959	4
6960	4
6961	2
6962	1
6963	2
6964	5
6965	3
6966	2
6967	1
6968	4
6969	3
6970	4
6971	1
6972	2
6973	1
6974	2
6975	2
6976	5
6977	7
6978	2
6979	5
6980	1
6981	1
6982	5
6983	4
6984	5
6985	3
6986	5
6987	6
6988	2
6989	7
6990	3
6991	2
6992	4
6993	3
6994	5
6995	5
6996	3
6997	6
6998	5
6999	4
7000	3
7001	2
7002	7
7003	1
7004	4
7005	2
7006	2
7007	1
7008	2
7009	3
7010	2
7011	5
7012	3
7013	5
7014	2
7015	3
7016	3
7017	4
7018	4
7019	6
7020	2
7021	2
7022	3
7023	4
7024	2
7025	2
7026	2
7027	2
7028	4
7029	3
7030	4
7031	2
7032	4
7033	2
7034	1
7035	3
7036	5
7037	2
7038	7
7039	6
7040	2
7041	1
7042	2
7043	3
7044	1
7045	7
7046	4
7047	2
7048	4
7049	1
7050	2
7051	5
7052	6
7053	2
7054	5
7055	2
7056	4
7057	1
7058	5
7059	2
7060	6
7061	1
7062	3
7063	6
7064	0
7065	2
7066	5
7067	3
7068	1
7069	2
7070	5
7071	2
7072	2
7073	2
7074	2
7075	2
7076	0
7077	4
7078	1
7079	3
7080	5
7081	1
7082	4
7083	6
7084	3
7085	3
7086	3
7087	3
7088	2
7089	2
7090	1
7091	2
7092	0
7093	5
7094	1
7095	1
7096	0
7097	4
7098	2
7099	2
7100	2
7101	2
7102	4
7103	1
7104	0
7105	5
7106	5
7107	3
7108	3
7109	4
7110	0
7111	5
7112	1
7113	3
7114	2
7115	0
7116	4
7117	1
7118	0
7119	1
7120	4
7121	0
7122	5
7123	3
7124	3
7125	4
7126	1
7127	3
7128	1
7129	0
7130	2
7131	3
7132	4
7133	2
7134	1
7135	1
7136	3
7137	2
7138	2
7139	2
7140	4
7141	4
7142	1
7143	2
7144	1
7145	0
7146	1
7147	2
7148	2
7149	4
7150	2
7151	2
7152	2
7153	8
7154	0
7155	2
7156	1
7157	1
7158	3
7159	2
7160	2
7161	2
7162	6
7163	5
7164	0
7165	5
7166	1
7167	6
7168	1
7169	5
7170	0
7171	2
7172	1
7173	0
7174	2
7175	2
7176	1
7177	2
7178	1
7179	3
7180	1
7181	2
7182	2
7183	3
7184	2
7185	3
7186	1
7187	2
7188	1
7189	2
7190	5
7191	2
7192	2
7193	2
7194	3
7195	0
7196	1
7197	4
7198	1
7199	3
7200	2
7201	2
7202	3
7203	3
7204	1
7205	4
7206	0
7207	5
7208	1
7209	1
7210	1
7211	2
7212	2
7213	2
7214	3
7215	3
7216	0
7217	4
7218	0
7219	3
7220	1
7221	1
7222	1
7223	1
7224	2
7225	3
7226	1
7227	0
7228	0
7229	2
7230	3
7231	3
7232	1
7233	2
7234	0
7235	0
7236	4
7237	3
7238	2
7239	0
7240	2
7241	2
7242	2
7243	3
7244	1
7245	0
7246	0
7247	1
7248	3
7249	4
7250	4
7251	2
7252	2
7253	0
7254	3
7255	2
7256	2
7257	0
7258	1
7259	1
7260	1
7261	1
7262	3
7263	5
7264	3
7265	4
7266	4
7267	2
7268	0
7269	0
7270	0
7271	5
7272	2
7273	3
7274	2
7275	2
7276	1
7277	2
7278	0
7279	2
7280	2
7281	4
7282	2
7283	0
7284	1
7285	0
7286	0
7287	0
7288	3
7289	1
7290	2
7291	2
7292	0
7293	0
7294	1
7295	1
7296	0
7297	1
7298	1
7299	2
7300	2
7301	3
7302	1
7303	1
7304	4
7305	2
7306	1
7307	1
7308	2
7309	5
7310	4
7311	1
7312	3
7313	2
7314	3
7315	1
7316	1
7317	2
7318	0
7319	1
7320	0
7321	2
7322	1
7323	3
7324	3
7325	4
7326	2
7327	1
7328	3
7329	3
7330	1
7331	4
7332	1
7333	0
7334	1
7335	3
7336	1
7337	2
7338	2
7339	3
7340	4
7341	1
7342	2
7343	0
7344	1
7345	4
7346	0
7347	3
7348	1
7349	1
7350	2
7351	1
7352	1
7353	1
7354	3
7355	1
7356	1
7357	3
7358	0
7359	3
7360	2
7361	0
7362	4
7363	1
7364	2
7365	1
7366	2
7367	2
7368	0
7369	1
7370	0
7371	0
7372	0
7373	1
7374	1
7375	0
7376	3
7377	2
7378	2
7379	3
7380	1
7381	1
7382	0
7383	1
7384	2
7385	5
7386	3
7387	4
7388	3
7389	4
7390	5
7391	1
7392	1
7393	2
7394	2
7395	1
7396	3
7397	2
7398	2
7399	1
7400	4
7401	0
7402	1
7403	0
7404	2
7405	2
7406	0
7407	1
7408	1
7409	0
7410	2
7411	2
7412	4
7413	1
7414	0
7415	2
7416	4
7417	1
7418	3
7419	1
7420	2
7421	0
7422	0
7423	0
7424	3
7425	2
7426	0
7427	3
7428	0
7429	0
7430	0
7431	3
7432	1
7433	0
7434	1
7435	1
7436	1
7437	0
7438	2
7439	1
7440	3
7441	1
7442	0
7443	2
7444	2
7445	0
7446	3
7447	0
7448	1
7449	1
7450	4
7451	1
7452	1
7453	0
7454	1
7455	4
7456	3
7457	0
7458	4
7459	0
7460	1
7461	0
7462	4
7463	1
7464	0
7465	0
7466	1
7467	1
7468	1
7469	2
7470	2
7471	1
7472	1
7473	2
7474	1
7475	2
7476	1
7477	1
7478	0
7479	2
7480	2
7481	0
7482	2
7483	2
7484	2
7485	3
7486	1
7487	3
7488	1
7489	2
7490	0
7491	2
7492	0
7493	3
7494	1
7495	2
7496	2
7497	0
7498	2
7499	1
7500	1
7501	2
7502	3
7503	3
7504	0
7505	4
7506	0
7507	4
7508	1
7509	0
7510	1
7511	1
7512	0
7513	0
7514	0
7515	1
7516	0
7517	1
7518	0
7519	0
7520	2
7521	1
7522	0
7523	2
7524	0
7525	1
7526	1
7527	2
7528	1
7529	0
7530	0
7531	2
7532	0
7533	0
7534	2
7535	2
7536	0
7537	1
7538	1
7539	0
7540	0
7541	0
7542	0
7543	2
7544	0
7545	1
7546	0
7547	2
7548	1
7549	1
7550	2
7551	0
7552	0
7553	0
7554	1
7555	2
7556	0
7557	1
7558	2
7559	1
7560	2
7561	4
7562	1
7563	2
7564	1
7565	1
7566	1
7567	1
7568	1
7569	2
7570	1
7571	0
7572	2
7573	0
7574	1
7575	0
7576	0
7577	1
7578	1
7579	2
7580	1
7581	1
7582	1
7583	1
7584	0
7585	1
7586	2
7587	0
7588	0
7589	2
7590	0
7591	4
7592	1
7593	1
7594	0
7595	2
7596	1
7597	1
7598	1
7599	0
7600	2
7601	1
7602	1
7603	0
7604	0
7605	1
7606	0
7607	2
7608	0
7609	1
7610	2
7611	2
7612	0
7613	2
7614	0
7615	0
7616	1
7617	3
7618	1
7619	0
7620	0
7621	0
7622	0
7623	0
7624	0
7625	3
7626	3
7627	1
7628	0
7629	2
7630	1
7631	1
7632	0
7633	0
7634	1
7635	0
7636	1
7637	0
7638	2
7639	0
7640	2
7641	0
7642	0
7643	1
7644	1
7645	0
7646	2
7647	1
7648	3
7649	1
7650	1
7651	0
7652	0
7653	2
7654	0
7655	0
7656	0
7657	1
7658	1
7659	1
7660	2
7661	1
7662	1
7663	2
7664	0
7665	0
7666	0
7667	3
7668	0
7669	1
7670	0
7671	2
7672	0
7673	3
7674	0
7675	0
7676	0
7677	0
7678	0
7679	0
7680	2
7681	0
7682	2
7683	2
7684	1
7685	2
7686	0
7687	2
7688	2
7689	0
7690	1
7691	1
7692	1
7693	4
7694	0
7695	1
7696	1
7697	0
7698	0
7699	1
7700	0
7701	2
7702	1
7703	2
7704	0
7705	0
7706	1
7707	0
7708	0
7709	1
7710	0
7711	0
7712	0
7713	0
7714	1
7715	1
7716	0
7717	1
7718	1
7719	0
7720	0
7721	1
7722	0
7723	0
7724	0
7725	2
7726	2
7727	0
7728	1
7729	0
7730	1
7731	1
7732	3
7733	1
7734	4
7735	3
7736	0
7737	0
7738	0
7739	1
7740	1
7741	1
7742	0
7743	2
7744	0
7745	2
7746	2
7747	0
7748	1
7749	2
7750	1
7751	0
7752	0
7753	0
7754	0
7755	0
7756	0
7757	1
7758	1
7759	2
7760	2
7761	0
7762	0
7763	1
7764	2
7765	1
7766	3
7767	1
7768	5
7769	0
7770	1
7771	0
7772	1
7773	1
7774	1
7775	0
7776	1
7777	0
7778	0
7779	3
7780	1
7781	2
7782	0
7783	0
7784	1
7785	2
7786	1
7787	2
7788	2
7789	0
7790	1
7791	1
7792	2
7793	1
7794	1
7795	1
7796	0
7797	1
7798	3
7799	0
7800	0
7801	2
7802	0
7803	0
7804	0
7805	1
7806	1
7807	0
7808	0
7809	0
7810	1
7811	3
7812	0
7813	0
7814	1
7815	0
7816	0
7817	1
7818	1
7819	2
7820	0
7821	0
7822	1
7823	0
7824	1
7825	1
7826	1
7827	0
7828	1
7829	0
7830	2
7831	1
7832	1
7833	0
7834	0
7835	0
7836	0
7837	1
7838	0
7839	3
7840	0
7841	2
7842	0
7843	0
7844	1
7845	1
7846	0
7847	1
7848	0
7849	0
7850	0
7851	1
7852	0
7853	0
7854	2
7855	0
7856	0
7857	0
7858	0
7859	1
7860	0
7861	1
7862	0
7863	0
7864	0
7865	1
7866	5
7867	0
7868	0
7869	1
7870	0
7871	1
7872	2
7873	0
7874	3
7875	0
7876	1
7877	0
7878	0
7879	1
7880	0
7881	2
7882	0
7883	0
7884	1
7885	1
7886	2
7887	2
7888	0
7889	1
7890	0
7891	1
7892	0
7893	2
7894	0
7895	2
7896	0
7897	1
7898	0
7899	1
7900	2
7901	0
7902	0
7903	1
7904	0
7905	2
7906	1
7907	1
7908	0
7909	0
7910	0
7911	0
7912	1
7913	0
7914	1
7915	0
7916	0
7917	0
7918	2
7919	2
7920	1
7921	0
7922	1
7923	0
7924	2
7925	1
7926	0
7927	2
7928	2
7929	0
7930	1
7931	0
7932	1
7933	0
7934	0
7935	1
7936	0
7937	0
7938	1
7939	0
7940	1
7941	1
7942	1
7943	0
7944	1
7945	1
7946	0
7947	1
7948	0
7949	0
7950	0
7951	0
7952	4
7953	0
7954	1
7955	0
7956	0
7957	2
7958	0
7959	0
7960	2
7961	0
7962	0
7963	0
7964	1
7965	0
7966	0
7967	0
7968	0
7969	2
7970	2
7971	1
7972	2
7973	0
7974	1
7975	1
7976	0
7977	0
7978	1
7979	2
7980	0
7981	1
7982	2
7983	0
7984	0
7985	0
7986	0
7987	2
7988	0
7989	0
7990	1
7991	0
7992	0
7993	0
7994	0
7995	1
7996	0
7997	1
7998	2
7999	0
8000	1
8001	1
8002	1
8003	1
8004	0
8005	1
8006	1
8007	1
8008	0
8009	1
8010	1
8011	2
8012	1
8013	0
8014	0
8015	1
8016	0
8017	0
8018	0
8019	2
8020	2
8021	1
8022	1
8023	2
8024	0
8025	0
8026	0
8027	0
8028	1
8029	0
8030	2
8031	1
8032	1
8033	0
8034	0
8035	1
8036	2
8037	0
8038	0
8039	2
8040	0
8041	1
8042	0
8043	1
8044	1
8045	0
8046	2
8047	0
8048	1
8049	0
8050	0
8051	1
8052	0
8053	3
8054	0
8055	1
8056	0
8057	2
8058	0
8059	0
8060	1
8061	0
8062	1
8063	0
8064	1
8065	1
8066	1
8067	0
8068	0
8069	0
8070	1
8071	0
8072	1
8073	1
8074	1
8075	0
8076	2
8077	0
8078	0
8079	0
8080	1
8081	2
8082	3
8083	0
8084	2
8085	0
8086	1
8087	1
8088	0
8089	0
8090	0
8091	1
8092	1
8093	0
8094	1
8095	0
8096	1
8097	0
8098	0
8099	0
8100	0
8101	0
8102	0
8103	0
8104	0
8105	0
8106	0
8107	1
8108	0
8109	0
8110	0
8111	0
8112	0
8113	0
8114	0
8115	0
8116	0
8117	0
8118	1
8119	0
8120	0
8121	1
8122	0
8123	0
8124	0
8125	0
8126	0
8127	0
8128	1
8129	0
8130	1
8131	0
8132	0
8133	0
8134	0
8135	0
8136	0
8137	0
8138	0
8139	0
8140	0
8141	0
8142	0
8143	0
8144	0
8145	0
8146	0
8147	0
8148	0
8149	0
8150	0
8151	0
8152	0
8153	0
8154	0
8155	0
8156	0
8157	0
8158	0
8159	0
8160	1
8161	0
8162	0
8163	0
8164	0
8165	0
8166	0
8167	0
8168	0
8169	0
8170	0
8171	0
8172	0
8173	0
8174	0
8175	0
8176	0
8177	0
8178	0
8179	0
8180	0
8181	0
8182	0
8183	0
8184	0
8185	0
8186	0
8187	0
8188	0
8189	0
8190	0
8191	0
