0	0
1	0
2	0
3	0
4	0
5	0
6	0
7	0
8	0
9	0
10	0
11	0
12	0
13	0
14	0
15	0
16	0
17	0
18	0
19	0
20	0
21	0
22	0
23	0
24	0
25	0
26	0
27	0
28	0
29	0
30	0
31	0
32	0
33	0
34	0
35	0
36	0
37	0
38	0
39	0
40	0
41	0
42	0
43	0
44	0
45	0
46	0
47	0
48	0
49	0
50	0
51	0
52	0
53	0
54	0
55	0
56	0
57	0
58	0
59	0
60	0
61	0
62	0
63	0
64	0
65	0
66	0
67	0
68	7
69	30
70	92
71	114
72	118
73	142
74	134
75	118
76	126
77	169
78	131
79	142
80	145
81	184
82	179
83	173
84	143
85	166
86	147
87	191
88	165
89	178
90	195
91	186
92	186
93	201
94	171
95	197
96	181
97	190
98	200
99	204
100	200
101	223
102	202
103	244
104	236
105	247
106	252
107	255
108	266
109	241
110	284
111	282
112	306
113	253
114	287
115	332
116	320
117	318
118	344
119	361
120	341
121	359
122	383
123	370
124	405
125	418
126	402
127	456
128	476
129	531
130	481
131	525
132	559
133	509
134	567
135	600
136	599
137	674
138	682
139	745
140	699
141	750
142	829
143	781
144	806
145	858
146	923
147	992
148	1018
149	1098
150	1070
151	1099
152	1170
153	1201
154	1260
155	1321
156	1352
157	1467
158	1406
159	1586
160	1561
161	1663
162	1725
163	1732
164	1787
165	1846
166	1894
167	1884
168	2039
169	1893
170	2182
171	2146
172	2194
173	2335
174	2385
175	2345
176	2380
177	2554
178	2497
179	2604
180	2582
181	2811
182	2782
183	2897
184	2852
185	2877
186	2967
187	2911
188	3003
189	3038
190	3092
191	3121
192	3108
193	3134
194	3175
195	3252
196	3230
197	3127
198	3157
199	3131
200	3179
201	3116
202	3181
203	3214
204	3083
205	3151
206	3208
207	3073
208	2994
209	3053
210	2966
211	2988
212	3025
213	2941
214	2935
215	2820
216	2862
217	2747
218	2681
219	2635
220	2630
221	2526
222	2558
223	2506
224	2377
225	2330
226	2272
227	2266
228	2181
229	2236
230	2108
231	2076
232	2022
233	1848
234	1872
235	1907
236	1810
237	1762
238	1705
239	1681
240	1693
241	1635
242	1533
243	1519
244	1474
245	1426
246	1334
247	1365
248	1321
249	1230
250	1256
251	1203
252	1173
253	1175
254	1060
255	1072
256	1092
257	1030
258	1048
259	974
260	947
261	993
262	904
263	880
264	940
265	856
266	849
267	855
268	813
269	834
270	816
271	768
272	780
273	745
274	702
275	704
276	640
277	724
278	633
279	615
280	657
281	602
282	569
283	604
284	573
285	581
286	546
287	538
288	502
289	511
290	505
291	518
292	481
293	462
294	477
295	444
296	435
297	411
298	414
299	362
300	396
301	363
302	337
303	345
304	329
305	382
306	326
307	309
308	275
309	310
310	268
311	258
312	274
313	264
314	230
315	239
316	219
317	225
318	217
319	196
320	210
321	218
322	197
323	171
324	162
325	159
326	161
327	170
328	155
329	130
330	145
331	133
332	106
333	125
334	132
335	123
336	120
337	127
338	98
339	111
340	89
341	92
342	110
343	86
344	102
345	97
346	95
347	94
348	90
349	85
350	86
351	97
352	83
353	72
354	80
355	84
356	70
357	92
358	91
359	85
360	63
361	68
362	95
363	79
364	78
365	59
366	75
367	69
368	73
369	74
370	74
371	62
372	78
373	66
374	69
375	72
376	94
377	74
378	77
379	74
380	69
381	68
382	79
383	67
384	61
385	77
386	82
387	70
388	73
389	64
390	79
391	69
392	83
393	77
394	77
395	66
396	84
397	68
398	77
399	87
400	100
401	85
402	72
403	80
404	87
405	75
406	83
407	79
408	84
409	74
410	80
411	81
412	94
413	96
414	86
415	83
416	102
417	94
418	94
419	102
420	99
421	79
422	90
423	114
424	101
425	113
426	77
427	97
428	95
429	92
430	102
431	97
432	104
433	116
434	105
435	84
436	121
437	100
438	89
439	93
440	103
441	95
442	113
443	100
444	117
445	119
446	111
447	115
448	120
449	98
450	128
451	123
452	95
453	109
454	127
455	139
456	109
457	120
458	110
459	105
460	112
461	115
462	145
463	133
464	133
465	135
466	133
467	122
468	127
469	137
470	166
471	137
472	142
473	132
474	161
475	145
476	145
477	141
478	134
479	172
480	152
481	146
482	134
483	141
484	130
485	164
486	135
487	165
488	150
489	170
490	152
491	149
492	146
493	161
494	163
495	152
496	142
497	171
498	170
499	144
500	167
501	184
502	164
503	168
504	143
505	153
506	145
507	164
508	168
509	183
510	175
511	177
512	179
513	170
514	158
515	155
516	157
517	189
518	182
519	180
520	172
521	162
522	158
523	167
524	164
525	152
526	170
527	164
528	186
529	189
530	167
531	153
532	176
533	180
534	149
535	168
536	149
537	177
538	169
539	177
540	192
541	194
542	155
543	193
544	168
545	178
546	183
547	171
548	177
549	190
550	171
551	176
552	188
553	150
554	156
555	157
556	187
557	177
558	172
559	185
560	164
561	186
562	182
563	186
564	158
565	161
566	149
567	157
568	168
569	164
570	163
571	166
572	188
573	158
574	162
575	180
576	161
577	166
578	148
579	171
580	171
581	160
582	152
583	143
584	169
585	160
586	150
587	167
588	147
589	164
590	149
591	164
592	161
593	140
594	165
595	160
596	123
597	146
598	135
599	155
600	147
601	154
602	132
603	134
604	141
605	140
606	170
607	138
608	156
609	168
610	135
611	122
612	141
613	143
614	130
615	154
616	136
617	120
618	139
619	124
620	120
621	142
622	124
623	144
624	128
625	119
626	153
627	124
628	123
629	136
630	131
631	135
632	122
633	128
634	161
635	132
636	139
637	117
638	146
639	146
640	142
641	129
642	139
643	129
644	142
645	142
646	150
647	115
648	148
649	140
650	144
651	134
652	145
653	138
654	148
655	140
656	143
657	133
658	131
659	156
660	134
661	149
662	150
663	121
664	166
665	145
666	157
667	165
668	178
669	170
670	149
671	162
672	148
673	144
674	160
675	176
676	148
677	168
678	172
679	167
680	171
681	185
682	179
683	174
684	187
685	184
686	190
687	197
688	179
689	196
690	176
691	200
692	194
693	185
694	190
695	198
696	183
697	174
698	185
699	218
700	195
701	200
702	215
703	198
704	230
705	210
706	220
707	207
708	215
709	219
710	197
711	217
712	226
713	238
714	206
715	228
716	219
717	205
718	211
719	220
720	205
721	204
722	201
723	199
724	201
725	228
726	204
727	204
728	195
729	206
730	222
731	200
732	215
733	222
734	220
735	214
736	200
737	220
738	213
739	195
740	200
741	209
742	206
743	215
744	221
745	191
746	185
747	196
748	207
749	207
750	204
751	188
752	228
753	215
754	232
755	211
756	195
757	202
758	201
759	188
760	193
761	185
762	185
763	174
764	195
765	201
766	186
767	183
768	197
769	179
770	185
771	184
772	189
773	182
774	191
775	187
776	182
777	198
778	197
779	179
780	180
781	223
782	166
783	175
784	190
785	174
786	177
787	190
788	176
789	185
790	195
791	156
792	173
793	175
794	187
795	174
796	203
797	152
798	171
799	155
800	166
801	150
802	162
803	164
804	172
805	163
806	182
807	167
808	164
809	173
810	181
811	155
812	182
813	167
814	173
815	208
816	184
817	177
818	202
819	160
820	176
821	149
822	167
823	165
824	191
825	180
826	178
827	163
828	208
829	166
830	175
831	185
832	176
833	185
834	184
835	186
836	166
837	173
838	209
839	207
840	181
841	183
842	187
843	185
844	168
845	221
846	197
847	171
848	195
849	199
850	184
851	229
852	222
853	203
854	212
855	215
856	194
857	238
858	213
859	206
860	214
861	235
862	212
863	234
864	243
865	211
866	246
867	232
868	251
869	263
870	251
871	278
872	249
873	246
874	264
875	258
876	245
877	269
878	288
879	290
880	276
881	289
882	305
883	306
884	287
885	304
886	285
887	318
888	303
889	326
890	336
891	332
892	348
893	334
894	373
895	364
896	356
897	361
898	361
899	373
900	342
901	371
902	407
903	402
904	400
905	418
906	439
907	429
908	410
909	424
910	453
911	482
912	449
913	462
914	464
915	471
916	489
917	514
918	509
919	541
920	505
921	544
922	535
923	551
924	573
925	561
926	571
927	575
928	572
929	584
930	628
931	590
932	664
933	660
934	656
935	653
936	681
937	671
938	718
939	749
940	740
941	726
942	738
943	738
944	795
945	745
946	800
947	777
948	858
949	814
950	870
951	805
952	855
953	916
954	883
955	919
956	862
957	923
958	901
959	940
960	964
961	1005
962	932
963	1064
964	965
965	984
966	1051
967	994
968	1049
969	1110
970	1035
971	1036
972	1062
973	1058
974	1126
975	1137
976	1158
977	1059
978	1046
979	1150
980	1176
981	1062
982	1136
983	1162
984	1166
985	1176
986	1190
987	1152
988	1175
989	1165
990	1229
991	1199
992	1171
993	1192
994	1270
995	1177
996	1157
997	1219
998	1193
999	1171
1000	1245
1001	1231
1002	1164
1003	1169
1004	1178
1005	1206
1006	1205
1007	1126
1008	1146
1009	1079
1010	1209
1011	1117
1012	1200
1013	1143
1014	1137
1015	1123
1016	1116
1017	1107
1018	1071
1019	1120
1020	1069
1021	1087
1022	1071
1023	983
1024	1000
1025	1042
1026	1001
1027	1025
1028	938
1029	978
1030	943
1031	983
1032	957
1033	960
1034	902
1035	899
1036	851
1037	837
1038	887
1039	896
1040	850
1041	855
1042	831
1043	783
1044	789
1045	776
1046	756
1047	740
1048	771
1049	776
1050	684
1051	723
1052	691
1053	654
1054	610
1055	646
1056	634
1057	646
1058	607
1059	589
1060	564
1061	615
1062	512
1063	540
1064	592
1065	520
1066	515
1067	483
1068	471
1069	481
1070	417
1071	451
1072	431
1073	452
1074	468
1075	378
1076	422
1077	402
1078	364
1079	353
1080	354
1081	334
1082	328
1083	348
1084	345
1085	320
1086	308
1087	287
1088	297
1089	288
1090	243
1091	274
1092	223
1093	267
1094	245
1095	235
1096	220
1097	242
1098	229
1099	205
1100	198
1101	206
1102	202
1103	194
1104	166
1105	189
1106	171
1107	168
1108	166
1109	164
1110	135
1111	123
1112	149
1113	138
1114	150
1115	128
1116	141
1117	131
1118	129
1119	100
1120	143
1121	123
1122	131
1123	130
1124	106
1125	118
1126	104
1127	103
1128	109
1129	103
1130	97
1131	94
1132	85
1133	77
1134	82
1135	93
1136	79
1137	84
1138	95
1139	90
1140	78
1141	78
1142	88
1143	80
1144	87
1145	87
1146	81
1147	73
1148	71
1149	67
1150	63
1151	75
1152	76
1153	78
1154	76
1155	67
1156	77
1157	83
1158	60
1159	63
1160	57
1161	76
1162	65
1163	70
1164	69
1165	62
1166	77
1167	69
1168	47
1169	53
1170	72
1171	61
1172	56
1173	65
1174	53
1175	72
1176	58
1177	70
1178	76
1179	46
1180	73
1181	55
1182	64
1183	71
1184	55
1185	61
1186	70
1187	57
1188	67
1189	61
1190	64
1191	57
1192	63
1193	73
1194	61
1195	53
1196	65
1197	54
1198	60
1199	58
1200	66
1201	66
1202	73
1203	61
1204	69
1205	58
1206	64
1207	77
1208	62
1209	60
1210	65
1211	61
1212	57
1213	63
1214	72
1215	53
1216	61
1217	74
1218	54
1219	60
1220	60
1221	84
1222	69
1223	62
1224	52
1225	54
1226	51
1227	57
1228	51
1229	57
1230	78
1231	59
1232	59
1233	56
1234	65
1235	61
1236	70
1237	61
1238	45
1239	74
1240	74
1241	59
1242	59
1243	59
1244	57
1245	64
1246	64
1247	68
1248	58
1249	62
1250	63
1251	50
1252	57
1253	40
1254	61
1255	60
1256	70
1257	62
1258	75
1259	63
1260	59
1261	61
1262	54
1263	54
1264	57
1265	59
1266	49
1267	60
1268	53
1269	61
1270	76
1271	61
1272	78
1273	57
1274	59
1275	71
1276	76
1277	67
1278	53
1279	55
1280	68
1281	61
1282	66
1283	65
1284	64
1285	66
1286	63
1287	63
1288	74
1289	69
1290	53
1291	55
1292	66
1293	69
1294	74
1295	77
1296	61
1297	77
1298	57
1299	67
1300	79
1301	65
1302	65
1303	71
1304	57
1305	63
1306	57
1307	62
1308	57
1309	57
1310	56
1311	56
1312	64
1313	67
1314	68
1315	55
1316	60
1317	73
1318	72
1319	62
1320	54
1321	60
1322	64
1323	61
1324	62
1325	62
1326	65
1327	58
1328	64
1329	65
1330	74
1331	71
1332	76
1333	58
1334	65
1335	64
1336	61
1337	78
1338	66
1339	66
1340	70
1341	61
1342	73
1343	55
1344	72
1345	74
1346	74
1347	60
1348	66
1349	72
1350	68
1351	73
1352	84
1353	77
1354	61
1355	62
1356	53
1357	68
1358	71
1359	59
1360	75
1361	58
1362	67
1363	72
1364	70
1365	75
1366	65
1367	71
1368	77
1369	78
1370	74
1371	72
1372	68
1373	67
1374	87
1375	71
1376	81
1377	55
1378	93
1379	70
1380	82
1381	86
1382	81
1383	78
1384	71
1385	81
1386	87
1387	83
1388	83
1389	82
1390	82
1391	82
1392	83
1393	63
1394	67
1395	82
1396	70
1397	100
1398	81
1399	100
1400	85
1401	78
1402	76
1403	95
1404	86
1405	97
1406	77
1407	70
1408	83
1409	88
1410	91
1411	93
1412	80
1413	99
1414	87
1415	76
1416	76
1417	77
1418	101
1419	105
1420	106
1421	93
1422	103
1423	107
1424	90
1425	95
1426	108
1427	100
1428	108
1429	102
1430	84
1431	118
1432	99
1433	112
1434	97
1435	84
1436	120
1437	85
1438	99
1439	93
1440	102
1441	104
1442	103
1443	110
1444	104
1445	105
1446	125
1447	101
1448	96
1449	113
1450	110
1451	102
1452	102
1453	114
1454	108
1455	100
1456	94
1457	114
1458	108
1459	103
1460	128
1461	111
1462	117
1463	121
1464	119
1465	126
1466	94
1467	130
1468	141
1469	120
1470	126
1471	121
1472	139
1473	140
1474	149
1475	122
1476	104
1477	127
1478	119
1479	130
1480	133
1481	110
1482	135
1483	133
1484	135
1485	125
1486	143
1487	139
1488	106
1489	114
1490	137
1491	126
1492	145
1493	133
1494	129
1495	134
1496	125
1497	155
1498	121
1499	128
1500	141
1501	133
1502	112
1503	120
1504	148
1505	118
1506	139
1507	130
1508	129
1509	145
1510	148
1511	131
1512	119
1513	148
1514	137
1515	123
1516	119
1517	123
1518	140
1519	156
1520	122
1521	129
1522	136
1523	119
1524	112
1525	117
1526	131
1527	137
1528	130
1529	123
1530	125
1531	132
1532	141
1533	140
1534	135
1535	150
1536	113
1537	128
1538	134
1539	136
1540	105
1541	123
1542	123
1543	113
1544	113
1545	145
1546	135
1547	108
1548	121
1549	112
1550	115
1551	114
1552	111
1553	106
1554	123
1555	126
1556	130
1557	136
1558	93
1559	110
1560	115
1561	125
1562	110
1563	115
1564	112
1565	104
1566	108
1567	87
1568	113
1569	99
1570	113
1571	97
1572	99
1573	105
1574	105
1575	98
1576	93
1577	95
1578	103
1579	108
1580	95
1581	104
1582	102
1583	81
1584	85
1585	101
1586	81
1587	89
1588	98
1589	92
1590	75
1591	90
1592	92
1593	94
1594	74
1595	95
1596	89
1597	92
1598	87
1599	87
1600	91
1601	80
1602	73
1603	97
1604	76
1605	73
1606	84
1607	83
1608	58
1609	84
1610	83
1611	76
1612	81
1613	67
1614	79
1615	78
1616	101
1617	85
1618	80
1619	72
1620	81
1621	91
1622	78
1623	80
1624	69
1625	70
1626	75
1627	70
1628	79
1629	69
1630	63
1631	71
1632	71
1633	78
1634	83
1635	70
1636	64
1637	65
1638	74
1639	65
1640	68
1641	66
1642	78
1643	61
1644	73
1645	70
1646	70
1647	60
1648	66
1649	71
1650	78
1651	77
1652	58
1653	74
1654	62
1655	72
1656	65
1657	63
1658	52
1659	49
1660	65
1661	67
1662	67
1663	74
1664	78
1665	69
1666	59
1667	60
1668	62
1669	62
1670	57
1671	65
1672	65
1673	58
1674	50
1675	60
1676	60
1677	68
1678	75
1679	44
1680	67
1681	67
1682	58
1683	71
1684	57
1685	57
1686	70
1687	62
1688	62
1689	58
1690	56
1691	66
1692	60
1693	60
1694	50
1695	58
1696	63
1697	59
1698	58
1699	71
1700	60
1701	63
1702	66
1703	63
1704	60
1705	57
1706	52
1707	57
1708	58
1709	65
1710	56
1711	72
1712	61
1713	65
1714	63
1715	60
1716	58
1717	54
1718	64
1719	41
1720	62
1721	56
1722	62
1723	53
1724	74
1725	61
1726	76
1727	56
1728	68
1729	59
1730	49
1731	61
1732	68
1733	73
1734	70
1735	67
1736	62
1737	66
1738	60
1739	68
1740	58
1741	58
1742	68
1743	69
1744	56
1745	68
1746	66
1747	57
1748	54
1749	69
1750	67
1751	70
1752	72
1753	62
1754	49
1755	68
1756	73
1757	72
1758	78
1759	57
1760	60
1761	63
1762	51
1763	60
1764	72
1765	59
1766	93
1767	75
1768	70
1769	77
1770	80
1771	69
1772	63
1773	70
1774	54
1775	86
1776	78
1777	62
1778	70
1779	58
1780	67
1781	75
1782	60
1783	62
1784	65
1785	79
1786	74
1787	73
1788	67
1789	57
1790	84
1791	58
1792	67
1793	74
1794	64
1795	60
1796	57
1797	80
1798	88
1799	72
1800	64
1801	73
1802	81
1803	72
1804	66
1805	69
1806	66
1807	61
1808	69
1809	47
1810	62
1811	66
1812	68
1813	81
1814	73
1815	60
1816	73
1817	77
1818	72
1819	75
1820	80
1821	54
1822	71
1823	55
1824	79
1825	75
1826	73
1827	59
1828	58
1829	69
1830	67
1831	79
1832	80
1833	73
1834	86
1835	80
1836	78
1837	85
1838	74
1839	74
1840	83
1841	70
1842	62
1843	76
1844	57
1845	80
1846	69
1847	74
1848	72
1849	79
1850	82
1851	76
1852	66
1853	68
1854	90
1855	67
1856	89
1857	81
1858	71
1859	84
1860	70
1861	86
1862	81
1863	74
1864	76
1865	85
1866	86
1867	78
1868	77
1869	82
1870	81
1871	88
1872	69
1873	65
1874	62
1875	71
1876	75
1877	85
1878	84
1879	77
1880	78
1881	97
1882	66
1883	72
1884	68
1885	72
1886	80
1887	68
1888	85
1889	86
1890	74
1891	78
1892	88
1893	74
1894	68
1895	92
1896	83
1897	87
1898	93
1899	77
1900	73
1901	89
1902	84
1903	75
1904	69
1905	78
1906	78
1907	86
1908	72
1909	77
1910	79
1911	82
1912	86
1913	91
1914	94
1915	78
1916	88
1917	65
1918	74
1919	87
1920	82
1921	77
1922	103
1923	89
1924	81
1925	79
1926	89
1927	90
1928	83
1929	86
1930	97
1931	83
1932	82
1933	94
1934	75
1935	78
1936	92
1937	81
1938	80
1939	85
1940	85
1941	88
1942	87
1943	74
1944	76
1945	66
1946	85
1947	75
1948	84
1949	100
1950	94
1951	76
1952	86
1953	94
1954	81
1955	101
1956	80
1957	88
1958	88
1959	96
1960	101
1961	99
1962	84
1963	105
1964	85
1965	88
1966	76
1967	97
1968	73
1969	93
1970	95
1971	113
1972	94
1973	82
1974	95
1975	106
1976	87
1977	86
1978	78
1979	99
1980	89
1981	81
1982	101
1983	98
1984	102
1985	79
1986	79
1987	89
1988	69
1989	88
1990	84
1991	86
1992	69
1993	106
1994	96
1995	75
1996	77
1997	103
1998	96
1999	85
2000	77
2001	111
2002	104
2003	85
2004	96
2005	92
2006	101
2007	91
2008	87
2009	71
2010	99
2011	96
2012	92
2013	81
2014	100
2015	89
2016	80
2017	78
2018	107
2019	80
2020	88
2021	99
2022	101
2023	100
2024	91
2025	102
2026	86
2027	95
2028	94
2029	98
2030	98
2031	108
2032	86
2033	85
2034	104
2035	80
2036	114
2037	102
2038	106
2039	88
2040	105
2041	98
2042	113
2043	98
2044	90
2045	96
2046	89
2047	88
2048	100
2049	88
2050	78
2051	110
2052	110
2053	98
2054	82
2055	94
2056	104
2057	95
2058	96
2059	101
2060	95
2061	107
2062	99
2063	96
2064	94
2065	80
2066	95
2067	86
2068	89
2069	90
2070	88
2071	91
2072	95
2073	100
2074	87
2075	104
2076	90
2077	107
2078	108
2079	83
2080	93
2081	99
2082	97
2083	109
2084	109
2085	109
2086	109
2087	91
2088	100
2089	114
2090	108
2091	97
2092	81
2093	116
2094	110
2095	109
2096	104
2097	102
2098	87
2099	92
2100	81
2101	83
2102	103
2103	101
2104	96
2105	98
2106	101
2107	85
2108	88
2109	103
2110	104
2111	102
2112	111
2113	109
2114	91
2115	111
2116	99
2117	92
2118	101
2119	95
2120	101
2121	99
2122	90
2123	86
2124	116
2125	95
2126	93
2127	91
2128	120
2129	92
2130	94
2131	105
2132	103
2133	76
2134	98
2135	104
2136	101
2137	118
2138	107
2139	98
2140	119
2141	99
2142	83
2143	101
2144	76
2145	92
2146	98
2147	107
2148	81
2149	103
2150	97
2151	107
2152	69
2153	91
2154	84
2155	98
2156	98
2157	86
2158	87
2159	95
2160	109
2161	73
2162	91
2163	80
2164	104
2165	95
2166	87
2167	90
2168	82
2169	105
2170	87
2171	103
2172	78
2173	95
2174	87
2175	94
2176	84
2177	84
2178	92
2179	102
2180	90
2181	90
2182	78
2183	86
2184	96
2185	75
2186	82
2187	82
2188	88
2189	75
2190	83
2191	96
2192	86
2193	85
2194	84
2195	70
2196	95
2197	60
2198	106
2199	93
2200	86
2201	74
2202	81
2203	105
2204	77
2205	99
2206	88
2207	70
2208	87
2209	99
2210	97
2211	79
2212	87
2213	87
2214	94
2215	85
2216	78
2217	88
2218	74
2219	83
2220	97
2221	69
2222	75
2223	78
2224	89
2225	68
2226	90
2227	97
2228	72
2229	86
2230	85
2231	68
2232	75
2233	67
2234	103
2235	91
2236	89
2237	108
2238	96
2239	80
2240	65
2241	88
2242	88
2243	84
2244	84
2245	79
2246	67
2247	87
2248	63
2249	93
2250	83
2251	63
2252	76
2253	66
2254	72
2255	84
2256	96
2257	66
2258	84
2259	97
2260	67
2261	65
2262	83
2263	80
2264	72
2265	90
2266	75
2267	83
2268	85
2269	79
2270	74
2271	80
2272	82
2273	84
2274	78
2275	86
2276	64
2277	69
2278	59
2279	87
2280	69
2281	65
2282	71
2283	88
2284	96
2285	59
2286	70
2287	70
2288	68
2289	67
2290	91
2291	69
2292	84
2293	76
2294	78
2295	68
2296	65
2297	76
2298	66
2299	66
2300	75
2301	58
2302	91
2303	67
2304	84
2305	75
2306	64
2307	75
2308	64
2309	83
2310	82
2311	69
2312	64
2313	79
2314	78
2315	74
2316	71
2317	75
2318	98
2319	70
2320	74
2321	67
2322	72
2323	57
2324	96
2325	67
2326	66
2327	77
2328	72
2329	61
2330	84
2331	81
2332	54
2333	71
2334	84
2335	77
2336	66
2337	65
2338	80
2339	75
2340	70
2341	71
2342	77
2343	65
2344	67
2345	75
2346	76
2347	78
2348	65
2349	66
2350	81
2351	62
2352	70
2353	63
2354	64
2355	88
2356	68
2357	62
2358	57
2359	71
2360	60
2361	67
2362	69
2363	74
2364	66
2365	71
2366	63
2367	58
2368	70
2369	74
2370	61
2371	68
2372	61
2373	76
2374	65
2375	60
2376	70
2377	66
2378	63
2379	54
2380	60
2381	64
2382	61
2383	84
2384	54
2385	73
2386	69
2387	68
2388	56
2389	82
2390	74
2391	80
2392	72
2393	51
2394	69
2395	69
2396	66
2397	62
2398	60
2399	63
2400	64
2401	55
2402	75
2403	74
2404	53
2405	61
2406	71
2407	56
2408	68
2409	60
2410	66
2411	52
2412	72
2413	58
2414	69
2415	75
2416	64
2417	55
2418	51
2419	76
2420	64
2421	72
2422	57
2423	48
2424	53
2425	47
2426	59
2427	53
2428	62
2429	69
2430	49
2431	60
2432	71
2433	40
2434	57
2435	63
2436	70
2437	52
2438	50
2439	65
2440	68
2441	71
2442	67
2443	58
2444	73
2445	58
2446	49
2447	62
2448	61
2449	50
2450	62
2451	48
2452	60
2453	75
2454	66
2455	57
2456	61
2457	35
2458	65
2459	58
2460	67
2461	63
2462	50
2463	55
2464	68
2465	65
2466	57
2467	65
2468	69
2469	64
2470	60
2471	57
2472	66
2473	51
2474	72
2475	64
2476	66
2477	72
2478	55
2479	60
2480	52
2481	62
2482	70
2483	68
2484	48
2485	43
2486	72
2487	54
2488	74
2489	65
2490	51
2491	55
2492	51
2493	60
2494	67
2495	68
2496	79
2497	44
2498	51
2499	52
2500	56
2501	56
2502	65
2503	56
2504	73
2505	56
2506	58
2507	57
2508	53
2509	49
2510	76
2511	49
2512	61
2513	62
2514	71
2515	50
2516	73
2517	55
2518	50
2519	69
2520	54
2521	64
2522	74
2523	75
2524	54
2525	73
2526	53
2527	62
2528	56
2529	51
2530	50
2531	43
2532	64
2533	64
2534	55
2535	59
2536	56
2537	48
2538	60
2539	69
2540	61
2541	59
2542	59
2543	53
2544	65
2545	65
2546	68
2547	48
2548	57
2549	63
2550	43
2551	64
2552	55
2553	63
2554	42
2555	61
2556	53
2557	54
2558	64
2559	66
2560	56
2561	67
2562	61
2563	62
2564	52
2565	55
2566	46
2567	59
2568	48
2569	50
2570	61
2571	58
2572	67
2573	47
2574	58
2575	56
2576	59
2577	55
2578	74
2579	56
2580	52
2581	63
2582	40
2583	54
2584	43
2585	45
2586	51
2587	46
2588	53
2589	55
2590	57
2591	60
2592	67
2593	49
2594	52
2595	46
2596	39
2597	63
2598	57
2599	58
2600	64
2601	57
2602	55
2603	62
2604	57
2605	56
2606	65
2607	65
2608	43
2609	47
2610	56
2611	59
2612	53
2613	58
2614	70
2615	56
2616	59
2617	46
2618	48
2619	59
2620	64
2621	54
2622	67
2623	56
2624	53
2625	52
2626	47
2627	52
2628	50
2629	47
2630	51
2631	63
2632	48
2633	47
2634	46
2635	53
2636	65
2637	54
2638	47
2639	52
2640	57
2641	57
2642	54
2643	46
2644	51
2645	66
2646	58
2647	58
2648	51
2649	40
2650	44
2651	55
2652	41
2653	62
2654	47
2655	57
2656	56
2657	60
2658	45
2659	51
2660	39
2661	47
2662	51
2663	49
2664	56
2665	53
2666	57
2667	35
2668	58
2669	57
2670	41
2671	45
2672	58
2673	48
2674	60
2675	51
2676	44
2677	53
2678	55
2679	51
2680	60
2681	41
2682	50
2683	51
2684	38
2685	51
2686	52
2687	50
2688	48
2689	46
2690	55
2691	42
2692	53
2693	54
2694	52
2695	49
2696	48
2697	46
2698	32
2699	50
2700	42
2701	59
2702	56
2703	40
2704	57
2705	40
2706	37
2707	41
2708	51
2709	51
2710	57
2711	46
2712	53
2713	44
2714	43
2715	49
2716	53
2717	54
2718	42
2719	31
2720	38
2721	56
2722	52
2723	49
2724	57
2725	54
2726	43
2727	63
2728	45
2729	38
2730	48
2731	48
2732	47
2733	38
2734	48
2735	47
2736	55
2737	43
2738	38
2739	34
2740	42
2741	42
2742	57
2743	35
2744	47
2745	42
2746	38
2747	35
2748	36
2749	56
2750	43
2751	51
2752	44
2753	54
2754	43
2755	43
2756	40
2757	37
2758	53
2759	41
2760	55
2761	44
2762	42
2763	39
2764	44
2765	42
2766	39
2767	56
2768	54
2769	31
2770	47
2771	53
2772	39
2773	42
2774	41
2775	39
2776	32
2777	32
2778	40
2779	49
2780	43
2781	35
2782	50
2783	45
2784	41
2785	51
2786	43
2787	40
2788	37
2789	39
2790	48
2791	44
2792	38
2793	30
2794	33
2795	35
2796	44
2797	41
2798	53
2799	46
2800	51
2801	52
2802	34
2803	37
2804	38
2805	40
2806	34
2807	41
2808	37
2809	33
2810	32
2811	53
2812	44
2813	40
2814	37
2815	35
2816	49
2817	34
2818	37
2819	44
2820	36
2821	38
2822	38
2823	37
2824	42
2825	33
2826	38
2827	35
2828	31
2829	36
2830	47
2831	47
2832	41
2833	42
2834	26
2835	43
2836	38
2837	34
2838	43
2839	41
2840	33
2841	38
2842	47
2843	34
2844	25
2845	31
2846	36
2847	45
2848	42
2849	42
2850	30
2851	48
2852	44
2853	47
2854	32
2855	34
2856	41
2857	51
2858	34
2859	37
2860	40
2861	43
2862	33
2863	40
2864	37
2865	45
2866	44
2867	36
2868	31
2869	33
2870	37
2871	33
2872	40
2873	33
2874	38
2875	32
2876	35
2877	46
2878	44
2879	43
2880	37
2881	33
2882	35
2883	44
2884	40
2885	40
2886	37
2887	45
2888	27
2889	36
2890	32
2891	36
2892	38
2893	46
2894	38
2895	41
2896	40
2897	40
2898	39
2899	39
2900	41
2901	32
2902	50
2903	44
2904	34
2905	39
2906	47
2907	24
2908	39
2909	40
2910	34
2911	29
2912	29
2913	39
2914	44
2915	43
2916	34
2917	41
2918	41
2919	35
2920	33
2921	34
2922	36
2923	30
2924	39
2925	37
2926	35
2927	39
2928	43
2929	46
2930	44
2931	42
2932	34
2933	35
2934	37
2935	30
2936	30
2937	38
2938	35
2939	38
2940	40
2941	40
2942	34
2943	34
2944	37
2945	44
2946	41
2947	44
2948	39
2949	31
2950	36
2951	46
2952	28
2953	31
2954	32
2955	45
2956	38
2957	37
2958	39
2959	39
2960	41
2961	43
2962	43
2963	32
2964	45
2965	43
2966	35
2967	42
2968	33
2969	41
2970	31
2971	39
2972	31
2973	32
2974	37
2975	45
2976	40
2977	32
2978	29
2979	33
2980	28
2981	33
2982	24
2983	42
2984	27
2985	36
2986	34
2987	39
2988	43
2989	37
2990	35
2991	39
2992	38
2993	37
2994	32
2995	34
2996	29
2997	34
2998	33
2999	31
3000	38
3001	33
3002	38
3003	30
3004	33
3005	40
3006	30
3007	28
3008	41
3009	46
3010	42
3011	42
3012	38
3013	32
3014	36
3015	42
3016	39
3017	27
3018	39
3019	37
3020	33
3021	31
3022	42
3023	36
3024	35
3025	30
3026	29
3027	38
3028	45
3029	39
3030	42
3031	36
3032	32
3033	30
3034	36
3035	40
3036	34
3037	24
3038	23
3039	38
3040	32
3041	41
3042	34
3043	35
3044	36
3045	40
3046	39
3047	33
3048	30
3049	39
3050	28
3051	45
3052	38
3053	45
3054	20
3055	24
3056	30
3057	37
3058	34
3059	42
3060	36
3061	34
3062	40
3063	37
3064	36
3065	33
3066	37
3067	36
3068	38
3069	41
3070	31
3071	30
3072	36
3073	23
3074	26
3075	36
3076	51
3077	43
3078	31
3079	27
3080	44
3081	34
3082	42
3083	31
3084	41
3085	33
3086	37
3087	32
3088	47
3089	47
3090	29
3091	38
3092	21
3093	31
3094	35
3095	35
3096	29
3097	41
3098	32
3099	29
3100	41
3101	34
3102	47
3103	39
3104	34
3105	40
3106	39
3107	42
3108	38
3109	25
3110	31
3111	35
3112	35
3113	33
3114	34
3115	36
3116	40
3117	24
3118	35
3119	27
3120	27
3121	26
3122	40
3123	32
3124	33
3125	42
3126	23
3127	36
3128	38
3129	33
3130	32
3131	29
3132	38
3133	29
3134	36
3135	31
3136	26
3137	38
3138	31
3139	35
3140	46
3141	32
3142	33
3143	32
3144	29
3145	34
3146	35
3147	38
3148	39
3149	34
3150	34
3151	27
3152	45
3153	33
3154	33
3155	23
3156	35
3157	26
3158	35
3159	33
3160	22
3161	31
3162	31
3163	42
3164	31
3165	29
3166	23
3167	34
3168	22
3169	29
3170	26
3171	29
3172	29
3173	36
3174	27
3175	33
3176	29
3177	28
3178	36
3179	26
3180	36
3181	33
3182	28
3183	30
3184	30
3185	40
3186	25
3187	31
3188	37
3189	35
3190	25
3191	39
3192	23
3193	31
3194	30
3195	28
3196	33
3197	27
3198	34
3199	29
3200	32
3201	27
3202	33
3203	26
3204	31
3205	30
3206	34
3207	28
3208	20
3209	28
3210	32
3211	30
3212	30
3213	18
3214	40
3215	29
3216	28
3217	29
3218	28
3219	40
3220	32
3221	28
3222	38
3223	31
3224	43
3225	27
3226	30
3227	32
3228	34
3229	21
3230	23
3231	26
3232	32
3233	27
3234	26
3235	36
3236	29
3237	26
3238	27
3239	31
3240	30
3241	18
3242	21
3243	38
3244	29
3245	24
3246	27
3247	23
3248	33
3249	29
3250	22
3251	34
3252	30
3253	27
3254	32
3255	32
3256	31
3257	24
3258	30
3259	32
3260	25
3261	35
3262	30
3263	22
3264	33
3265	26
3266	42
3267	29
3268	27
3269	31
3270	34
3271	26
3272	33
3273	27
3274	33
3275	26
3276	29
3277	28
3278	24
3279	18
3280	40
3281	22
3282	18
3283	21
3284	33
3285	30
3286	28
3287	33
3288	21
3289	27
3290	19
3291	39
3292	32
3293	26
3294	26
3295	22
3296	21
3297	27
3298	24
3299	31
3300	23
3301	39
3302	24
3303	32
3304	27
3305	24
3306	27
3307	32
3308	44
3309	27
3310	23
3311	17
3312	36
3313	24
3314	33
3315	21
3316	24
3317	33
3318	26
3319	23
3320	27
3321	24
3322	28
3323	22
3324	25
3325	31
3326	18
3327	33
3328	20
3329	20
3330	24
3331	27
3332	29
3333	23
3334	34
3335	32
3336	24
3337	29
3338	38
3339	28
3340	36
3341	17
3342	35
3343	20
3344	28
3345	30
3346	28
3347	22
3348	24
3349	31
3350	29
3351	31
3352	41
3353	30
3354	23
3355	26
3356	24
3357	18
3358	25
3359	20
3360	26
3361	20
3362	26
3363	29
3364	25
3365	19
3366	35
3367	23
3368	17
3369	23
3370	31
3371	29
3372	17
3373	31
3374	26
3375	26
3376	23
3377	28
3378	24
3379	23
3380	34
3381	23
3382	27
3383	29
3384	17
3385	24
3386	26
3387	29
3388	27
3389	17
3390	22
3391	18
3392	23
3393	28
3394	36
3395	30
3396	26
3397	29
3398	30
3399	23
3400	29
3401	27
3402	22
3403	25
3404	30
3405	21
3406	31
3407	13
3408	30
3409	20
3410	32
3411	24
3412	32
3413	32
3414	29
3415	19
3416	22
3417	25
3418	21
3419	28
3420	22
3421	14
3422	26
3423	25
3424	29
3425	21
3426	15
3427	21
3428	15
3429	33
3430	34
3431	30
3432	21
3433	24
3434	34
3435	20
3436	25
3437	21
3438	17
3439	29
3440	29
3441	29
3442	27
3443	25
3444	23
3445	27
3446	29
3447	21
3448	23
3449	31
3450	23
3451	29
3452	23
3453	29
3454	22
3455	34
3456	20
3457	30
3458	34
3459	21
3460	21
3461	28
3462	19
3463	22
3464	21
3465	27
3466	36
3467	22
3468	24
3469	27
3470	34
3471	41
3472	15
3473	29
3474	33
3475	23
3476	30
3477	28
3478	34
3479	17
3480	25
3481	36
3482	35
3483	26
3484	27
3485	42
3486	31
3487	26
3488	34
3489	32
3490	19
3491	28
3492	35
3493	29
3494	27
3495	23
3496	28
3497	26
3498	27
3499	30
3500	27
3501	24
3502	24
3503	29
3504	23
3505	21
3506	23
3507	37
3508	31
3509	26
3510	30
3511	29
3512	28
3513	23
3514	30
3515	28
3516	23
3517	30
3518	21
3519	27
3520	17
3521	29
3522	37
3523	32
3524	27
3525	25
3526	30
3527	26
3528	30
3529	45
3530	31
3531	22
3532	26
3533	33
3534	37
3535	33
3536	33
3537	25
3538	25
3539	32
3540	23
3541	37
3542	30
3543	26
3544	38
3545	28
3546	46
3547	22
3548	22
3549	23
3550	35
3551	25
3552	35
3553	37
3554	30
3555	29
3556	34
3557	23
3558	30
3559	37
3560	42
3561	39
3562	29
3563	43
3564	32
3565	35
3566	37
3567	34
3568	38
3569	45
3570	32
3571	43
3572	27
3573	36
3574	34
3575	40
3576	39
3577	37
3578	45
3579	39
3580	41
3581	37
3582	40
3583	32
3584	32
3585	42
3586	32
3587	37
3588	40
3589	36
3590	33
3591	29
3592	27
3593	57
3594	29
3595	27
3596	31
3597	34
3598	37
3599	39
3600	40
3601	37
3602	38
3603	38
3604	41
3605	53
3606	27
3607	38
3608	40
3609	45
3610	44
3611	36
3612	51
3613	37
3614	42
3615	41
3616	42
3617	33
3618	38
3619	45
3620	36
3621	47
3622	30
3623	38
3624	50
3625	40
3626	45
3627	47
3628	53
3629	36
3630	36
3631	45
3632	38
3633	39
3634	46
3635	40
3636	47
3637	44
3638	49
3639	47
3640	43
3641	43
3642	59
3643	38
3644	42
3645	44
3646	49
3647	48
3648	46
3649	45
3650	42
3651	45
3652	43
3653	39
3654	46
3655	59
3656	46
3657	45
3658	60
3659	43
3660	36
3661	49
3662	58
3663	54
3664	60
3665	48
3666	51
3667	62
3668	45
3669	47
3670	51
3671	56
3672	56
3673	55
3674	44
3675	57
3676	56
3677	51
3678	53
3679	47
3680	42
3681	43
3682	56
3683	54
3684	49
3685	62
3686	62
3687	47
3688	67
3689	68
3690	60
3691	52
3692	60
3693	69
3694	59
3695	45
3696	54
3697	65
3698	49
3699	53
3700	51
3701	46
3702	59
3703	53
3704	45
3705	52
3706	65
3707	59
3708	61
3709	67
3710	68
3711	52
3712	57
3713	50
3714	63
3715	57
3716	50
3717	61
3718	66
3719	69
3720	66
3721	60
3722	57
3723	67
3724	63
3725	56
3726	74
3727	65
3728	66
3729	69
3730	59
3731	57
3732	57
3733	85
3734	60
3735	56
3736	64
3737	77
3738	65
3739	59
3740	50
3741	77
3742	65
3743	64
3744	47
3745	64
3746	60
3747	74
3748	66
3749	74
3750	59
3751	70
3752	60
3753	67
3754	55
3755	62
3756	43
3757	58
3758	59
3759	63
3760	71
3761	57
3762	76
3763	65
3764	61
3765	60
3766	55
3767	66
3768	54
3769	77
3770	71
3771	65
3772	62
3773	78
3774	56
3775	71
3776	72
3777	65
3778	74
3779	69
3780	54
3781	69
3782	62
3783	63
3784	69
3785	69
3786	72
3787	58
3788	74
3789	66
3790	88
3791	67
3792	81
3793	69
3794	62
3795	74
3796	75
3797	67
3798	71
3799	77
3800	66
3801	70
3802	58
3803	52
3804	58
3805	69
3806	65
3807	64
3808	77
3809	76
3810	81
3811	65
3812	72
3813	77
3814	67
3815	73
3816	70
3817	74
3818	80
3819	68
3820	71
3821	62
3822	76
3823	73
3824	69
3825	96
3826	74
3827	63
3828	59
3829	69
3830	70
3831	60
3832	65
3833	65
3834	80
3835	53
3836	66
3837	70
3838	72
3839	75
3840	66
3841	74
3842	78
3843	82
3844	81
3845	62
3846	78
3847	78
3848	68
3849	91
3850	74
3851	79
3852	83
3853	80
3854	75
3855	81
3856	83
3857	70
3858	61
3859	61
3860	65
3861	73
3862	67
3863	69
3864	83
3865	72
3866	65
3867	72
3868	73
3869	71
3870	70
3871	70
3872	75
3873	88
3874	77
3875	83
3876	85
3877	86
3878	79
3879	57
3880	68
3881	68
3882	73
3883	91
3884	66
3885	75
3886	87
3887	70
3888	83
3889	81
3890	84
3891	83
3892	68
3893	70
3894	85
3895	81
3896	74
3897	76
3898	68
3899	90
3900	80
3901	71
3902	65
3903	76
3904	85
3905	89
3906	84
3907	62
3908	86
3909	75
3910	80
3911	79
3912	77
3913	75
3914	73
3915	75
3916	65
3917	68
3918	91
3919	82
3920	79
3921	75
3922	90
3923	74
3924	82
3925	84
3926	81
3927	81
3928	90
3929	78
3930	69
3931	88
3932	62
3933	73
3934	80
3935	75
3936	87
3937	78
3938	67
3939	79
3940	91
3941	81
3942	91
3943	90
3944	83
3945	103
3946	91
3947	80
3948	90
3949	59
3950	82
3951	66
3952	83
3953	82
3954	78
3955	84
3956	101
3957	72
3958	78
3959	89
3960	82
3961	75
3962	96
3963	85
3964	73
3965	85
3966	81
3967	90
3968	97
3969	93
3970	87
3971	92
3972	101
3973	78
3974	75
3975	84
3976	82
3977	90
3978	92
3979	80
3980	91
3981	81
3982	61
3983	80
3984	73
3985	83
3986	86
3987	82
3988	74
3989	87
3990	83
3991	75
3992	96
3993	91
3994	77
3995	89
3996	101
3997	90
3998	69
3999	90
4000	91
4001	90
4002	95
4003	104
4004	94
4005	89
4006	93
4007	93
4008	79
4009	89
4010	97
4011	93
4012	80
4013	92
4014	90
4015	87
4016	100
4017	96
4018	104
4019	97
4020	96
4021	76
4022	89
4023	86
4024	129
4025	101
4026	98
4027	89
4028	90
4029	97
4030	118
4031	110
4032	98
4033	89
4034	100
4035	98
4036	105
4037	102
4038	81
4039	104
4040	101
4041	96
4042	103
4043	99
4044	100
4045	89
4046	87
4047	87
4048	95
4049	115
4050	113
4051	106
4052	105
4053	91
4054	123
4055	117
4056	100
4057	99
4058	99
4059	91
4060	105
4061	97
4062	100
4063	108
4064	105
4065	123
4066	101
4067	99
4068	118
4069	110
4070	121
4071	118
4072	131
4073	96
4074	98
4075	111
4076	106
4077	113
4078	119
4079	119
4080	114
4081	109
4082	124
4083	108
4084	139
4085	115
4086	115
4087	119
4088	106
4089	113
4090	135
4091	117
4092	123
4093	97
4094	118
4095	116
4096	96
4097	111
4098	122
4099	129
4100	112
4101	96
4102	106
4103	117
4104	129
4105	125
4106	117
4107	124
4108	113
4109	115
4110	115
4111	126
4112	126
4113	124
4114	109
4115	115
4116	128
4117	120
4118	108
4119	107
4120	134
4121	111
4122	108
4123	112
4124	125
4125	119
4126	125
4127	130
4128	117
4129	132
4130	127
4131	135
4132	130
4133	149
4134	144
4135	124
4136	114
4137	114
4138	136
4139	123
4140	116
4141	115
4142	115
4143	124
4144	122
4145	118
4146	126
4147	128
4148	125
4149	133
4150	115
4151	121
4152	129
4153	124
4154	138
4155	131
4156	130
4157	123
4158	129
4159	129
4160	125
4161	124
4162	140
4163	131
4164	123
4165	110
4166	145
4167	122
4168	137
4169	133
4170	145
4171	115
4172	114
4173	130
4174	130
4175	144
4176	145
4177	132
4178	137
4179	125
4180	133
4181	135
4182	145
4183	113
4184	119
4185	134
4186	141
4187	127
4188	135
4189	141
4190	114
4191	127
4192	119
4193	113
4194	140
4195	153
4196	131
4197	129
4198	128
4199	139
4200	136
4201	138
4202	133
4203	111
4204	135
4205	139
4206	128
4207	133
4208	136
4209	137
4210	132
4211	117
4212	124
4213	124
4214	102
4215	127
4216	135
4217	125
4218	146
4219	127
4220	122
4221	125
4222	151
4223	134
4224	104
4225	126
4226	132
4227	123
4228	144
4229	133
4230	132
4231	134
4232	112
4233	124
4234	117
4235	158
4236	125
4237	128
4238	124
4239	123
4240	100
4241	137
4242	121
4243	131
4244	148
4245	112
4246	104
4247	123
4248	142
4249	132
4250	147
4251	134
4252	126
4253	113
4254	114
4255	111
4256	113
4257	125
4258	112
4259	137
4260	121
4261	132
4262	127
4263	105
4264	127
4265	119
4266	114
4267	128
4268	117
4269	118
4270	128
4271	125
4272	125
4273	115
4274	123
4275	124
4276	117
4277	139
4278	126
4279	110
4280	137
4281	127
4282	108
4283	113
4284	133
4285	117
4286	104
4287	126
4288	121
4289	112
4290	117
4291	119
4292	94
4293	104
4294	124
4295	110
4296	109
4297	122
4298	114
4299	103
4300	113
4301	123
4302	104
4303	106
4304	110
4305	113
4306	117
4307	140
4308	99
4309	115
4310	113
4311	107
4312	103
4313	112
4314	94
4315	111
4316	96
4317	115
4318	109
4319	103
4320	112
4321	100
4322	93
4323	114
4324	108
4325	113
4326	89
4327	126
4328	104
4329	109
4330	85
4331	110
4332	97
4333	90
4334	115
4335	106
4336	105
4337	106
4338	93
4339	108
4340	102
4341	89
4342	110
4343	106
4344	101
4345	103
4346	108
4347	112
4348	88
4349	106
4350	115
4351	94
4352	95
4353	118
4354	79
4355	84
4356	108
4357	69
4358	84
4359	96
4360	95
4361	95
4362	73
4363	72
4364	82
4365	96
4366	79
4367	105
4368	85
4369	100
4370	90
4371	85
4372	78
4373	91
4374	95
4375	96
4376	89
4377	89
4378	83
4379	85
4380	66
4381	91
4382	82
4383	70
4384	94
4385	76
4386	88
4387	98
4388	76
4389	71
4390	61
4391	88
4392	85
4393	82
4394	76
4395	79
4396	66
4397	77
4398	76
4399	75
4400	78
4401	64
4402	82
4403	65
4404	80
4405	61
4406	68
4407	76
4408	61
4409	77
4410	58
4411	78
4412	66
4413	76
4414	76
4415	55
4416	69
4417	67
4418	52
4419	55
4420	65
4421	78
4422	84
4423	68
4424	65
4425	69
4426	62
4427	76
4428	59
4429	55
4430	79
4431	71
4432	55
4433	58
4434	68
4435	76
4436	74
4437	60
4438	69
4439	48
4440	55
4441	63
4442	47
4443	56
4444	76
4445	75
4446	59
4447	56
4448	56
4449	65
4450	55
4451	68
4452	59
4453	71
4454	66
4455	59
4456	68
4457	53
4458	54
4459	55
4460	56
4461	57
4462	56
4463	57
4464	55
4465	61
4466	45
4467	57
4468	59
4469	68
4470	46
4471	64
4472	56
4473	47
4474	55
4475	50
4476	62
4477	61
4478	69
4479	50
4480	58
4481	58
4482	53
4483	48
4484	54
4485	59
4486	58
4487	42
4488	44
4489	54
4490	66
4491	44
4492	54
4493	54
4494	51
4495	41
4496	44
4497	52
4498	45
4499	49
4500	58
4501	48
4502	50
4503	63
4504	50
4505	46
4506	47
4507	70
4508	48
4509	49
4510	45
4511	43
4512	48
4513	65
4514	56
4515	48
4516	37
4517	55
4518	43
4519	51
4520	48
4521	44
4522	64
4523	59
4524	49
4525	48
4526	42
4527	46
4528	51
4529	57
4530	41
4531	35
4532	44
4533	71
4534	51
4535	57
4536	39
4537	40
4538	57
4539	51
4540	47
4541	48
4542	45
4543	53
4544	60
4545	54
4546	52
4547	60
4548	42
4549	54
4550	62
4551	61
4552	57
4553	49
4554	44
4555	62
4556	58
4557	45
4558	44
4559	63
4560	64
4561	58
4562	49
4563	50
4564	49
4565	68
4566	41
4567	59
4568	59
4569	54
4570	38
4571	46
4572	52
4573	68
4574	48
4575	52
4576	90
4577	59
4578	61
4579	61
4580	55
4581	64
4582	53
4583	62
4584	63
4585	56
4586	71
4587	72
4588	65
4589	67
4590	53
4591	65
4592	72
4593	70
4594	71
4595	68
4596	65
4597	79
4598	70
4599	62
4600	61
4601	64
4602	64
4603	58
4604	46
4605	60
4606	78
4607	80
4608	64
4609	72
4610	65
4611	66
4612	62
4613	60
4614	79
4615	78
4616	75
4617	71
4618	67
4619	62
4620	84
4621	59
4622	65
4623	56
4624	83
4625	76
4626	87
4627	56
4628	82
4629	75
4630	79
4631	82
4632	97
4633	78
4634	84
4635	84
4636	72
4637	92
4638	82
4639	95
4640	81
4641	95
4642	94
4643	88
4644	87
4645	96
4646	86
4647	94
4648	94
4649	83
4650	101
4651	67
4652	98
4653	96
4654	91
4655	106
4656	98
4657	97
4658	102
4659	114
4660	98
4661	107
4662	96
4663	93
4664	103
4665	106
4666	109
4667	93
4668	93
4669	101
4670	104
4671	84
4672	126
4673	100
4674	108
4675	106
4676	101
4677	98
4678	134
4679	116
4680	131
4681	89
4682	122
4683	107
4684	124
4685	102
4686	125
4687	122
4688	115
4689	121
4690	135
4691	120
4692	122
4693	124
4694	138
4695	117
4696	131
4697	138
4698	109
4699	117
4700	124
4701	136
4702	121
4703	137
4704	125
4705	169
4706	119
4707	133
4708	128
4709	112
4710	122
4711	127
4712	156
4713	144
4714	171
4715	146
4716	142
4717	137
4718	152
4719	159
4720	147
4721	133
4722	153
4723	140
4724	140
4725	138
4726	138
4727	140
4728	169
4729	143
4730	161
4731	150
4732	163
4733	142
4734	157
4735	147
4736	161
4737	153
4738	158
4739	178
4740	165
4741	169
4742	171
4743	161
4744	168
4745	173
4746	160
4747	157
4748	186
4749	173
4750	164
4751	208
4752	180
4753	174
4754	169
4755	181
4756	175
4757	167
4758	160
4759	175
4760	156
4761	162
4762	170
4763	190
4764	199
4765	190
4766	199
4767	190
4768	184
4769	189
4770	199
4771	201
4772	175
4773	190
4774	225
4775	194
4776	196
4777	200
4778	196
4779	212
4780	193
4781	229
4782	197
4783	205
4784	198
4785	210
4786	227
4787	216
4788	200
4789	219
4790	183
4791	198
4792	169
4793	224
4794	204
4795	226
4796	227
4797	236
4798	197
4799	212
4800	231
4801	232
4802	230
4803	236
4804	214
4805	241
4806	219
4807	221
4808	235
4809	230
4810	247
4811	242
4812	252
4813	223
4814	227
4815	268
4816	212
4817	233
4818	233
4819	246
4820	223
4821	241
4822	263
4823	256
4824	243
4825	243
4826	235
4827	264
4828	234
4829	259
4830	252
4831	255
4832	261
4833	261
4834	241
4835	242
4836	237
4837	260
4838	231
4839	247
4840	260
4841	236
4842	244
4843	242
4844	268
4845	244
4846	270
4847	227
4848	281
4849	252
4850	258
4851	260
4852	255
4853	282
4854	253
4855	270
4856	272
4857	300
4858	236
4859	280
4860	251
4861	253
4862	291
4863	254
4864	263
4865	245
4866	262
4867	291
4868	260
4869	281
4870	256
4871	271
4872	270
4873	289
4874	294
4875	273
4876	269
4877	305
4878	280
4879	277
4880	286
4881	265
4882	273
4883	284
4884	300
4885	252
4886	278
4887	309
4888	289
4889	301
4890	284
4891	279
4892	293
4893	284
4894	310
4895	301
4896	300
4897	281
4898	293
4899	300
4900	285
4901	307
4902	307
4903	268
4904	323
4905	298
4906	311
4907	292
4908	278
4909	283
4910	302
4911	303
4912	328
4913	295
4914	301
4915	295
4916	281
4917	297
4918	307
4919	314
4920	281
4921	285
4922	352
4923	311
4924	283
4925	301
4926	320
4927	321
4928	313
4929	289
4930	322
4931	293
4932	295
4933	322
4934	299
4935	291
4936	300
4937	316
4938	311
4939	314
4940	311
4941	304
4942	315
4943	303
4944	310
4945	320
4946	302
4947	311
4948	293
4949	311
4950	306
4951	302
4952	334
4953	304
4954	304
4955	305
4956	313
4957	311
4958	300
4959	313
4960	305
4961	302
4962	332
4963	321
4964	293
4965	294
4966	335
4967	300
4968	295
4969	316
4970	295
4971	340
4972	305
4973	315
4974	324
4975	299
4976	333
4977	333
4978	310
4979	293
4980	297
4981	300
4982	285
4983	342
4984	327
4985	345
4986	305
4987	309
4988	311
4989	310
4990	298
4991	299
4992	294
4993	334
4994	306
4995	260
4996	341
4997	336
4998	324
4999	345
5000	324
5001	321
5002	340
5003	328
5004	296
5005	267
5006	309
5007	299
5008	278
5009	320
5010	305
5011	331
5012	287
5013	306
5014	299
5015	317
5016	310
5017	313
5018	268
5019	304
5020	280
5021	325
5022	310
5023	287
5024	315
5025	292
5026	284
5027	310
5028	310
5029	290
5030	303
5031	317
5032	299
5033	303
5034	315
5035	302
5036	323
5037	288
5038	304
5039	265
5040	305
5041	296
5042	299
5043	318
5044	280
5045	291
5046	292
5047	291
5048	298
5049	279
5050	298
5051	280
5052	296
5053	275
5054	254
5055	260
5056	269
5057	320
5058	305
5059	299
5060	272
5061	305
5062	281
5063	283
5064	259
5065	269
5066	273
5067	290
5068	274
5069	284
5070	275
5071	318
5072	257
5073	287
5074	283
5075	297
5076	275
5077	269
5078	250
5079	271
5080	290
5081	272
5082	280
5083	269
5084	263
5085	256
5086	271
5087	257
5088	286
5089	260
5090	256
5091	244
5092	282
5093	281
5094	269
5095	284
5096	283
5097	279
5098	248
5099	268
5100	225
5101	238
5102	241
5103	249
5104	269
5105	252
5106	252
5107	265
5108	248
5109	246
5110	250
5111	220
5112	244
5113	243
5114	261
5115	242
5116	252
5117	230
5118	250
5119	249
5120	243
5121	264
5122	250
5123	267
5124	258
5125	235
5126	262
5127	247
5128	245
5129	245
5130	253
5131	262
5132	241
5133	248
5134	246
5135	265
5136	248
5137	259
5138	238
5139	222
5140	218
5141	233
5142	203
5143	192
5144	236
5145	219
5146	219
5147	220
5148	222
5149	206
5150	194
5151	218
5152	196
5153	210
5154	227
5155	206
5156	218
5157	228
5158	215
5159	208
5160	216
5161	201
5162	216
5163	202
5164	207
5165	220
5166	235
5167	224
5168	223
5169	233
5170	204
5171	199
5172	210
5173	207
5174	180
5175	210
5176	189
5177	183
5178	243
5179	222
5180	195
5181	197
5182	189
5183	178
5184	179
5185	178
5186	177
5187	186
5188	196
5189	199
5190	178
5191	180
5192	203
5193	187
5194	185
5195	190
5196	175
5197	204
5198	194
5199	181
5200	166
5201	203
5202	197
5203	181
5204	172
5205	175
5206	198
5207	166
5208	166
5209	166
5210	172
5211	146
5212	163
5213	168
5214	153
5215	183
5216	180
5217	152
5218	175
5219	167
5220	170
5221	171
5222	188
5223	160
5224	155
5225	164
5226	174
5227	177
5228	164
5229	151
5230	168
5231	174
5232	174
5233	142
5234	163
5235	170
5236	164
5237	177
5238	153
5239	156
5240	144
5241	141
5242	150
5243	149
5244	143
5245	164
5246	140
5247	146
5248	157
5249	131
5250	144
5251	148
5252	161
5253	163
5254	157
5255	133
5256	138
5257	142
5258	156
5259	137
5260	143
5261	134
5262	149
5263	124
5264	122
5265	159
5266	151
5267	141
5268	132
5269	134
5270	133
5271	143
5272	141
5273	136
5274	140
5275	136
5276	144
5277	116
5278	138
5279	118
5280	152
5281	130
5282	135
5283	127
5284	132
5285	126
5286	124
5287	119
5288	121
5289	132
5290	126
5291	130
5292	139
5293	110
5294	127
5295	116
5296	147
5297	132
5298	131
5299	135
5300	146
5301	122
5302	114
5303	139
5304	131
5305	115
5306	120
5307	134
5308	114
5309	120
5310	131
5311	107
5312	118
5313	131
5314	117
5315	121
5316	108
5317	128
5318	111
5319	119
5320	145
5321	110
5322	123
5323	106
5324	104
5325	120
5326	128
5327	108
5328	112
5329	113
5330	117
5331	122
5332	122
5333	120
5334	124
5335	97
5336	113
5337	119
5338	115
5339	109
5340	137
5341	112
5342	113
5343	136
5344	96
5345	108
5346	118
5347	119
5348	112
5349	123
5350	108
5351	114
5352	113
5353	139
5354	102
5355	116
5356	115
5357	128
5358	115
5359	101
5360	118
5361	89
5362	112
5363	123
5364	105
5365	99
5366	95
5367	97
5368	111
5369	122
5370	108
5371	110
5372	103
5373	105
5374	93
5375	100
5376	95
5377	89
5378	95
5379	105
5380	88
5381	103
5382	107
5383	101
5384	118
5385	101
5386	88
5387	100
5388	111
5389	113
5390	89
5391	104
5392	81
5393	112
5394	92
5395	102
5396	100
5397	86
5398	116
5399	111
5400	115
5401	93
5402	94
5403	89
5404	90
5405	100
5406	105
5407	103
5408	99
5409	85
5410	96
5411	98
5412	102
5413	88
5414	93
5415	101
5416	97
5417	92
5418	80
5419	97
5420	79
5421	98
5422	98
5423	88
5424	100
5425	88
5426	93
5427	105
5428	106
5429	70
5430	102
5431	90
5432	80
5433	81
5434	91
5435	101
5436	109
5437	82
5438	106
5439	93
5440	92
5441	88
5442	90
5443	103
5444	77
5445	98
5446	105
5447	102
5448	85
5449	102
5450	93
5451	78
5452	83
5453	98
5454	89
5455	81
5456	86
5457	85
5458	90
5459	99
5460	96
5461	91
5462	80
5463	80
5464	85
5465	100
5466	91
5467	85
5468	75
5469	98
5470	98
5471	75
5472	79
5473	76
5474	96
5475	94
5476	104
5477	80
5478	86
5479	102
5480	103
5481	86
5482	94
5483	81
5484	89
5485	90
5486	93
5487	96
5488	83
5489	90
5490	78
5491	73
5492	96
5493	81
5494	68
5495	74
5496	75
5497	97
5498	87
5499	83
5500	97
5501	90
5502	86
5503	86
5504	91
5505	83
5506	90
5507	68
5508	66
5509	75
5510	71
5511	87
5512	86
5513	71
5514	92
5515	92
5516	71
5517	89
5518	84
5519	72
5520	79
5521	82
5522	91
5523	78
5524	80
5525	84
5526	85
5527	84
5528	67
5529	80
5530	64
5531	83
5532	88
5533	97
5534	61
5535	71
5536	84
5537	85
5538	87
5539	118
5540	75
5541	71
5542	75
5543	68
5544	76
5545	73
5546	85
5547	68
5548	68
5549	83
5550	70
5551	73
5552	69
5553	64
5554	82
5555	78
5556	77
5557	65
5558	68
5559	71
5560	75
5561	69
5562	62
5563	68
5564	67
5565	83
5566	60
5567	68
5568	72
5569	71
5570	73
5571	76
5572	70
5573	76
5574	59
5575	80
5576	72
5577	65
5578	76
5579	68
5580	72
5581	74
5582	71
5583	76
5584	80
5585	55
5586	74
5587	78
5588	78
5589	65
5590	79
5591	54
5592	66
5593	68
5594	75
5595	80
5596	65
5597	58
5598	66
5599	61
5600	60
5601	62
5602	63
5603	73
5604	58
5605	67
5606	64
5607	62
5608	51
5609	51
5610	71
5611	78
5612	50
5613	62
5614	62
5615	60
5616	59
5617	66
5618	55
5619	63
5620	66
5621	58
5622	48
5623	60
5624	59
5625	51
5626	51
5627	65
5628	65
5629	62
5630	71
5631	67
5632	56
5633	59
5634	54
5635	65
5636	45
5637	54
5638	60
5639	46
5640	64
5641	43
5642	66
5643	58
5644	54
5645	51
5646	66
5647	41
5648	47
5649	45
5650	53
5651	55
5652	46
5653	43
5654	52
5655	45
5656	60
5657	55
5658	50
5659	58
5660	47
5661	47
5662	38
5663	46
5664	41
5665	44
5666	59
5667	39
5668	56
5669	51
5670	55
5671	50
5672	45
5673	36
5674	45
5675	59
5676	61
5677	53
5678	57
5679	61
5680	48
5681	31
5682	50
5683	44
5684	55
5685	40
5686	45
5687	38
5688	51
5689	48
5690	44
5691	47
5692	41
5693	39
5694	36
5695	43
5696	49
5697	47
5698	35
5699	36
5700	43
5701	46
5702	47
5703	44
5704	32
5705	36
5706	41
5707	41
5708	35
5709	41
5710	45
5711	42
5712	42
5713	34
5714	34
5715	49
5716	31
5717	34
5718	35
5719	55
5720	42
5721	35
5722	32
5723	40
5724	30
5725	34
5726	36
5727	32
5728	43
5729	27
5730	37
5731	35
5732	42
5733	40
5734	42
5735	37
5736	31
5737	36
5738	44
5739	36
5740	32
5741	41
5742	34
5743	38
5744	36
5745	40
5746	28
5747	39
5748	28
5749	37
5750	33
5751	34
5752	24
5753	30
5754	39
5755	38
5756	40
5757	22
5758	37
5759	31
5760	25
5761	21
5762	38
5763	34
5764	29
5765	25
5766	32
5767	28
5768	28
5769	30
5770	26
5771	29
5772	30
5773	32
5774	41
5775	34
5776	43
5777	29
5778	27
5779	29
5780	23
5781	20
5782	20
5783	37
5784	19
5785	27
5786	20
5787	25
5788	35
5789	23
5790	29
5791	23
5792	30
5793	24
5794	27
5795	30
5796	28
5797	27
5798	28
5799	25
5800	31
5801	17
5802	29
5803	17
5804	20
5805	22
5806	25
5807	27
5808	25
5809	22
5810	33
5811	30
5812	26
5813	25
5814	27
5815	25
5816	27
5817	24
5818	17
5819	22
5820	30
5821	19
5822	23
5823	17
5824	24
5825	31
5826	29
5827	32
5828	18
5829	27
5830	20
5831	27
5832	24
5833	29
5834	17
5835	26
5836	28
5837	22
5838	29
5839	23
5840	15
5841	25
5842	13
5843	25
5844	17
5845	21
5846	20
5847	27
5848	26
5849	16
5850	18
5851	26
5852	23
5853	28
5854	27
5855	13
5856	22
5857	23
5858	19
5859	17
5860	18
5861	17
5862	17
5863	25
5864	24
5865	26
5866	15
5867	24
5868	18
5869	18
5870	28
5871	19
5872	27
5873	11
5874	14
5875	22
5876	21
5877	12
5878	18
5879	26
5880	15
5881	19
5882	20
5883	19
5884	23
5885	26
5886	26
5887	22
5888	21
5889	19
5890	27
5891	26
5892	20
5893	14
5894	18
5895	17
5896	22
5897	24
5898	26
5899	18
5900	23
5901	26
5902	24
5903	24
5904	12
5905	17
5906	25
5907	23
5908	21
5909	17
5910	27
5911	19
5912	21
5913	10
5914	26
5915	27
5916	13
5917	20
5918	20
5919	21
5920	26
5921	13
5922	14
5923	22
5924	21
5925	26
5926	23
5927	15
5928	22
5929	23
5930	26
5931	19
5932	25
5933	13
5934	21
5935	23
5936	6
5937	22
5938	19
5939	22
5940	25
5941	22
5942	22
5943	23
5944	24
5945	14
5946	16
5947	23
5948	18
5949	19
5950	20
5951	12
5952	14
5953	12
5954	18
5955	15
5956	30
5957	19
5958	13
5959	18
5960	30
5961	23
5962	17
5963	15
5964	20
5965	24
5966	22
5967	22
5968	10
5969	18
5970	28
5971	15
5972	12
5973	19
5974	14
5975	20
5976	17
5977	16
5978	26
5979	22
5980	19
5981	18
5982	16
5983	19
5984	24
5985	18
5986	26
5987	15
5988	22
5989	25
5990	23
5991	22
5992	14
5993	21
5994	15
5995	11
5996	19
5997	18
5998	26
5999	21
6000	22
6001	21
6002	24
6003	19
6004	22
6005	8
6006	21
6007	23
6008	22
6009	24
6010	22
6011	24
6012	19
6013	21
6014	23
6015	21
6016	19
6017	21
6018	22
6019	22
6020	22
6021	20
6022	23
6023	21
6024	17
6025	20
6026	27
6027	25
6028	16
6029	20
6030	22
6031	28
6032	22
6033	32
6034	25
6035	20
6036	19
6037	21
6038	23
6039	27
6040	15
6041	32
6042	22
6043	14
6044	22
6045	19
6046	25
6047	16
6048	27
6049	26
6050	23
6051	32
6052	21
6053	18
6054	26
6055	19
6056	26
6057	28
6058	18
6059	22
6060	20
6061	23
6062	25
6063	23
6064	18
6065	40
6066	28
6067	18
6068	28
6069	28
6070	31
6071	25
6072	23
6073	18
6074	30
6075	18
6076	23
6077	26
6078	16
6079	20
6080	25
6081	20
6082	21
6083	20
6084	29
6085	25
6086	27
6087	23
6088	15
6089	17
6090	24
6091	16
6092	30
6093	23
6094	19
6095	31
6096	15
6097	22
6098	22
6099	23
6100	25
6101	16
6102	26
6103	21
6104	20
6105	18
6106	23
6107	32
6108	26
6109	25
6110	21
6111	33
6112	30
6113	21
6114	27
6115	29
6116	25
6117	37
6118	21
6119	23
6120	31
6121	33
6122	24
6123	28
6124	22
6125	19
6126	29
6127	30
6128	27
6129	23
6130	25
6131	25
6132	35
6133	19
6134	18
6135	27
6136	23
6137	25
6138	32
6139	25
6140	20
6141	31
6142	22
6143	25
6144	37
6145	28
6146	34
6147	25
6148	29
6149	30
6150	23
6151	30
6152	23
6153	25
6154	26
6155	19
6156	18
6157	20
6158	22
6159	16
6160	24
6161	32
6162	26
6163	25
6164	23
6165	26
6166	32
6167	31
6168	34
6169	27
6170	23
6171	34
6172	39
6173	30
6174	28
6175	20
6176	26
6177	27
6178	27
6179	31
6180	35
6181	26
6182	29
6183	34
6184	29
6185	25
6186	30
6187	23
6188	20
6189	30
6190	23
6191	31
6192	32
6193	24
6194	16
6195	34
6196	25
6197	24
6198	35
6199	23
6200	20
6201	28
6202	27
6203	26
6204	31
6205	27
6206	34
6207	26
6208	31
6209	22
6210	23
6211	27
6212	32
6213	21
6214	25
6215	26
6216	32
6217	20
6218	25
6219	31
6220	39
6221	26
6222	33
6223	23
6224	25
6225	26
6226	25
6227	26
6228	30
6229	28
6230	21
6231	27
6232	28
6233	26
6234	45
6235	28
6236	23
6237	28
6238	28
6239	36
6240	24
6241	25
6242	32
6243	30
6244	25
6245	25
6246	32
6247	22
6248	29
6249	25
6250	32
6251	30
6252	18
6253	25
6254	30
6255	31
6256	37
6257	34
6258	25
6259	34
6260	26
6261	21
6262	28
6263	42
6264	26
6265	28
6266	29
6267	22
6268	26
6269	21
6270	30
6271	26
6272	21
6273	22
6274	31
6275	38
6276	26
6277	43
6278	25
6279	19
6280	30
6281	22
6282	24
6283	24
6284	22
6285	22
6286	31
6287	29
6288	25
6289	26
6290	15
6291	23
6292	34
6293	22
6294	29
6295	18
6296	26
6297	32
6298	33
6299	22
6300	30
6301	28
6302	24
6303	38
6304	28
6305	29
6306	20
6307	19
6308	24
6309	30
6310	25
6311	27
6312	36
6313	19
6314	38
6315	24
6316	22
6317	22
6318	32
6319	26
6320	19
6321	23
6322	24
6323	19
6324	26
6325	21
6326	17
6327	18
6328	22
6329	23
6330	25
6331	22
6332	36
6333	23
6334	24
6335	22
6336	20
6337	31
6338	27
6339	24
6340	27
6341	24
6342	20
6343	25
6344	27
6345	26
6346	25
6347	22
6348	23
6349	20
6350	25
6351	29
6352	24
6353	20
6354	20
6355	24
6356	24
6357	20
6358	21
6359	20
6360	24
6361	21
6362	26
6363	16
6364	29
6365	31
6366	30
6367	14
6368	21
6369	21
6370	22
6371	17
6372	18
6373	24
6374	19
6375	20
6376	24
6377	14
6378	21
6379	26
6380	28
6381	27
6382	27
6383	18
6384	34
6385	17
6386	19
6387	23
6388	26
6389	29
6390	31
6391	21
6392	20
6393	24
6394	21
6395	20
6396	20
6397	24
6398	28
6399	25
6400	22
6401	20
6402	25
6403	20
6404	20
6405	25
6406	16
6407	27
6408	25
6409	16
6410	20
6411	17
6412	20
6413	27
6414	16
6415	20
6416	19
6417	22
6418	17
6419	20
6420	23
6421	15
6422	18
6423	15
6424	19
6425	22
6426	26
6427	21
6428	19
6429	15
6430	18
6431	21
6432	26
6433	13
6434	20
6435	21
6436	18
6437	19
6438	23
6439	13
6440	22
6441	20
6442	17
6443	14
6444	18
6445	16
6446	24
6447	20
6448	21
6449	18
6450	13
6451	24
6452	14
6453	18
6454	17
6455	23
6456	20
6457	19
6458	22
6459	22
6460	18
6461	18
6462	13
6463	23
6464	13
6465	11
6466	14
6467	12
6468	12
6469	14
6470	12
6471	13
6472	26
6473	11
6474	9
6475	14
6476	18
6477	18
6478	13
6479	16
6480	19
6481	22
6482	22
6483	19
6484	15
6485	16
6486	17
6487	11
6488	13
6489	12
6490	12
6491	13
6492	12
6493	18
6494	19
6495	10
6496	14
6497	23
6498	17
6499	17
6500	18
6501	12
6502	14
6503	10
6504	9
6505	13
6506	7
6507	20
6508	12
6509	12
6510	13
6511	11
6512	19
6513	5
6514	10
6515	11
6516	15
6517	15
6518	16
6519	14
6520	13
6521	10
6522	10
6523	13
6524	17
6525	16
6526	14
6527	14
6528	12
6529	13
6530	15
6531	11
6532	10
6533	11
6534	9
6535	18
6536	10
6537	13
6538	14
6539	15
6540	12
6541	14
6542	13
6543	11
6544	8
6545	10
6546	9
6547	8
6548	12
6549	14
6550	7
6551	4
6552	10
6553	15
6554	7
6555	11
6556	6
6557	11
6558	16
6559	11
6560	5
6561	10
6562	17
6563	8
6564	9
6565	6
6566	9
6567	12
6568	12
6569	10
6570	4
6571	13
6572	8
6573	8
6574	9
6575	13
6576	13
6577	11
6578	9
6579	11
6580	10
6581	5
6582	10
6583	11
6584	11
6585	9
6586	10
6587	5
6588	10
6589	7
6590	17
6591	5
6592	12
6593	4
6594	10
6595	13
6596	10
6597	3
6598	6
6599	4
6600	7
6601	10
6602	14
6603	10
6604	7
6605	5
6606	12
6607	10
6608	9
6609	7
6610	11
6611	9
6612	8
6613	11
6614	7
6615	2
6616	6
6617	11
6618	14
6619	9
6620	10
6621	7
6622	6
6623	6
6624	4
6625	5
6626	3
6627	8
6628	4
6629	7
6630	5
6631	6
6632	8
6633	4
6634	10
6635	9
6636	3
6637	2
6638	5
6639	6
6640	8
6641	8
6642	5
6643	5
6644	7
6645	7
6646	6
6647	5
6648	8
6649	5
6650	5
6651	10
6652	8
6653	7
6654	1
6655	4
6656	8
6657	8
6658	4
6659	5
6660	5
6661	4
6662	10
6663	7
6664	7
6665	4
6666	4
6667	4
6668	6
6669	9
6670	13
6671	5
6672	7
6673	7
6674	6
6675	6
6676	4
6677	6
6678	4
6679	6
6680	5
6681	7
6682	4
6683	8
6684	4
6685	11
6686	3
6687	9
6688	8
6689	4
6690	7
6691	9
6692	3
6693	8
6694	3
6695	5
6696	5
6697	3
6698	6
6699	6
6700	3
6701	7
6702	6
6703	5
6704	7
6705	6
6706	2
6707	11
6708	11
6709	5
6710	9
6711	5
6712	4
6713	8
6714	8
6715	3
6716	3
6717	7
6718	6
6719	8
6720	8
6721	7
6722	2
6723	9
6724	1
6725	7
6726	5
6727	3
6728	5
6729	3
6730	7
6731	3
6732	8
6733	4
6734	2
6735	3
6736	5
6737	9
6738	6
6739	4
6740	3
6741	4
6742	5
6743	8
6744	4
6745	6
6746	4
6747	4
6748	3
6749	4
6750	6
6751	4
6752	3
6753	3
6754	8
6755	6
6756	10
6757	5
6758	7
6759	5
6760	5
6761	2
6762	5
6763	10
6764	1
6765	5
6766	7
6767	4
6768	7
6769	5
6770	8
6771	3
6772	0
6773	6
6774	4
6775	4
6776	2
6777	5
6778	4
6779	3
6780	1
6781	2
6782	1
6783	5
6784	6
6785	3
6786	3
6787	5
6788	5
6789	0
6790	3
6791	4
6792	5
6793	6
6794	10
6795	1
6796	4
6797	5
6798	4
6799	2
6800	4
6801	6
6802	4
6803	8
6804	6
6805	5
6806	2
6807	3
6808	3
6809	3
6810	4
6811	3
6812	4
6813	0
6814	4
6815	3
6816	2
6817	1
6818	3
6819	2
6820	2
6821	3
6822	3
6823	5
6824	3
6825	2
6826	6
6827	5
6828	2
6829	6
6830	4
6831	1
6832	2
6833	5
6834	4
6835	3
6836	6
6837	1
6838	2
6839	4
6840	2
6841	3
6842	2
6843	6
6844	6
6845	5
6846	1
6847	1
6848	2
6849	1
6850	7
6851	3
6852	6
6853	3
6854	4
6855	4
6856	2
6857	3
6858	4
6859	4
6860	4
6861	3
6862	0
6863	3
6864	4
6865	2
6866	5
6867	2
6868	3
6869	5
6870	4
6871	2
6872	6
6873	3
6874	4
6875	2
6876	2
6877	2
6878	4
6879	4
6880	3
6881	8
6882	2
6883	3
6884	3
6885	2
6886	4
6887	2
6888	5
6889	3
6890	1
6891	1
6892	8
6893	1
6894	10
6895	6
6896	2
6897	0
6898	2
6899	4
6900	2
6901	4
6902	3
6903	2
6904	2
6905	4
6906	3
6907	3
6908	2
6909	5
6910	1
6911	2
6912	5
6913	1
6914	3
6915	3
6916	5
6917	3
6918	2
6919	5
6920	4
6921	2
6922	2
6923	2
6924	6
6925	3
6926	2
6927	2
6928	2
6929	3
6930	1
6931	3
6932	1
6933	5
6934	4
6935	4
6936	3
6937	5
6938	1
6939	2
6940	5
6941	2
6942	6
6943	1
6944	4
6945	6
6946	1
6947	4
6948	2
6949	1
6950	4
6951	4
6952	2
6953	4
6954	1
6955	2
6956	2
6957	5
6958	3
6959	3
6960	2
6961	3
6962	4
6963	2
6964	3
6965	3
6966	4
6967	2
6968	6
6969	3
6970	1
6971	2
6972	4
6973	1
6974	1
6975	3
6976	3
6977	5
6978	5
6979	2
6980	2
6981	1
6982	1
6983	2
6984	3
6985	1
6986	2
6987	1
6988	4
6989	2
6990	1
6991	3
6992	1
6993	6
6994	3
6995	5
6996	3
6997	5
6998	0
6999	2
7000	1
7001	2
7002	3
7003	4
7004	3
7005	1
7006	6
7007	2
7008	2
7009	2
7010	3
7011	4
7012	4
7013	0
7014	3
7015	1
7016	1
7017	3
7018	3
7019	3
7020	2
7021	4
7022	2
7023	3
7024	1
7025	2
7026	2
7027	3
7028	2
7029	4
7030	4
7031	4
7032	3
7033	1
7034	2
7035	3
7036	3
7037	1
7038	3
7039	3
7040	3
7041	1
7042	3
7043	6
7044	4
7045	1
7046	4
7047	4
7048	2
7049	3
7050	4
7051	3
7052	1
7053	3
7054	1
7055	5
7056	2
7057	3
7058	1
7059	6
7060	2
7061	4
7062	0
7063	5
7064	2
7065	1
7066	2
7067	1
7068	3
7069	1
7070	3
7071	2
7072	2
7073	3
7074	4
7075	1
7076	2
7077	2
7078	4
7079	1
7080	1
7081	0
7082	0
7083	2
7084	1
7085	2
7086	3
7087	0
7088	0
7089	8
7090	0
7091	1
7092	1
7093	1
7094	2
7095	0
7096	3
7097	2
7098	1
7099	1
7100	3
7101	3
7102	3
7103	2
7104	1
7105	2
7106	5
7107	1
7108	2
7109	2
7110	1
7111	2
7112	2
7113	1
7114	1
7115	2
7116	1
7117	0
7118	1
7119	4
7120	2
7121	3
7122	1
7123	1
7124	3
7125	5
7126	3
7127	2
7128	3
7129	3
7130	0
7131	2
7132	2
7133	2
7134	2
7135	2
7136	1
7137	1
7138	0
7139	2
7140	0
7141	1
7142	3
7143	3
7144	1
7145	2
7146	2
7147	1
7148	1
7149	1
7150	3
7151	3
7152	2
7153	3
7154	3
7155	1
7156	1
7157	5
7158	1
7159	2
7160	2
7161	2
7162	1
7163	3
7164	1
7165	1
7166	5
7167	2
7168	1
7169	1
7170	3
7171	2
7172	0
7173	1
7174	3
7175	3
7176	0
7177	1
7178	2
7179	0
7180	1
7181	1
7182	0
7183	3
7184	0
7185	3
7186	3
7187	1
7188	2
7189	3
7190	3
7191	1
7192	1
7193	1
7194	1
7195	3
7196	4
7197	1
7198	2
7199	0
7200	3
7201	1
7202	2
7203	1
7204	1
7205	1
7206	0
7207	3
7208	0
7209	2
7210	2
7211	2
7212	2
7213	1
7214	2
7215	3
7216	4
7217	2
7218	1
7219	1
7220	1
7221	1
7222	2
7223	0
7224	3
7225	3
7226	3
7227	2
7228	2
7229	2
7230	2
7231	4
7232	2
7233	2
7234	3
7235	2
7236	2
7237	2
7238	3
7239	1
7240	0
7241	0
7242	1
7243	3
7244	5
7245	1
7246	0
7247	2
7248	0
7249	3
7250	3
7251	2
7252	0
7253	2
7254	1
7255	2
7256	2
7257	1
7258	1
7259	1
7260	3
7261	1
7262	2
7263	1
7264	1
7265	0
7266	4
7267	2
7268	1
7269	1
7270	3
7271	2
7272	0
7273	2
7274	1
7275	2
7276	1
7277	0
7278	2
7279	1
7280	0
7281	3
7282	0
7283	0
7284	2
7285	3
7286	4
7287	2
7288	1
7289	3
7290	2
7291	1
7292	0
7293	3
7294	0
7295	4
7296	3
7297	3
7298	1
7299	2
7300	1
7301	1
7302	1
7303	0
7304	4
7305	1
7306	2
7307	0
7308	3
7309	0
7310	1
7311	0
7312	0
7313	3
7314	1
7315	0
7316	1
7317	3
7318	2
7319	1
7320	4
7321	2
7322	2
7323	3
7324	0
7325	2
7326	2
7327	6
7328	2
7329	3
7330	0
7331	0
7332	1
7333	0
7334	2
7335	5
7336	1
7337	1
7338	2
7339	1
7340	1
7341	1
7342	0
7343	0
7344	1
7345	3
7346	2
7347	3
7348	2
7349	2
7350	1
7351	3
7352	1
7353	1
7354	1
7355	0
7356	0
7357	2
7358	1
7359	1
7360	1
7361	0
7362	0
7363	1
7364	2
7365	1
7366	2
7367	2
7368	3
7369	1
7370	1
7371	1
7372	0
7373	3
7374	0
7375	2
7376	2
7377	1
7378	0
7379	1
7380	2
7381	4
7382	2
7383	1
7384	0
7385	1
7386	2
7387	2
7388	2
7389	0
7390	4
7391	4
7392	2
7393	0
7394	2
7395	1
7396	1
7397	2
7398	0
7399	4
7400	3
7401	1
7402	0
7403	1
7404	2
7405	1
7406	1
7407	4
7408	1
7409	3
7410	1
7411	2
7412	3
7413	0
7414	2
7415	0
7416	2
7417	2
7418	4
7419	1
7420	1
7421	1
7422	0
7423	1
7424	0
7425	0
7426	2
7427	1
7428	0
7429	0
7430	0
7431	0
7432	0
7433	0
7434	3
7435	1
7436	2
7437	1
7438	1
7439	2
7440	1
7441	3
7442	0
7443	0
7444	1
7445	2
7446	0
7447	3
7448	1
7449	5
7450	2
7451	0
7452	0
7453	0
7454	1
7455	2
7456	1
7457	0
7458	3
7459	2
7460	1
7461	0
7462	2
7463	1
7464	0
7465	2
7466	1
7467	1
7468	1
7469	1
7470	0
7471	2
7472	0
7473	0
7474	4
7475	1
7476	1
7477	3
7478	2
7479	2
7480	0
7481	0
7482	1
7483	4
7484	2
7485	0
7486	2
7487	0
7488	1
7489	4
7490	3
7491	1
7492	1
7493	2
7494	0
7495	0
7496	2
7497	1
7498	1
7499	1
7500	0
7501	1
7502	2
7503	2
7504	3
7505	0
7506	1
7507	2
7508	0
7509	1
7510	1
7511	1
7512	1
7513	1
7514	3
7515	0
7516	1
7517	1
7518	1
7519	0
7520	2
7521	0
7522	0
7523	3
7524	1
7525	3
7526	1
7527	0
7528	1
7529	2
7530	0
7531	0
7532	1
7533	1
7534	1
7535	1
7536	0
7537	1
7538	0
7539	2
7540	1
7541	0
7542	2
7543	1
7544	1
7545	0
7546	0
7547	2
7548	1
7549	2
7550	1
7551	0
7552	3
7553	2
7554	1
7555	0
7556	3
7557	0
7558	4
7559	1
7560	3
7561	1
7562	0
7563	3
7564	0
7565	0
7566	1
7567	0
7568	1
7569	3
7570	1
7571	1
7572	1
7573	2
7574	0
7575	0
7576	0
7577	2
7578	0
7579	2
7580	0
7581	1
7582	1
7583	0
7584	1
7585	0
7586	0
7587	0
7588	0
7589	2
7590	1
7591	1
7592	2
7593	0
7594	2
7595	0
7596	0
7597	0
7598	2
7599	0
7600	1
7601	1
7602	0
7603	0
7604	1
7605	1
7606	1
7607	2
7608	1
7609	1
7610	0
7611	0
7612	0
7613	1
7614	2
7615	0
7616	0
7617	0
7618	0
7619	0
7620	1
7621	1
7622	0
7623	0
7624	0
7625	0
7626	2
7627	1
7628	1
7629	1
7630	2
7631	0
7632	1
7633	0
7634	3
7635	0
7636	1
7637	3
7638	1
7639	2
7640	1
7641	0
7642	0
7643	1
7644	1
7645	3
7646	1
7647	1
7648	0
7649	1
7650	1
7651	3
7652	0
7653	0
7654	1
7655	1
7656	0
7657	2
7658	0
7659	0
7660	4
7661	1
7662	0
7663	2
7664	0
7665	1
7666	2
7667	1
7668	1
7669	1
7670	0
7671	1
7672	0
7673	2
7674	0
7675	1
7676	0
7677	0
7678	1
7679	1
7680	1
7681	2
7682	0
7683	0
7684	0
7685	1
7686	1
7687	2
7688	1
7689	0
7690	2
7691	0
7692	1
7693	1
7694	0
7695	0
7696	1
7697	2
7698	0
7699	1
7700	3
7701	4
7702	0
7703	0
7704	0
7705	0
7706	1
7707	0
7708	2
7709	1
7710	1
7711	0
7712	2
7713	2
7714	4
7715	0
7716	2
7717	2
7718	1
7719	1
7720	1
7721	0
7722	0
7723	0
7724	1
7725	0
7726	1
7727	0
7728	1
7729	0
7730	1
7731	1
7732	1
7733	1
7734	1
7735	0
7736	0
7737	2
7738	0
7739	1
7740	0
7741	2
7742	5
7743	0
7744	0
7745	0
7746	1
7747	0
7748	1
7749	4
7750	1
7751	2
7752	1
7753	0
7754	1
7755	3
7756	2
7757	2
7758	2
7759	0
7760	0
7761	0
7762	2
7763	0
7764	1
7765	0
7766	2
7767	0
7768	1
7769	3
7770	0
7771	1
7772	1
7773	0
7774	2
7775	0
7776	1
7777	0
7778	0
7779	1
7780	0
7781	2
7782	1
7783	0
7784	2
7785	1
7786	1
7787	0
7788	3
7789	3
7790	0
7791	0
7792	1
7793	1
7794	2
7795	1
7796	1
7797	1
7798	2
7799	1
7800	2
7801	3
7802	2
7803	3
7804	0
7805	1
7806	0
7807	0
7808	0
7809	0
7810	3
7811	1
7812	1
7813	2
7814	0
7815	1
7816	1
7817	2
7818	0
7819	1
7820	2
7821	0
7822	3
7823	2
7824	2
7825	0
7826	1
7827	0
7828	2
7829	3
7830	2
7831	1
7832	1
7833	0
7834	0
7835	1
7836	1
7837	1
7838	0
7839	0
7840	0
7841	0
7842	0
7843	1
7844	1
7845	2
7846	1
7847	1
7848	2
7849	0
7850	0
7851	2
7852	0
7853	2
7854	0
7855	2
7856	1
7857	1
7858	1
7859	0
7860	2
7861	1
7862	2
7863	1
7864	0
7865	0
7866	1
7867	2
7868	0
7869	1
7870	1
7871	0
7872	0
7873	0
7874	0
7875	1
7876	1
7877	1
7878	1
7879	1
7880	1
7881	0
7882	1
7883	3
7884	0
7885	1
7886	1
7887	0
7888	0
7889	1
7890	0
7891	1
7892	0
7893	1
7894	1
7895	1
7896	0
7897	1
7898	1
7899	1
7900	2
7901	1
7902	1
7903	1
7904	1
7905	2
7906	0
7907	3
7908	1
7909	0
7910	0
7911	1
7912	1
7913	1
7914	0
7915	1
7916	0
7917	1
7918	0
7919	2
7920	2
7921	1
7922	0
7923	0
7924	1
7925	2
7926	3
7927	0
7928	2
7929	1
7930	4
7931	2
7932	1
7933	0
7934	1
7935	1
7936	2
7937	1
7938	0
7939	0
7940	1
7941	1
7942	1
7943	1
7944	0
7945	1
7946	0
7947	1
7948	1
7949	2
7950	0
7951	0
7952	0
7953	0
7954	0
7955	3
7956	0
7957	0
7958	0
7959	0
7960	1
7961	1
7962	0
7963	0
7964	3
7965	0
7966	1
7967	1
7968	1
7969	1
7970	0
7971	1
7972	0
7973	0
7974	3
7975	1
7976	0
7977	0
7978	0
7979	2
7980	2
7981	0
7982	2
7983	0
7984	1
7985	1
7986	3
7987	1
7988	0
7989	0
7990	2
7991	1
7992	1
7993	4
7994	0
7995	3
7996	0
7997	1
7998	2
7999	2
8000	2
8001	0
8002	1
8003	1
8004	0
8005	0
8006	2
8007	1
8008	2
8009	0
8010	1
8011	0
8012	0
8013	0
8014	2
8015	1
8016	1
8017	1
8018	0
8019	1
8020	0
8021	0
8022	2
8023	0
8024	1
8025	0
8026	3
8027	1
8028	1
8029	0
8030	1
8031	2
8032	0
8033	1
8034	1
8035	0
8036	3
8037	0
8038	2
8039	0
8040	1
8041	4
8042	1
8043	0
8044	2
8045	2
8046	1
8047	0
8048	1
8049	1
8050	1
8051	2
8052	1
8053	1
8054	3
8055	0
8056	0
8057	0
8058	3
8059	1
8060	3
8061	0
8062	1
8063	1
8064	0
8065	0
8066	2
8067	1
8068	1
8069	1
8070	0
8071	1
8072	0
8073	1
8074	0
8075	1
8076	1
8077	1
8078	1
8079	0
8080	0
8081	2
8082	2
8083	3
8084	0
8085	1
8086	3
8087	1
8088	0
8089	0
8090	2
8091	3
8092	0
8093	2
8094	0
8095	0
8096	1
8097	0
8098	1
8099	1
8100	1
8101	1
8102	1
8103	1
8104	0
8105	1
8106	0
8107	0
8108	0
8109	0
8110	2
8111	0
8112	0
8113	0
8114	1
8115	0
8116	0
8117	1
8118	0
8119	3
8120	0
8121	0
8122	0
8123	0
8124	0
8125	0
8126	0
8127	0
8128	0
8129	1
8130	0
8131	1
8132	0
8133	1
8134	0
8135	1
8136	0
8137	1
8138	0
8139	0
8140	0
8141	0
8142	1
8143	0
8144	0
8145	0
8146	0
8147	0
8148	0
8149	0
8150	0
8151	0
8152	0
8153	0
8154	0
8155	0
8156	0
8157	0
8158	0
8159	0
8160	0
8161	0
8162	0
8163	0
8164	0
8165	0
8166	0
8167	0
8168	0
8169	0
8170	0
8171	0
8172	0
8173	0
8174	0
8175	0
8176	0
8177	0
8178	0
8179	0
8180	0
8181	0
8182	0
8183	0
8184	0
8185	0
8186	0
8187	0
8188	0
8189	0
8190	0
8191	0
