0	0
1	0
2	0
3	0
4	0
5	0
6	0
7	0
8	0
9	0
10	0
11	0
12	0
13	0
14	0
15	0
16	0
17	0
18	0
19	0
20	0
21	0
22	0
23	0
24	0
25	0
26	0
27	0
28	0
29	0
30	0
31	0
32	0
33	0
34	0
35	0
36	0
37	0
38	0
39	0
40	0
41	0
42	0
43	0
44	0
45	0
46	0
47	0
48	0
49	0
50	0
51	0
52	0
53	0
54	0
55	0
56	0
57	0
58	0
59	0
60	0
61	0
62	0
63	0
64	0
65	0
66	0
67	0
68	0
69	0
70	8
71	51
72	86
73	113
74	109
75	114
76	117
77	105
78	113
79	107
80	113
81	109
82	128
83	120
84	104
85	99
86	104
87	118
88	115
89	97
90	100
91	125
92	103
93	112
94	102
95	110
96	110
97	128
98	103
99	116
100	114
101	110
102	103
103	121
104	97
105	116
106	113
107	119
108	98
109	113
110	144
111	104
112	109
113	122
114	125
115	112
116	121
117	117
118	139
119	145
120	131
121	104
122	118
123	113
124	115
125	123
126	120
127	129
128	131
129	107
130	132
131	131
132	150
133	104
134	133
135	110
136	121
137	109
138	115
139	99
140	135
141	128
142	111
143	121
144	113
145	136
146	110
147	122
148	123
149	121
150	138
151	111
152	126
153	125
154	128
155	128
156	125
157	141
158	143
159	148
160	127
161	155
162	123
163	130
164	131
165	135
166	118
167	122
168	136
169	125
170	139
171	121
172	131
173	131
174	136
175	143
176	143
177	158
178	135
179	139
180	131
181	145
182	141
183	130
184	131
185	135
186	148
187	141
188	161
189	170
190	172
191	160
192	136
193	163
194	137
195	129
196	166
197	133
198	122
199	129
200	136
201	147
202	139
203	147
204	162
205	128
206	136
207	126
208	123
209	142
210	116
211	148
212	132
213	142
214	133
215	159
216	150
217	139
218	134
219	132
220	136
221	142
222	152
223	170
224	142
225	154
226	152
227	116
228	160
229	144
230	156
231	156
232	154
233	146
234	132
235	152
236	154
237	139
238	122
239	146
240	135
241	143
242	124
243	160
244	153
245	152
246	152
247	139
248	143
249	150
250	147
251	129
252	151
253	150
254	149
255	143
256	173
257	148
258	159
259	155
260	152
261	116
262	142
263	151
264	141
265	123
266	141
267	131
268	137
269	123
270	128
271	139
272	127
273	161
274	144
275	132
276	144
277	154
278	157
279	187
280	143
281	150
282	149
283	156
284	146
285	139
286	141
287	147
288	143
289	146
290	156
291	146
292	140
293	144
294	151
295	130
296	149
297	146
298	144
299	155
300	143
301	143
302	151
303	154
304	144
305	135
306	157
307	151
308	154
309	138
310	149
311	123
312	146
313	156
314	157
315	136
316	142
317	139
318	187
319	148
320	146
321	169
322	151
323	140
324	136
325	166
326	157
327	140
328	144
329	161
330	146
331	157
332	161
333	152
334	151
335	160
336	138
337	144
338	144
339	134
340	144
341	143
342	162
343	146
344	147
345	151
346	170
347	145
348	183
349	145
350	129
351	143
352	146
353	134
354	131
355	139
356	123
357	156
358	157
359	145
360	139
361	162
362	157
363	138
364	159
365	149
366	136
367	130
368	133
369	143
370	129
371	137
372	149
373	141
374	134
375	164
376	158
377	151
378	153
379	154
380	133
381	159
382	123
383	147
384	144
385	152
386	146
387	122
388	146
389	144
390	136
391	154
392	132
393	142
394	133
395	158
396	164
397	133
398	148
399	143
400	144
401	153
402	145
403	149
404	165
405	130
406	145
407	171
408	142
409	165
410	142
411	141
412	161
413	152
414	132
415	158
416	149
417	162
418	142
419	129
420	138
421	128
422	124
423	137
424	175
425	139
426	151
427	153
428	138
429	147
430	168
431	148
432	157
433	166
434	149
435	155
436	147
437	136
438	138
439	150
440	146
441	157
442	142
443	144
444	148
445	127
446	146
447	141
448	142
449	168
450	166
451	134
452	145
453	155
454	174
455	159
456	154
457	162
458	148
459	138
460	138
461	159
462	150
463	159
464	145
465	153
466	133
467	182
468	155
469	135
470	149
471	144
472	163
473	158
474	164
475	145
476	134
477	141
478	172
479	181
480	142
481	154
482	153
483	162
484	163
485	130
486	168
487	140
488	147
489	156
490	146
491	159
492	163
493	152
494	152
495	157
496	154
497	150
498	161
499	157
500	178
501	167
502	171
503	180
504	158
505	136
506	172
507	193
508	173
509	183
510	154
511	170
512	173
513	176
514	184
515	181
516	162
517	173
518	171
519	167
520	181
521	202
522	178
523	197
524	192
525	208
526	210
527	201
528	186
529	177
530	201
531	205
532	207
533	188
534	189
535	200
536	192
537	210
538	171
539	224
540	175
541	194
542	201
543	197
544	202
545	199
546	212
547	218
548	199
549	215
550	215
551	218
552	212
553	216
554	214
555	227
556	206
557	224
558	195
559	212
560	209
561	239
562	223
563	212
564	198
565	192
566	216
567	214
568	221
569	204
570	206
571	189
572	189
573	204
574	202
575	194
576	203
577	202
578	195
579	211
580	221
581	196
582	185
583	193
584	196
585	213
586	193
587	177
588	198
589	185
590	209
591	200
592	193
593	205
594	188
595	187
596	191
597	176
598	197
599	184
600	167
601	182
602	153
603	191
604	173
605	179
606	190
607	185
608	182
609	159
610	172
611	180
612	179
613	187
614	199
615	188
616	162
617	171
618	154
619	193
620	200
621	163
622	199
623	184
624	180
625	173
626	185
627	144
628	155
629	191
630	169
631	153
632	168
633	165
634	154
635	172
636	161
637	163
638	181
639	175
640	186
641	176
642	162
643	152
644	197
645	161
646	168
647	180
648	162
649	157
650	159
651	161
652	138
653	169
654	157
655	145
656	171
657	140
658	163
659	175
660	151
661	155
662	151
663	162
664	161
665	138
666	168
667	155
668	157
669	150
670	157
671	150
672	161
673	151
674	180
675	141
676	151
677	159
678	133
679	165
680	169
681	146
682	159
683	156
684	149
685	147
686	165
687	175
688	163
689	151
690	176
691	166
692	140
693	143
694	152
695	172
696	160
697	159
698	157
699	157
700	153
701	166
702	150
703	123
704	145
705	149
706	166
707	129
708	136
709	155
710	164
711	130
712	148
713	159
714	150
715	143
716	138
717	124
718	158
719	147
720	125
721	137
722	143
723	149
724	162
725	145
726	160
727	156
728	130
729	166
730	163
731	147
732	159
733	103
734	145
735	118
736	147
737	148
738	123
739	119
740	140
741	146
742	159
743	152
744	127
745	141
746	142
747	146
748	131
749	133
750	131
751	136
752	154
753	142
754	131
755	159
756	144
757	144
758	153
759	124
760	148
761	124
762	147
763	141
764	150
765	162
766	132
767	135
768	140
769	133
770	134
771	118
772	116
773	148
774	140
775	152
776	129
777	128
778	127
779	132
780	130
781	139
782	135
783	136
784	131
785	106
786	139
787	133
788	117
789	140
790	139
791	163
792	126
793	122
794	116
795	149
796	146
797	125
798	122
799	146
800	117
801	119
802	134
803	143
804	125
805	136
806	142
807	141
808	111
809	102
810	136
811	121
812	125
813	113
814	104
815	122
816	119
817	110
818	121
819	132
820	138
821	107
822	124
823	128
824	128
825	163
826	131
827	144
828	121
829	122
830	114
831	127
832	117
833	131
834	143
835	122
836	134
837	102
838	110
839	139
840	114
841	109
842	110
843	122
844	128
845	122
846	102
847	124
848	99
849	124
850	128
851	108
852	113
853	133
854	98
855	141
856	116
857	109
858	125
859	124
860	116
861	113
862	116
863	108
864	112
865	139
866	105
867	124
868	113
869	112
870	113
871	123
872	119
873	125
874	124
875	124
876	104
877	113
878	104
879	113
880	124
881	122
882	112
883	128
884	108
885	103
886	117
887	113
888	119
889	113
890	112
891	125
892	95
893	104
894	117
895	122
896	104
897	104
898	116
899	113
900	98
901	119
902	101
903	115
904	98
905	119
906	104
907	116
908	129
909	118
910	96
911	129
912	123
913	107
914	121
915	102
916	105
917	111
918	101
919	106
920	123
921	120
922	107
923	120
924	96
925	103
926	116
927	108
928	117
929	104
930	95
931	87
932	78
933	95
934	103
935	127
936	116
937	110
938	92
939	107
940	119
941	112
942	115
943	101
944	103
945	118
946	103
947	99
948	102
949	110
950	128
951	97
952	97
953	114
954	99
955	98
956	94
957	120
958	114
959	111
960	118
961	128
962	102
963	122
964	131
965	126
966	104
967	102
968	103
969	106
970	114
971	103
972	127
973	98
974	109
975	112
976	116
977	125
978	123
979	109
980	117
981	106
982	117
983	118
984	109
985	109
986	105
987	116
988	110
989	104
990	109
991	104
992	115
993	108
994	106
995	110
996	119
997	113
998	94
999	119
1000	102
1001	126
1002	107
1003	103
1004	111
1005	125
1006	110
1007	116
1008	103
1009	119
1010	117
1011	112
1012	123
1013	111
1014	95
1015	122
1016	103
1017	108
1018	119
1019	109
1020	113
1021	117
1022	97
1023	113
1024	104
1025	98
1026	110
1027	111
1028	107
1029	104
1030	107
1031	137
1032	94
1033	103
1034	97
1035	124
1036	97
1037	108
1038	105
1039	103
1040	103
1041	112
1042	93
1043	103
1044	99
1045	107
1046	96
1047	87
1048	114
1049	104
1050	98
1051	102
1052	100
1053	95
1054	98
1055	96
1056	118
1057	92
1058	87
1059	120
1060	100
1061	110
1062	93
1063	104
1064	102
1065	80
1066	102
1067	98
1068	92
1069	108
1070	112
1071	92
1072	107
1073	72
1074	100
1075	101
1076	94
1077	84
1078	93
1079	102
1080	80
1081	78
1082	82
1083	77
1084	107
1085	95
1086	91
1087	94
1088	96
1089	83
1090	86
1091	93
1092	80
1093	79
1094	82
1095	73
1096	88
1097	76
1098	87
1099	77
1100	77
1101	93
1102	85
1103	83
1104	79
1105	73
1106	84
1107	82
1108	69
1109	76
1110	74
1111	69
1112	95
1113	72
1114	77
1115	78
1116	68
1117	75
1118	70
1119	56
1120	71
1121	74
1122	79
1123	68
1124	67
1125	81
1126	58
1127	60
1128	73
1129	63
1130	72
1131	74
1132	54
1133	75
1134	59
1135	74
1136	55
1137	55
1138	52
1139	55
1140	62
1141	66
1142	69
1143	63
1144	58
1145	70
1146	72
1147	62
1148	54
1149	65
1150	65
1151	51
1152	77
1153	50
1154	63
1155	63
1156	66
1157	59
1158	55
1159	41
1160	58
1161	56
1162	48
1163	50
1164	55
1165	52
1166	56
1167	46
1168	43
1169	57
1170	48
1171	59
1172	47
1173	52
1174	53
1175	52
1176	57
1177	61
1178	51
1179	40
1180	48
1181	49
1182	46
1183	60
1184	50
1185	50
1186	51
1187	38
1188	54
1189	44
1190	37
1191	56
1192	61
1193	55
1194	34
1195	50
1196	37
1197	53
1198	49
1199	40
1200	55
1201	46
1202	61
1203	35
1204	43
1205	43
1206	53
1207	50
1208	42
1209	47
1210	52
1211	58
1212	51
1213	47
1214	43
1215	42
1216	44
1217	50
1218	42
1219	50
1220	44
1221	50
1222	53
1223	48
1224	40
1225	48
1226	47
1227	39
1228	40
1229	37
1230	46
1231	38
1232	54
1233	45
1234	48
1235	36
1236	50
1237	54
1238	42
1239	41
1240	41
1241	43
1242	36
1243	35
1244	43
1245	41
1246	35
1247	46
1248	35
1249	41
1250	44
1251	38
1252	34
1253	42
1254	55
1255	40
1256	46
1257	42
1258	42
1259	43
1260	64
1261	48
1262	43
1263	49
1264	48
1265	47
1266	42
1267	36
1268	51
1269	42
1270	38
1271	28
1272	40
1273	41
1274	40
1275	36
1276	33
1277	47
1278	65
1279	47
1280	37
1281	38
1282	33
1283	33
1284	27
1285	43
1286	36
1287	44
1288	33
1289	47
1290	43
1291	35
1292	38
1293	37
1294	41
1295	48
1296	54
1297	37
1298	41
1299	42
1300	36
1301	40
1302	47
1303	38
1304	46
1305	39
1306	34
1307	37
1308	31
1309	46
1310	47
1311	48
1312	30
1313	55
1314	28
1315	39
1316	40
1317	39
1318	46
1319	45
1320	41
1321	41
1322	47
1323	46
1324	47
1325	32
1326	45
1327	36
1328	47
1329	47
1330	42
1331	45
1332	37
1333	47
1334	39
1335	45
1336	39
1337	37
1338	51
1339	27
1340	40
1341	33
1342	35
1343	41
1344	36
1345	49
1346	47
1347	29
1348	29
1349	23
1350	39
1351	41
1352	32
1353	43
1354	34
1355	43
1356	34
1357	28
1358	45
1359	34
1360	33
1361	30
1362	31
1363	30
1364	30
1365	33
1366	34
1367	27
1368	27
1369	40
1370	50
1371	30
1372	38
1373	29
1374	34
1375	32
1376	32
1377	29
1378	35
1379	40
1380	43
1381	29
1382	32
1383	32
1384	29
1385	40
1386	30
1387	40
1388	30
1389	32
1390	37
1391	35
1392	38
1393	27
1394	31
1395	48
1396	39
1397	33
1398	35
1399	33
1400	45
1401	27
1402	26
1403	27
1404	28
1405	31
1406	42
1407	44
1408	40
1409	37
1410	27
1411	50
1412	39
1413	29
1414	38
1415	35
1416	28
1417	38
1418	29
1419	29
1420	36
1421	21
1422	41
1423	35
1424	33
1425	37
1426	36
1427	36
1428	43
1429	36
1430	26
1431	33
1432	28
1433	27
1434	36
1435	25
1436	39
1437	42
1438	43
1439	33
1440	31
1441	38
1442	36
1443	26
1444	33
1445	26
1446	36
1447	44
1448	37
1449	33
1450	35
1451	30
1452	40
1453	31
1454	33
1455	33
1456	42
1457	31
1458	26
1459	31
1460	34
1461	42
1462	45
1463	29
1464	35
1465	32
1466	24
1467	27
1468	38
1469	37
1470	36
1471	40
1472	38
1473	33
1474	38
1475	32
1476	34
1477	34
1478	31
1479	32
1480	35
1481	29
1482	43
1483	34
1484	32
1485	28
1486	34
1487	35
1488	26
1489	35
1490	44
1491	32
1492	29
1493	23
1494	34
1495	43
1496	37
1497	34
1498	33
1499	28
1500	26
1501	36
1502	25
1503	31
1504	33
1505	38
1506	46
1507	30
1508	28
1509	22
1510	28
1511	29
1512	40
1513	31
1514	37
1515	35
1516	23
1517	23
1518	28
1519	28
1520	41
1521	37
1522	31
1523	33
1524	28
1525	27
1526	28
1527	37
1528	36
1529	35
1530	38
1531	29
1532	39
1533	34
1534	33
1535	44
1536	29
1537	30
1538	27
1539	34
1540	32
1541	36
1542	39
1543	33
1544	30
1545	40
1546	36
1547	36
1548	43
1549	33
1550	23
1551	27
1552	38
1553	41
1554	42
1555	26
1556	39
1557	47
1558	30
1559	38
1560	32
1561	32
1562	44
1563	42
1564	32
1565	42
1566	37
1567	46
1568	26
1569	44
1570	35
1571	42
1572	38
1573	33
1574	38
1575	35
1576	29
1577	39
1578	43
1579	47
1580	40
1581	49
1582	44
1583	44
1584	46
1585	56
1586	47
1587	31
1588	42
1589	49
1590	41
1591	50
1592	57
1593	46
1594	67
1595	48
1596	66
1597	40
1598	65
1599	50
1600	66
1601	61
1602	76
1603	61
1604	59
1605	76
1606	63
1607	68
1608	69
1609	78
1610	70
1611	71
1612	73
1613	83
1614	87
1615	86
1616	83
1617	97
1618	80
1619	99
1620	95
1621	115
1622	105
1623	105
1624	98
1625	128
1626	116
1627	123
1628	115
1629	139
1630	118
1631	165
1632	142
1633	156
1634	176
1635	129
1636	151
1637	134
1638	181
1639	155
1640	161
1641	182
1642	173
1643	182
1644	193
1645	172
1646	207
1647	200
1648	186
1649	193
1650	220
1651	211
1652	251
1653	249
1654	260
1655	269
1656	238
1657	268
1658	275
1659	269
1660	267
1661	287
1662	280
1663	307
1664	286
1665	307
1666	328
1667	314
1668	349
1669	349
1670	351
1671	369
1672	346
1673	348
1674	365
1675	390
1676	426
1677	386
1678	413
1679	432
1680	448
1681	447
1682	482
1683	455
1684	444
1685	489
1686	481
1687	478
1688	500
1689	513
1690	519
1691	475
1692	541
1693	479
1694	543
1695	527
1696	555
1697	515
1698	590
1699	563
1700	591
1701	579
1702	586
1703	567
1704	602
1705	557
1706	615
1707	634
1708	637
1709	632
1710	639
1711	633
1712	650
1713	658
1714	663
1715	622
1716	672
1717	698
1718	669
1719	672
1720	640
1721	676
1722	689
1723	704
1724	678
1725	707
1726	758
1727	780
1728	703
1729	750
1730	724
1731	724
1732	705
1733	740
1734	702
1735	752
1736	733
1737	710
1738	765
1739	681
1740	684
1741	717
1742	744
1743	720
1744	765
1745	722
1746	775
1747	777
1748	746
1749	733
1750	742
1751	730
1752	753
1753	713
1754	713
1755	698
1756	694
1757	690
1758	721
1759	683
1760	695
1761	657
1762	642
1763	663
1764	695
1765	651
1766	680
1767	653
1768	618
1769	634
1770	696
1771	616
1772	618
1773	618
1774	603
1775	571
1776	592
1777	590
1778	587
1779	556
1780	564
1781	568
1782	538
1783	555
1784	543
1785	527
1786	536
1787	529
1788	512
1789	495
1790	495
1791	482
1792	440
1793	491
1794	496
1795	439
1796	451
1797	404
1798	412
1799	399
1800	412
1801	432
1802	416
1803	405
1804	395
1805	356
1806	388
1807	356
1808	355
1809	393
1810	322
1811	304
1812	313
1813	306
1814	296
1815	247
1816	248
1817	283
1818	310
1819	281
1820	266
1821	242
1822	234
1823	242
1824	256
1825	246
1826	216
1827	170
1828	199
1829	220
1830	178
1831	186
1832	171
1833	181
1834	182
1835	186
1836	167
1837	153
1838	154
1839	148
1840	163
1841	128
1842	134
1843	104
1844	127
1845	132
1846	106
1847	103
1848	122
1849	100
1850	91
1851	95
1852	85
1853	97
1854	72
1855	88
1856	91
1857	71
1858	90
1859	72
1860	67
1861	68
1862	58
1863	79
1864	79
1865	62
1866	47
1867	68
1868	50
1869	57
1870	59
1871	51
1872	50
1873	55
1874	59
1875	36
1876	61
1877	48
1878	47
1879	48
1880	40
1881	42
1882	40
1883	41
1884	34
1885	43
1886	33
1887	30
1888	29
1889	35
1890	35
1891	35
1892	36
1893	24
1894	23
1895	31
1896	33
1897	37
1898	27
1899	29
1900	26
1901	23
1902	27
1903	31
1904	25
1905	20
1906	30
1907	16
1908	19
1909	19
1910	17
1911	19
1912	13
1913	24
1914	21
1915	27
1916	6
1917	16
1918	22
1919	27
1920	17
1921	20
1922	17
1923	20
1924	23
1925	14
1926	17
1927	27
1928	20
1929	20
1930	15
1931	15
1932	13
1933	21
1934	18
1935	22
1936	29
1937	15
1938	33
1939	21
1940	20
1941	11
1942	19
1943	18
1944	31
1945	16
1946	19
1947	32
1948	20
1949	20
1950	20
1951	14
1952	34
1953	21
1954	19
1955	16
1956	17
1957	24
1958	27
1959	19
1960	21
1961	26
1962	26
1963	14
1964	29
1965	19
1966	20
1967	19
1968	17
1969	25
1970	23
1971	11
1972	25
1973	27
1974	19
1975	18
1976	17
1977	18
1978	26
1979	17
1980	18
1981	20
1982	16
1983	23
1984	20
1985	17
1986	23
1987	24
1988	20
1989	22
1990	20
1991	12
1992	18
1993	23
1994	18
1995	25
1996	17
1997	15
1998	18
1999	21
2000	22
2001	17
2002	14
2003	19
2004	27
2005	16
2006	18
2007	23
2008	17
2009	21
2010	13
2011	23
2012	21
2013	18
2014	18
2015	23
2016	14
2017	12
2018	24
2019	13
2020	17
2021	28
2022	24
2023	24
2024	21
2025	27
2026	29
2027	16
2028	15
2029	15
2030	20
2031	18
2032	11
2033	22
2034	16
2035	21
2036	20
2037	22
2038	24
2039	29
2040	19
2041	14
2042	17
2043	15
2044	11
2045	18
2046	25
2047	19
2048	24
2049	19
2050	17
2051	22
2052	22
2053	28
2054	23
2055	14
2056	27
2057	23
2058	19
2059	28
2060	22
2061	16
2062	15
2063	17
2064	23
2065	15
2066	18
2067	15
2068	19
2069	24
2070	18
2071	16
2072	19
2073	25
2074	12
2075	16
2076	33
2077	13
2078	28
2079	16
2080	21
2081	13
2082	17
2083	21
2084	28
2085	24
2086	17
2087	32
2088	18
2089	24
2090	13
2091	17
2092	20
2093	21
2094	25
2095	12
2096	17
2097	16
2098	20
2099	28
2100	19
2101	23
2102	24
2103	14
2104	12
2105	25
2106	18
2107	16
2108	24
2109	17
2110	16
2111	19
2112	25
2113	14
2114	22
2115	22
2116	22
2117	24
2118	11
2119	16
2120	21
2121	18
2122	28
2123	20
2124	15
2125	13
2126	18
2127	12
2128	20
2129	19
2130	17
2131	16
2132	14
2133	20
2134	23
2135	26
2136	16
2137	15
2138	22
2139	17
2140	21
2141	26
2142	23
2143	30
2144	25
2145	21
2146	22
2147	14
2148	25
2149	12
2150	14
2151	14
2152	25
2153	15
2154	11
2155	18
2156	17
2157	17
2158	20
2159	14
2160	20
2161	23
2162	15
2163	31
2164	17
2165	13
2166	15
2167	23
2168	22
2169	18
2170	16
2171	20
2172	14
2173	15
2174	17
2175	13
2176	24
2177	18
2178	18
2179	19
2180	14
2181	25
2182	20
2183	21
2184	17
2185	19
2186	17
2187	16
2188	13
2189	18
2190	17
2191	19
2192	22
2193	21
2194	12
2195	20
2196	20
2197	16
2198	21
2199	16
2200	19
2201	17
2202	12
2203	21
2204	14
2205	18
2206	19
2207	20
2208	11
2209	25
2210	24
2211	20
2212	11
2213	21
2214	22
2215	29
2216	17
2217	21
2218	28
2219	16
2220	16
2221	16
2222	15
2223	17
2224	16
2225	22
2226	17
2227	22
2228	21
2229	15
2230	23
2231	15
2232	16
2233	18
2234	17
2235	13
2236	21
2237	15
2238	16
2239	20
2240	24
2241	15
2242	7
2243	12
2244	18
2245	17
2246	21
2247	25
2248	21
2249	18
2250	20
2251	18
2252	26
2253	12
2254	24
2255	17
2256	21
2257	18
2258	23
2259	22
2260	21
2261	18
2262	12
2263	20
2264	15
2265	12
2266	13
2267	16
2268	17
2269	17
2270	17
2271	20
2272	24
2273	24
2274	23
2275	11
2276	15
2277	26
2278	12
2279	29
2280	23
2281	16
2282	28
2283	25
2284	17
2285	24
2286	12
2287	20
2288	21
2289	13
2290	20
2291	22
2292	16
2293	20
2294	23
2295	23
2296	13
2297	17
2298	22
2299	22
2300	20
2301	17
2302	16
2303	20
2304	19
2305	23
2306	25
2307	28
2308	24
2309	25
2310	20
2311	21
2312	15
2313	19
2314	17
2315	18
2316	18
2317	17
2318	22
2319	16
2320	13
2321	19
2322	15
2323	15
2324	22
2325	18
2326	15
2327	20
2328	17
2329	23
2330	21
2331	19
2332	20
2333	21
2334	25
2335	14
2336	23
2337	21
2338	22
2339	14
2340	20
2341	21
2342	19
2343	23
2344	19
2345	28
2346	16
2347	25
2348	23
2349	20
2350	14
2351	28
2352	23
2353	19
2354	16
2355	22
2356	23
2357	22
2358	27
2359	26
2360	22
2361	21
2362	21
2363	12
2364	16
2365	15
2366	23
2367	17
2368	19
2369	29
2370	26
2371	21
2372	19
2373	18
2374	18
2375	24
2376	31
2377	31
2378	22
2379	24
2380	20
2381	20
2382	11
2383	21
2384	18
2385	27
2386	22
2387	22
2388	22
2389	18
2390	21
2391	30
2392	20
2393	17
2394	14
2395	21
2396	24
2397	21
2398	19
2399	29
2400	27
2401	24
2402	22
2403	18
2404	23
2405	19
2406	16
2407	15
2408	21
2409	27
2410	18
2411	15
2412	25
2413	20
2414	19
2415	15
2416	23
2417	18
2418	20
2419	23
2420	18
2421	22
2422	15
2423	20
2424	23
2425	22
2426	23
2427	21
2428	17
2429	27
2430	23
2431	21
2432	30
2433	29
2434	34
2435	26
2436	22
2437	11
2438	29
2439	34
2440	22
2441	24
2442	23
2443	24
2444	21
2445	19
2446	23
2447	21
2448	18
2449	15
2450	18
2451	24
2452	19
2453	20
2454	16
2455	20
2456	19
2457	24
2458	18
2459	25
2460	16
2461	16
2462	19
2463	15
2464	24
2465	29
2466	19
2467	28
2468	22
2469	15
2470	24
2471	26
2472	15
2473	23
2474	13
2475	29
2476	26
2477	26
2478	24
2479	29
2480	22
2481	26
2482	15
2483	27
2484	35
2485	15
2486	23
2487	16
2488	25
2489	16
2490	22
2491	22
2492	30
2493	14
2494	18
2495	22
2496	33
2497	20
2498	26
2499	18
2500	19
2501	20
2502	25
2503	22
2504	17
2505	24
2506	20
2507	16
2508	22
2509	11
2510	22
2511	28
2512	24
2513	19
2514	34
2515	26
2516	14
2517	18
2518	24
2519	10
2520	15
2521	28
2522	14
2523	12
2524	22
2525	15
2526	14
2527	16
2528	19
2529	17
2530	23
2531	19
2532	25
2533	17
2534	21
2535	21
2536	14
2537	18
2538	23
2539	27
2540	19
2541	20
2542	16
2543	24
2544	20
2545	27
2546	26
2547	13
2548	15
2549	15
2550	17
2551	24
2552	24
2553	15
2554	18
2555	20
2556	20
2557	15
2558	22
2559	29
2560	15
2561	22
2562	16
2563	21
2564	25
2565	23
2566	17
2567	23
2568	24
2569	15
2570	19
2571	20
2572	16
2573	18
2574	21
2575	22
2576	11
2577	18
2578	16
2579	28
2580	11
2581	21
2582	22
2583	23
2584	21
2585	17
2586	14
2587	20
2588	25
2589	19
2590	27
2591	23
2592	27
2593	15
2594	17
2595	20
2596	19
2597	25
2598	22
2599	14
2600	21
2601	14
2602	17
2603	19
2604	18
2605	17
2606	18
2607	20
2608	14
2609	18
2610	26
2611	20
2612	22
2613	21
2614	19
2615	21
2616	14
2617	19
2618	27
2619	14
2620	9
2621	19
2622	16
2623	12
2624	21
2625	13
2626	12
2627	22
2628	24
2629	14
2630	24
2631	26
2632	11
2633	18
2634	19
2635	9
2636	20
2637	30
2638	15
2639	15
2640	17
2641	23
2642	20
2643	27
2644	18
2645	14
2646	18
2647	24
2648	15
2649	18
2650	15
2651	14
2652	21
2653	15
2654	29
2655	21
2656	21
2657	16
2658	21
2659	19
2660	16
2661	24
2662	25
2663	26
2664	18
2665	24
2666	23
2667	8
2668	17
2669	22
2670	17
2671	23
2672	12
2673	23
2674	18
2675	22
2676	23
2677	19
2678	20
2679	18
2680	23
2681	17
2682	23
2683	19
2684	19
2685	31
2686	14
2687	19
2688	18
2689	17
2690	29
2691	14
2692	12
2693	27
2694	22
2695	15
2696	21
2697	28
2698	13
2699	16
2700	17
2701	14
2702	18
2703	19
2704	19
2705	26
2706	23
2707	22
2708	21
2709	19
2710	30
2711	14
2712	24
2713	16
2714	22
2715	17
2716	23
2717	27
2718	19
2719	18
2720	20
2721	15
2722	21
2723	20
2724	16
2725	10
2726	14
2727	19
2728	19
2729	22
2730	23
2731	22
2732	17
2733	20
2734	11
2735	29
2736	26
2737	24
2738	16
2739	24
2740	20
2741	14
2742	14
2743	18
2744	17
2745	28
2746	13
2747	23
2748	12
2749	15
2750	20
2751	26
2752	25
2753	27
2754	14
2755	22
2756	17
2757	19
2758	22
2759	11
2760	18
2761	21
2762	20
2763	20
2764	21
2765	13
2766	19
2767	13
2768	14
2769	17
2770	22
2771	15
2772	14
2773	22
2774	26
2775	13
2776	21
2777	17
2778	20
2779	21
2780	21
2781	21
2782	22
2783	31
2784	18
2785	21
2786	16
2787	19
2788	19
2789	23
2790	17
2791	18
2792	21
2793	11
2794	18
2795	17
2796	19
2797	20
2798	23
2799	18
2800	25
2801	14
2802	14
2803	21
2804	16
2805	23
2806	19
2807	22
2808	22
2809	23
2810	15
2811	15
2812	30
2813	25
2814	24
2815	15
2816	20
2817	13
2818	13
2819	13
2820	16
2821	12
2822	19
2823	17
2824	16
2825	23
2826	16
2827	16
2828	21
2829	20
2830	11
2831	18
2832	15
2833	21
2834	17
2835	15
2836	18
2837	18
2838	10
2839	19
2840	16
2841	27
2842	19
2843	15
2844	17
2845	16
2846	23
2847	20
2848	22
2849	17
2850	16
2851	23
2852	24
2853	16
2854	18
2855	20
2856	20
2857	17
2858	17
2859	17
2860	21
2861	22
2862	21
2863	20
2864	13
2865	19
2866	22
2867	16
2868	24
2869	19
2870	15
2871	22
2872	16
2873	18
2874	11
2875	14
2876	19
2877	18
2878	7
2879	20
2880	21
2881	23
2882	15
2883	18
2884	18
2885	17
2886	19
2887	14
2888	18
2889	21
2890	14
2891	22
2892	22
2893	22
2894	14
2895	22
2896	19
2897	22
2898	19
2899	10
2900	21
2901	16
2902	20
2903	23
2904	19
2905	25
2906	23
2907	26
2908	28
2909	18
2910	19
2911	28
2912	30
2913	19
2914	14
2915	18
2916	28
2917	17
2918	11
2919	24
2920	11
2921	25
2922	14
2923	20
2924	9
2925	18
2926	18
2927	22
2928	16
2929	19
2930	15
2931	29
2932	19
2933	19
2934	10
2935	16
2936	14
2937	20
2938	21
2939	20
2940	13
2941	23
2942	16
2943	14
2944	22
2945	18
2946	20
2947	23
2948	19
2949	13
2950	22
2951	23
2952	16
2953	16
2954	21
2955	18
2956	14
2957	20
2958	16
2959	19
2960	18
2961	19
2962	20
2963	15
2964	24
2965	11
2966	29
2967	20
2968	21
2969	17
2970	15
2971	20
2972	23
2973	24
2974	16
2975	19
2976	26
2977	31
2978	24
2979	20
2980	24
2981	22
2982	16
2983	25
2984	12
2985	18
2986	17
2987	16
2988	23
2989	24
2990	19
2991	18
2992	22
2993	20
2994	13
2995	18
2996	14
2997	24
2998	25
2999	15
3000	17
3001	19
3002	20
3003	21
3004	19
3005	16
3006	20
3007	19
3008	25
3009	17
3010	21
3011	25
3012	19
3013	16
3014	23
3015	24
3016	16
3017	18
3018	17
3019	17
3020	11
3021	12
3022	14
3023	16
3024	15
3025	24
3026	20
3027	18
3028	25
3029	12
3030	14
3031	19
3032	20
3033	17
3034	23
3035	25
3036	17
3037	16
3038	19
3039	14
3040	15
3041	18
3042	18
3043	25
3044	12
3045	22
3046	17
3047	18
3048	16
3049	18
3050	22
3051	25
3052	18
3053	23
3054	17
3055	19
3056	23
3057	16
3058	18
3059	15
3060	21
3061	23
3062	15
3063	15
3064	20
3065	15
3066	22
3067	23
3068	21
3069	23
3070	23
3071	6
3072	17
3073	22
3074	18
3075	21
3076	24
3077	22
3078	21
3079	15
3080	24
3081	27
3082	26
3083	21
3084	17
3085	19
3086	30
3087	10
3088	15
3089	21
3090	17
3091	17
3092	19
3093	21
3094	25
3095	22
3096	25
3097	24
3098	21
3099	22
3100	19
3101	20
3102	20
3103	16
3104	16
3105	22
3106	26
3107	16
3108	25
3109	17
3110	15
3111	17
3112	20
3113	23
3114	21
3115	23
3116	26
3117	15
3118	30
3119	18
3120	17
3121	20
3122	16
3123	11
3124	26
3125	16
3126	22
3127	23
3128	24
3129	26
3130	25
3131	28
3132	23
3133	15
3134	23
3135	24
3136	20
3137	14
3138	23
3139	14
3140	23
3141	16
3142	16
3143	20
3144	22
3145	24
3146	19
3147	35
3148	18
3149	17
3150	27
3151	18
3152	27
3153	15
3154	28
3155	21
3156	18
3157	22
3158	33
3159	22
3160	18
3161	27
3162	31
3163	16
3164	27
3165	23
3166	21
3167	16
3168	21
3169	19
3170	20
3171	22
3172	13
3173	21
3174	26
3175	19
3176	24
3177	19
3178	17
3179	17
3180	18
3181	16
3182	11
3183	21
3184	20
3185	24
3186	30
3187	21
3188	20
3189	28
3190	29
3191	24
3192	21
3193	40
3194	25
3195	25
3196	18
3197	19
3198	24
3199	14
3200	18
3201	20
3202	13
3203	19
3204	23
3205	31
3206	13
3207	18
3208	22
3209	27
3210	30
3211	21
3212	18
3213	17
3214	24
3215	19
3216	24
3217	21
3218	24
3219	18
3220	12
3221	21
3222	23
3223	23
3224	20
3225	31
3226	26
3227	23
3228	20
3229	17
3230	27
3231	15
3232	20
3233	23
3234	21
3235	15
3236	27
3237	29
3238	32
3239	16
3240	24
3241	26
3242	16
3243	18
3244	27
3245	14
3246	16
3247	24
3248	19
3249	17
3250	20
3251	23
3252	26
3253	16
3254	16
3255	18
3256	21
3257	22
3258	15
3259	23
3260	12
3261	25
3262	24
3263	18
3264	27
3265	26
3266	18
3267	19
3268	17
3269	25
3270	26
3271	21
3272	22
3273	14
3274	22
3275	26
3276	27
3277	17
3278	22
3279	28
3280	27
3281	24
3282	31
3283	27
3284	18
3285	32
3286	19
3287	19
3288	20
3289	27
3290	35
3291	17
3292	19
3293	18
3294	22
3295	20
3296	12
3297	21
3298	23
3299	30
3300	17
3301	16
3302	20
3303	28
3304	17
3305	18
3306	23
3307	15
3308	30
3309	25
3310	19
3311	20
3312	18
3313	27
3314	19
3315	18
3316	19
3317	19
3318	26
3319	24
3320	18
3321	21
3322	23
3323	24
3324	15
3325	18
3326	24
3327	19
3328	28
3329	24
3330	26
3331	27
3332	20
3333	27
3334	27
3335	24
3336	36
3337	21
3338	28
3339	31
3340	20
3341	24
3342	19
3343	19
3344	18
3345	18
3346	24
3347	23
3348	15
3349	22
3350	23
3351	29
3352	23
3353	26
3354	22
3355	27
3356	29
3357	24
3358	23
3359	27
3360	21
3361	16
3362	26
3363	18
3364	27
3365	29
3366	18
3367	33
3368	21
3369	27
3370	15
3371	24
3372	16
3373	21
3374	21
3375	24
3376	18
3377	21
3378	30
3379	21
3380	23
3381	25
3382	21
3383	22
3384	19
3385	18
3386	18
3387	17
3388	27
3389	30
3390	31
3391	20
3392	20
3393	25
3394	15
3395	25
3396	19
3397	25
3398	22
3399	31
3400	26
3401	32
3402	26
3403	25
3404	19
3405	36
3406	24
3407	27
3408	23
3409	25
3410	17
3411	26
3412	21
3413	22
3414	17
3415	18
3416	20
3417	28
3418	21
3419	22
3420	28
3421	25
3422	22
3423	28
3424	23
3425	27
3426	23
3427	27
3428	28
3429	23
3430	22
3431	21
3432	22
3433	19
3434	23
3435	26
3436	22
3437	28
3438	16
3439	19
3440	15
3441	18
3442	19
3443	29
3444	28
3445	14
3446	25
3447	24
3448	22
3449	17
3450	25
3451	23
3452	23
3453	25
3454	20
3455	21
3456	22
3457	34
3458	18
3459	32
3460	31
3461	20
3462	36
3463	14
3464	27
3465	18
3466	31
3467	19
3468	24
3469	25
3470	18
3471	13
3472	22
3473	24
3474	19
3475	24
3476	27
3477	22
3478	21
3479	24
3480	28
3481	20
3482	19
3483	22
3484	21
3485	25
3486	26
3487	15
3488	22
3489	22
3490	20
3491	28
3492	21
3493	20
3494	23
3495	27
3496	17
3497	20
3498	25
3499	22
3500	21
3501	23
3502	15
3503	15
3504	19
3505	23
3506	29
3507	20
3508	18
3509	27
3510	19
3511	13
3512	26
3513	17
3514	25
3515	26
3516	19
3517	16
3518	19
3519	18
3520	30
3521	25
3522	27
3523	26
3524	22
3525	27
3526	16
3527	17
3528	18
3529	18
3530	9
3531	23
3532	24
3533	20
3534	21
3535	23
3536	19
3537	18
3538	14
3539	18
3540	17
3541	20
3542	26
3543	20
3544	20
3545	15
3546	15
3547	23
3548	22
3549	18
3550	20
3551	22
3552	23
3553	22
3554	19
3555	19
3556	21
3557	21
3558	16
3559	14
3560	16
3561	20
3562	14
3563	22
3564	16
3565	14
3566	10
3567	23
3568	18
3569	17
3570	16
3571	25
3572	14
3573	20
3574	22
3575	18
3576	19
3577	22
3578	17
3579	14
3580	19
3581	18
3582	20
3583	23
3584	9
3585	8
3586	20
3587	15
3588	15
3589	22
3590	17
3591	18
3592	18
3593	15
3594	10
3595	14
3596	19
3597	30
3598	12
3599	18
3600	18
3601	11
3602	15
3603	17
3604	20
3605	18
3606	14
3607	14
3608	19
3609	8
3610	11
3611	16
3612	19
3613	16
3614	14
3615	18
3616	16
3617	17
3618	12
3619	16
3620	17
3621	20
3622	11
3623	13
3624	22
3625	14
3626	17
3627	15
3628	16
3629	15
3630	22
3631	9
3632	11
3633	11
3634	7
3635	17
3636	12
3637	8
3638	7
3639	18
3640	10
3641	18
3642	23
3643	13
3644	16
3645	10
3646	14
3647	8
3648	15
3649	11
3650	20
3651	11
3652	9
3653	8
3654	9
3655	14
3656	14
3657	12
3658	13
3659	12
3660	9
3661	13
3662	17
3663	6
3664	10
3665	14
3666	10
3667	12
3668	11
3669	10
3670	11
3671	16
3672	10
3673	10
3674	15
3675	11
3676	9
3677	17
3678	8
3679	8
3680	11
3681	6
3682	8
3683	9
3684	10
3685	11
3686	11
3687	14
3688	17
3689	6
3690	12
3691	12
3692	11
3693	13
3694	10
3695	8
3696	11
3697	16
3698	7
3699	6
3700	13
3701	15
3702	10
3703	14
3704	7
3705	7
3706	19
3707	8
3708	12
3709	8
3710	7
3711	14
3712	9
3713	18
3714	10
3715	7
3716	8
3717	9
3718	8
3719	12
3720	9
3721	11
3722	7
3723	8
3724	10
3725	12
3726	4
3727	12
3728	13
3729	11
3730	8
3731	11
3732	8
3733	8
3734	13
3735	9
3736	10
3737	6
3738	7
3739	6
3740	8
3741	7
3742	9
3743	8
3744	9
3745	16
3746	11
3747	10
3748	14
3749	7
3750	3
3751	12
3752	8
3753	10
3754	5
3755	9
3756	15
3757	6
3758	8
3759	6
3760	8
3761	7
3762	7
3763	5
3764	11
3765	7
3766	12
3767	13
3768	12
3769	5
3770	7
3771	9
3772	11
3773	4
3774	7
3775	8
3776	8
3777	6
3778	5
3779	15
3780	6
3781	3
3782	6
3783	7
3784	12
3785	13
3786	6
3787	8
3788	10
3789	6
3790	9
3791	9
3792	6
3793	4
3794	9
3795	11
3796	11
3797	5
3798	8
3799	6
3800	4
3801	9
3802	12
3803	7
3804	4
3805	4
3806	7
3807	5
3808	4
3809	8
3810	9
3811	8
3812	6
3813	7
3814	5
3815	11
3816	6
3817	5
3818	5
3819	6
3820	6
3821	5
3822	3
3823	4
3824	5
3825	12
3826	7
3827	6
3828	6
3829	7
3830	5
3831	2
3832	6
3833	5
3834	7
3835	8
3836	5
3837	8
3838	10
3839	5
3840	9
3841	8
3842	6
3843	7
3844	4
3845	8
3846	10
3847	9
3848	5
3849	9
3850	14
3851	11
3852	4
3853	7
3854	12
3855	8
3856	8
3857	5
3858	5
3859	8
3860	9
3861	3
3862	10
3863	9
3864	5
3865	4
3866	7
3867	7
3868	7
3869	10
3870	8
3871	3
3872	4
3873	5
3874	7
3875	6
3876	2
3877	7
3878	11
3879	3
3880	3
3881	5
3882	4
3883	5
3884	3
3885	7
3886	7
3887	4
3888	5
3889	5
3890	7
3891	5
3892	7
3893	3
3894	2
3895	7
3896	6
3897	7
3898	4
3899	5
3900	4
3901	8
3902	9
3903	8
3904	2
3905	6
3906	11
3907	8
3908	6
3909	3
3910	5
3911	5
3912	8
3913	5
3914	4
3915	7
3916	4
3917	5
3918	4
3919	3
3920	10
3921	6
3922	4
3923	5
3924	7
3925	4
3926	4
3927	7
3928	5
3929	2
3930	3
3931	8
3932	8
3933	5
3934	5
3935	7
3936	7
3937	8
3938	7
3939	8
3940	4
3941	5
3942	4
3943	3
3944	6
3945	7
3946	4
3947	1
3948	6
3949	2
3950	7
3951	8
3952	2
3953	4
3954	2
3955	6
3956	6
3957	3
3958	5
3959	6
3960	7
3961	2
3962	8
3963	4
3964	8
3965	7
3966	4
3967	2
3968	5
3969	4
3970	3
3971	4
3972	7
3973	4
3974	3
3975	5
3976	4
3977	5
3978	6
3979	5
3980	3
3981	7
3982	5
3983	2
3984	4
3985	6
3986	7
3987	1
3988	10
3989	5
3990	4
3991	11
3992	4
3993	2
3994	4
3995	5
3996	4
3997	8
3998	9
3999	0
4000	3
4001	3
4002	4
4003	4
4004	4
4005	4
4006	2
4007	6
4008	4
4009	7
4010	9
4011	4
4012	4
4013	3
4014	4
4015	5
4016	6
4017	6
4018	4
4019	4
4020	1
4021	2
4022	2
4023	4
4024	3
4025	2
4026	3
4027	6
4028	3
4029	5
4030	2
4031	10
4032	8
4033	6
4034	3
4035	5
4036	2
4037	5
4038	4
4039	7
4040	5
4041	6
4042	6
4043	2
4044	4
4045	3
4046	9
4047	6
4048	6
4049	6
4050	5
4051	4
4052	3
4053	6
4054	4
4055	5
4056	3
4057	5
4058	3
4059	6
4060	9
4061	5
4062	4
4063	5
4064	3
4065	6
4066	3
4067	4
4068	2
4069	2
4070	7
4071	3
4072	7
4073	6
4074	3
4075	5
4076	3
4077	7
4078	2
4079	2
4080	8
4081	3
4082	4
4083	3
4084	6
4085	1
4086	6
4087	7
4088	6
4089	4
4090	2
4091	4
4092	5
4093	1
4094	4
4095	2
4096	2
4097	2
4098	2
4099	1
4100	3
4101	1
4102	5
4103	10
4104	4
4105	6
4106	3
4107	2
4108	5
4109	2
4110	5
4111	1
4112	4
4113	4
4114	0
4115	8
4116	7
4117	4
4118	4
4119	5
4120	6
4121	5
4122	4
4123	6
4124	4
4125	2
4126	5
4127	5
4128	7
4129	5
4130	7
4131	6
4132	4
4133	2
4134	6
4135	2
4136	10
4137	5
4138	2
4139	5
4140	5
4141	7
4142	1
4143	2
4144	8
4145	2
4146	2
4147	6
4148	12
4149	4
4150	2
4151	5
4152	6
4153	7
4154	6
4155	4
4156	7
4157	5
4158	7
4159	7
4160	3
4161	2
4162	3
4163	10
4164	7
4165	7
4166	7
4167	4
4168	6
4169	6
4170	3
4171	2
4172	5
4173	5
4174	8
4175	5
4176	9
4177	5
4178	9
4179	7
4180	4
4181	10
4182	6
4183	13
4184	7
4185	7
4186	13
4187	7
4188	7
4189	10
4190	7
4191	13
4192	8
4193	14
4194	8
4195	11
4196	7
4197	7
4198	5
4199	10
4200	15
4201	11
4202	12
4203	11
4204	13
4205	16
4206	9
4207	9
4208	10
4209	15
4210	13
4211	14
4212	7
4213	11
4214	11
4215	19
4216	10
4217	10
4218	12
4219	11
4220	14
4221	20
4222	12
4223	21
4224	17
4225	15
4226	16
4227	23
4228	23
4229	24
4230	16
4231	14
4232	22
4233	19
4234	35
4235	18
4236	11
4237	18
4238	19
4239	13
4240	19
4241	25
4242	21
4243	22
4244	19
4245	21
4246	9
4247	21
4248	21
4249	22
4250	26
4251	29
4252	23
4253	22
4254	25
4255	29
4256	29
4257	30
4258	31
4259	29
4260	31
4261	38
4262	26
4263	27
4264	38
4265	30
4266	30
4267	29
4268	38
4269	23
4270	30
4271	35
4272	28
4273	29
4274	37
4275	32
4276	35
4277	32
4278	31
4279	36
4280	33
4281	41
4282	39
4283	45
4284	32
4285	43
4286	29
4287	45
4288	48
4289	34
4290	47
4291	44
4292	36
4293	42
4294	44
4295	42
4296	46
4297	48
4298	40
4299	52
4300	37
4301	60
4302	47
4303	46
4304	51
4305	47
4306	58
4307	40
4308	71
4309	48
4310	51
4311	68
4312	71
4313	52
4314	57
4315	48
4316	51
4317	65
4318	61
4319	59
4320	74
4321	68
4322	62
4323	48
4324	50
4325	63
4326	71
4327	67
4328	64
4329	55
4330	53
4331	61
4332	69
4333	73
4334	69
4335	59
4336	76
4337	68
4338	62
4339	60
4340	57
4341	52
4342	71
4343	67
4344	81
4345	88
4346	81
4347	68
4348	96
4349	67
4350	90
4351	71
4352	81
4353	70
4354	85
4355	74
4356	88
4357	94
4358	78
4359	81
4360	71
4361	55
4362	93
4363	90
4364	87
4365	74
4366	73
4367	80
4368	68
4369	86
4370	112
4371	77
4372	83
4373	64
4374	79
4375	82
4376	75
4377	90
4378	81
4379	77
4380	86
4381	83
4382	81
4383	82
4384	85
4385	83
4386	89
4387	80
4388	76
4389	97
4390	70
4391	89
4392	83
4393	84
4394	91
4395	105
4396	68
4397	73
4398	84
4399	87
4400	83
4401	96
4402	71
4403	91
4404	77
4405	101
4406	82
4407	85
4408	95
4409	71
4410	97
4411	80
4412	80
4413	111
4414	80
4415	99
4416	57
4417	76
4418	94
4419	80
4420	68
4421	90
4422	98
4423	75
4424	83
4425	89
4426	91
4427	74
4428	63
4429	92
4430	87
4431	82
4432	78
4433	75
4434	64
4435	84
4436	90
4437	89
4438	75
4439	66
4440	84
4441	69
4442	82
4443	70
4444	84
4445	73
4446	79
4447	77
4448	66
4449	59
4450	87
4451	82
4452	73
4453	81
4454	71
4455	57
4456	55
4457	64
4458	68
4459	55
4460	71
4461	68
4462	57
4463	59
4464	65
4465	63
4466	77
4467	61
4468	61
4469	62
4470	66
4471	50
4472	61
4473	71
4474	85
4475	60
4476	71
4477	70
4478	60
4479	70
4480	65
4481	63
4482	60
4483	52
4484	48
4485	59
4486	52
4487	55
4488	53
4489	49
4490	62
4491	47
4492	57
4493	46
4494	54
4495	49
4496	46
4497	47
4498	41
4499	44
4500	36
4501	45
4502	41
4503	38
4504	56
4505	37
4506	36
4507	44
4508	37
4509	34
4510	44
4511	45
4512	43
4513	32
4514	44
4515	41
4516	37
4517	36
4518	36
4519	45
4520	27
4521	47
4522	38
4523	32
4524	28
4525	44
4526	33
4527	34
4528	34
4529	44
4530	25
4531	27
4532	32
4533	20
4534	26
4535	24
4536	16
4537	21
4538	30
4539	43
4540	24
4541	16
4542	20
4543	22
4544	18
4545	21
4546	15
4547	23
4548	27
4549	13
4550	24
4551	19
4552	19
4553	21
4554	25
4555	18
4556	18
4557	26
4558	23
4559	22
4560	19
4561	23
4562	15
4563	13
4564	14
4565	21
4566	24
4567	24
4568	17
4569	18
4570	14
4571	14
4572	8
4573	16
4574	14
4575	7
4576	12
4577	15
4578	17
4579	8
4580	20
4581	14
4582	13
4583	17
4584	11
4585	9
4586	15
4587	9
4588	18
4589	12
4590	10
4591	11
4592	15
4593	13
4594	9
4595	14
4596	12
4597	14
4598	9
4599	8
4600	6
4601	6
4602	11
4603	9
4604	9
4605	12
4606	6
4607	10
4608	5
4609	8
4610	8
4611	9
4612	9
4613	6
4614	4
4615	7
4616	10
4617	7
4618	7
4619	13
4620	5
4621	4
4622	6
4623	6
4624	11
4625	5
4626	3
4627	10
4628	8
4629	8
4630	5
4631	6
4632	6
4633	5
4634	5
4635	8
4636	4
4637	7
4638	9
4639	8
4640	7
4641	3
4642	5
4643	4
4644	12
4645	9
4646	6
4647	3
4648	4
4649	6
4650	4
4651	3
4652	1
4653	8
4654	2
4655	6
4656	4
4657	4
4658	3
4659	6
4660	7
4661	3
4662	2
4663	1
4664	0
4665	2
4666	3
4667	5
4668	4
4669	1
4670	6
4671	9
4672	0
4673	3
4674	7
4675	2
4676	4
4677	2
4678	7
4679	4
4680	3
4681	3
4682	2
4683	5
4684	2
4685	1
4686	7
4687	5
4688	1
4689	2
4690	4
4691	2
4692	8
4693	5
4694	8
4695	3
4696	2
4697	2
4698	7
4699	6
4700	3
4701	7
4702	3
4703	4
4704	0
4705	3
4706	2
4707	3
4708	1
4709	5
4710	2
4711	2
4712	3
4713	4
4714	2
4715	2
4716	1
4717	4
4718	0
4719	2
4720	5
4721	3
4722	4
4723	5
4724	1
4725	2
4726	4
4727	4
4728	6
4729	5
4730	2
4731	6
4732	6
4733	6
4734	5
4735	1
4736	5
4737	4
4738	5
4739	6
4740	5
4741	5
4742	7
4743	3
4744	1
4745	3
4746	6
4747	5
4748	4
4749	1
4750	5
4751	7
4752	2
4753	1
4754	5
4755	4
4756	3
4757	2
4758	5
4759	2
4760	5
4761	3
4762	3
4763	1
4764	3
4765	7
4766	3
4767	1
4768	4
4769	7
4770	3
4771	3
4772	1
4773	2
4774	4
4775	6
4776	2
4777	3
4778	4
4779	2
4780	1
4781	3
4782	5
4783	4
4784	7
4785	3
4786	6
4787	3
4788	4
4789	2
4790	4
4791	2
4792	2
4793	5
4794	3
4795	6
4796	1
4797	2
4798	3
4799	6
4800	7
4801	1
4802	0
4803	5
4804	1
4805	2
4806	4
4807	3
4808	5
4809	3
4810	4
4811	2
4812	3
4813	3
4814	3
4815	2
4816	2
4817	2
4818	7
4819	6
4820	6
4821	4
4822	5
4823	2
4824	1
4825	2
4826	1
4827	1
4828	2
4829	3
4830	4
4831	10
4832	4
4833	2
4834	6
4835	3
4836	1
4837	4
4838	2
4839	2
4840	8
4841	4
4842	2
4843	1
4844	4
4845	4
4846	8
4847	4
4848	5
4849	3
4850	1
4851	3
4852	4
4853	3
4854	2
4855	5
4856	2
4857	2
4858	3
4859	2
4860	5
4861	5
4862	3
4863	3
4864	2
4865	5
4866	4
4867	6
4868	3
4869	3
4870	3
4871	5
4872	4
4873	3
4874	3
4875	3
4876	7
4877	1
4878	6
4879	2
4880	4
4881	2
4882	3
4883	4
4884	6
4885	4
4886	4
4887	5
4888	4
4889	4
4890	4
4891	3
4892	5
4893	5
4894	4
4895	3
4896	2
4897	5
4898	4
4899	4
4900	1
4901	3
4902	5
4903	2
4904	6
4905	6
4906	3
4907	4
4908	5
4909	1
4910	7
4911	5
4912	1
4913	3
4914	6
4915	4
4916	3
4917	4
4918	6
4919	3
4920	2
4921	2
4922	2
4923	5
4924	7
4925	2
4926	5
4927	9
4928	8
4929	5
4930	6
4931	4
4932	3
4933	2
4934	3
4935	9
4936	6
4937	4
4938	6
4939	6
4940	4
4941	8
4942	4
4943	3
4944	6
4945	4
4946	2
4947	5
4948	2
4949	6
4950	2
4951	5
4952	2
4953	3
4954	4
4955	3
4956	6
4957	5
4958	2
4959	5
4960	5
4961	1
4962	6
4963	5
4964	6
4965	6
4966	2
4967	5
4968	6
4969	4
4970	6
4971	2
4972	2
4973	4
4974	2
4975	5
4976	6
4977	4
4978	5
4979	8
4980	8
4981	4
4982	5
4983	6
4984	5
4985	3
4986	9
4987	5
4988	3
4989	10
4990	6
4991	4
4992	6
4993	2
4994	8
4995	4
4996	2
4997	5
4998	10
4999	2
5000	5
5001	4
5002	7
5003	4
5004	5
5005	4
5006	3
5007	2
5008	2
5009	4
5010	2
5011	3
5012	4
5013	6
5014	2
5015	8
5016	6
5017	6
5018	5
5019	7
5020	7
5021	1
5022	5
5023	7
5024	5
5025	4
5026	5
5027	5
5028	4
5029	2
5030	2
5031	6
5032	4
5033	6
5034	1
5035	5
5036	7
5037	5
5038	7
5039	4
5040	1
5041	8
5042	5
5043	5
5044	3
5045	1
5046	4
5047	7
5048	5
5049	5
5050	2
5051	7
5052	10
5053	4
5054	7
5055	6
5056	4
5057	3
5058	7
5059	3
5060	5
5061	3
5062	5
5063	2
5064	2
5065	9
5066	2
5067	2
5068	3
5069	2
5070	4
5071	2
5072	4
5073	3
5074	4
5075	4
5076	8
5077	2
5078	5
5079	6
5080	3
5081	4
5082	7
5083	2
5084	4
5085	3
5086	6
5087	10
5088	4
5089	5
5090	2
5091	4
5092	4
5093	6
5094	6
5095	5
5096	8
5097	6
5098	6
5099	5
5100	5
5101	4
5102	5
5103	6
5104	6
5105	4
5106	2
5107	3
5108	4
5109	5
5110	5
5111	9
5112	2
5113	4
5114	11
5115	6
5116	6
5117	3
5118	5
5119	13
5120	9
5121	8
5122	0
5123	7
5124	3
5125	4
5126	5
5127	2
5128	7
5129	5
5130	5
5131	4
5132	3
5133	3
5134	2
5135	2
5136	2
5137	4
5138	7
5139	3
5140	4
5141	2
5142	5
5143	7
5144	2
5145	1
5146	4
5147	5
5148	4
5149	5
5150	5
5151	4
5152	3
5153	2
5154	3
5155	6
5156	4
5157	2
5158	4
5159	8
5160	4
5161	3
5162	3
5163	5
5164	9
5165	7
5166	4
5167	2
5168	3
5169	5
5170	7
5171	4
5172	2
5173	4
5174	0
5175	4
5176	4
5177	5
5178	5
5179	7
5180	4
5181	3
5182	3
5183	2
5184	7
5185	5
5186	3
5187	4
5188	7
5189	3
5190	3
5191	6
5192	5
5193	2
5194	1
5195	0
5196	3
5197	2
5198	6
5199	3
5200	4
5201	6
5202	3
5203	7
5204	6
5205	5
5206	5
5207	4
5208	4
5209	5
5210	7
5211	2
5212	4
5213	6
5214	3
5215	3
5216	2
5217	2
5218	7
5219	3
5220	3
5221	3
5222	0
5223	3
5224	0
5225	1
5226	4
5227	3
5228	3
5229	3
5230	2
5231	2
5232	3
5233	1
5234	5
5235	3
5236	1
5237	3
5238	4
5239	4
5240	4
5241	12
5242	2
5243	2
5244	5
5245	4
5246	3
5247	1
5248	5
5249	2
5250	4
5251	1
5252	4
5253	4
5254	3
5255	3
5256	4
5257	4
5258	2
5259	3
5260	2
5261	2
5262	5
5263	10
5264	1
5265	4
5266	3
5267	4
5268	3
5269	0
5270	4
5271	7
5272	2
5273	5
5274	7
5275	3
5276	3
5277	2
5278	6
5279	3
5280	3
5281	3
5282	5
5283	6
5284	3
5285	0
5286	4
5287	2
5288	4
5289	0
5290	1
5291	2
5292	4
5293	4
5294	1
5295	1
5296	3
5297	4
5298	4
5299	1
5300	5
5301	5
5302	4
5303	2
5304	1
5305	2
5306	2
5307	1
5308	1
5309	4
5310	1
5311	2
5312	3
5313	3
5314	3
5315	4
5316	2
5317	3
5318	2
5319	2
5320	4
5321	7
5322	2
5323	2
5324	6
5325	3
5326	1
5327	2
5328	7
5329	5
5330	2
5331	2
5332	1
5333	5
5334	4
5335	3
5336	4
5337	3
5338	3
5339	4
5340	5
5341	3
5342	5
5343	2
5344	1
5345	5
5346	1
5347	3
5348	2
5349	4
5350	1
5351	5
5352	6
5353	5
5354	10
5355	4
5356	1
5357	2
5358	2
5359	4
5360	5
5361	5
5362	5
5363	1
5364	1
5365	4
5366	3
5367	4
5368	4
5369	3
5370	1
5371	8
5372	5
5373	0
5374	3
5375	1
5376	1
5377	3
5378	3
5379	1
5380	6
5381	5
5382	4
5383	3
5384	2
5385	5
5386	1
5387	2
5388	6
5389	2
5390	1
5391	0
5392	3
5393	2
5394	2
5395	4
5396	7
5397	5
5398	3
5399	3
5400	2
5401	5
5402	4
5403	3
5404	4
5405	1
5406	4
5407	5
5408	7
5409	1
5410	4
5411	0
5412	4
5413	7
5414	0
5415	4
5416	0
5417	4
5418	4
5419	5
5420	1
5421	3
5422	6
5423	2
5424	3
5425	3
5426	2
5427	2
5428	3
5429	3
5430	2
5431	1
5432	1
5433	3
5434	3
5435	4
5436	4
5437	3
5438	2
5439	3
5440	3
5441	5
5442	5
5443	1
5444	4
5445	2
5446	3
5447	1
5448	4
5449	1
5450	2
5451	3
5452	2
5453	0
5454	3
5455	2
5456	2
5457	7
5458	4
5459	0
5460	2
5461	3
5462	3
5463	2
5464	3
5465	4
5466	1
5467	4
5468	3
5469	3
5470	0
5471	3
5472	4
5473	5
5474	4
5475	4
5476	4
5477	1
5478	5
5479	1
5480	2
5481	2
5482	0
5483	2
5484	2
5485	1
5486	3
5487	7
5488	3
5489	2
5490	1
5491	3
5492	1
5493	2
5494	5
5495	1
5496	1
5497	3
5498	3
5499	3
5500	2
5501	4
5502	2
5503	2
5504	1
5505	2
5506	2
5507	1
5508	5
5509	1
5510	1
5511	1
5512	1
5513	1
5514	1
5515	1
5516	1
5517	2
5518	2
5519	2
5520	3
5521	2
5522	6
5523	0
5524	3
5525	3
5526	2
5527	2
5528	1
5529	0
5530	2
5531	2
5532	1
5533	1
5534	0
5535	2
5536	4
5537	0
5538	1
5539	1
5540	2
5541	2
5542	5
5543	3
5544	0
5545	1
5546	1
5547	2
5548	0
5549	1
5550	0
5551	2
5552	0
5553	0
5554	4
5555	5
5556	4
5557	4
5558	3
5559	2
5560	3
5561	4
5562	3
5563	2
5564	2
5565	1
5566	3
5567	0
5568	3
5569	4
5570	0
5571	0
5572	3
5573	2
5574	6
5575	2
5576	1
5577	1
5578	0
5579	0
5580	1
5581	2
5582	1
5583	0
5584	1
5585	2
5586	0
5587	0
5588	2
5589	3
5590	0
5591	0
5592	0
5593	0
5594	3
5595	3
5596	0
5597	1
5598	3
5599	1
5600	3
5601	1
5602	1
5603	1
5604	2
5605	2
5606	2
5607	1
5608	1
5609	1
5610	1
5611	5
5612	6
5613	6
5614	2
5615	3
5616	2
5617	4
5618	3
5619	0
5620	3
5621	1
5622	2
5623	2
5624	4
5625	3
5626	1
5627	1
5628	0
5629	3
5630	1
5631	0
5632	0
5633	2
5634	3
5635	0
5636	0
5637	1
5638	1
5639	1
5640	2
5641	1
5642	3
5643	2
5644	0
5645	0
5646	0
5647	2
5648	1
5649	1
5650	2
5651	1
5652	6
5653	0
5654	4
5655	1
5656	2
5657	1
5658	1
5659	1
5660	2
5661	0
5662	2
5663	2
5664	1
5665	2
5666	4
5667	1
5668	0
5669	1
5670	1
5671	1
5672	1
5673	0
5674	0
5675	1
5676	1
5677	0
5678	1
5679	1
5680	1
5681	2
5682	1
5683	0
5684	1
5685	0
5686	1
5687	2
5688	1
5689	1
5690	1
5691	2
5692	0
5693	2
5694	0
5695	0
5696	2
5697	0
5698	1
5699	2
5700	1
5701	3
5702	2
5703	0
5704	2
5705	1
5706	2
5707	0
5708	1
5709	0
5710	3
5711	1
5712	2
5713	0
5714	0
5715	2
5716	1
5717	1
5718	0
5719	1
5720	0
5721	1
5722	1
5723	2
5724	0
5725	1
5726	1
5727	2
5728	0
5729	1
5730	0
5731	0
5732	1
5733	0
5734	2
5735	0
5736	0
5737	3
5738	0
5739	2
5740	0
5741	1
5742	2
5743	2
5744	1
5745	2
5746	3
5747	1
5748	0
5749	0
5750	0
5751	2
5752	0
5753	0
5754	0
5755	0
5756	3
5757	1
5758	1
5759	0
5760	2
5761	1
5762	0
5763	0
5764	0
5765	0
5766	1
5767	1
5768	0
5769	0
5770	0
5771	1
5772	0
5773	1
5774	1
5775	0
5776	0
5777	0
5778	4
5779	2
5780	0
5781	1
5782	0
5783	0
5784	0
5785	0
5786	1
5787	0
5788	0
5789	1
5790	1
5791	0
5792	0
5793	0
5794	1
5795	0
5796	1
5797	1
5798	1
5799	1
5800	0
5801	0
5802	1
5803	0
5804	0
5805	1
5806	2
5807	0
5808	3
5809	0
5810	0
5811	1
5812	1
5813	0
5814	0
5815	1
5816	1
5817	0
5818	1
5819	1
5820	1
5821	1
5822	0
5823	0
5824	0
5825	2
5826	0
5827	1
5828	0
5829	1
5830	3
5831	1
5832	0
5833	1
5834	0
5835	0
5836	0
5837	2
5838	2
5839	1
5840	0
5841	1
5842	0
5843	0
5844	1
5845	0
5846	0
5847	0
5848	0
5849	0
5850	0
5851	0
5852	0
5853	0
5854	0
5855	2
5856	1
5857	0
5858	0
5859	0
5860	1
5861	1
5862	1
5863	2
5864	0
5865	1
5866	0
5867	0
5868	0
5869	0
5870	0
5871	1
5872	0
5873	1
5874	2
5875	2
5876	1
5877	0
5878	0
5879	0
5880	1
5881	0
5882	0
5883	0
5884	0
5885	2
5886	0
5887	1
5888	1
5889	1
5890	1
5891	0
5892	0
5893	0
5894	0
5895	1
5896	0
5897	2
5898	0
5899	0
5900	1
5901	1
5902	1
5903	1
5904	0
5905	2
5906	0
5907	2
5908	3
5909	0
5910	3
5911	0
5912	0
5913	2
5914	2
5915	1
5916	0
5917	0
5918	3
5919	1
5920	0
5921	0
5922	0
5923	0
5924	0
5925	0
5926	0
5927	0
5928	0
5929	1
5930	0
5931	0
5932	0
5933	0
5934	2
5935	2
5936	1
5937	1
5938	0
5939	0
5940	0
5941	0
5942	1
5943	0
5944	1
5945	0
5946	0
5947	0
5948	0
5949	0
5950	0
5951	1
5952	0
5953	0
5954	2
5955	0
5956	0
5957	1
5958	0
5959	0
5960	2
5961	2
5962	2
5963	0
5964	0
5965	1
5966	0
5967	0
5968	2
5969	0
5970	2
5971	0
5972	0
5973	2
5974	0
5975	0
5976	2
5977	0
5978	0
5979	0
5980	0
5981	0
5982	2
5983	0
5984	1
5985	1
5986	0
5987	1
5988	0
5989	0
5990	1
5991	0
5992	3
5993	0
5994	2
5995	1
5996	1
5997	2
5998	0
5999	1
6000	0
6001	0
6002	0
6003	0
6004	4
6005	0
6006	0
6007	1
6008	2
6009	1
6010	0
6011	0
6012	2
6013	2
6014	0
6015	0
6016	0
6017	0
6018	2
6019	0
6020	0
6021	0
6022	0
6023	1
6024	2
6025	1
6026	4
6027	0
6028	3
6029	0
6030	1
6031	3
6032	0
6033	0
6034	2
6035	0
6036	0
6037	0
6038	2
6039	0
6040	2
6041	1
6042	2
6043	0
6044	1
6045	0
6046	1
6047	0
6048	0
6049	2
6050	1
6051	0
6052	0
6053	1
6054	0
6055	0
6056	3
6057	1
6058	1
6059	1
6060	0
6061	1
6062	0
6063	1
6064	2
6065	2
6066	2
6067	1
6068	1
6069	0
6070	2
6071	3
6072	2
6073	3
6074	1
6075	3
6076	0
6077	0
6078	0
6079	6
6080	2
6081	3
6082	0
6083	1
6084	3
6085	1
6086	0
6087	2
6088	1
6089	3
6090	2
6091	0
6092	1
6093	0
6094	4
6095	3
6096	1
6097	3
6098	2
6099	1
6100	4
6101	1
6102	0
6103	1
6104	2
6105	1
6106	4
6107	1
6108	1
6109	3
6110	3
6111	0
6112	3
6113	3
6114	2
6115	1
6116	0
6117	5
6118	2
6119	0
6120	2
6121	7
6122	3
6123	1
6124	0
6125	1
6126	0
6127	0
6128	1
6129	3
6130	2
6131	3
6132	3
6133	2
6134	4
6135	3
6136	4
6137	6
6138	7
6139	3
6140	2
6141	2
6142	3
6143	3
6144	2
6145	2
6146	6
6147	4
6148	5
6149	5
6150	4
6151	4
6152	7
6153	2
6154	2
6155	3
6156	2
6157	4
6158	3
6159	6
6160	5
6161	5
6162	3
6163	1
6164	3
6165	2
6166	2
6167	5
6168	6
6169	8
6170	5
6171	5
6172	7
6173	3
6174	6
6175	4
6176	10
6177	1
6178	5
6179	7
6180	3
6181	2
6182	4
6183	6
6184	7
6185	5
6186	2
6187	4
6188	8
6189	4
6190	8
6191	6
6192	5
6193	3
6194	2
6195	4
6196	6
6197	3
6198	2
6199	5
6200	3
6201	8
6202	5
6203	13
6204	3
6205	2
6206	6
6207	6
6208	4
6209	6
6210	3
6211	4
6212	6
6213	5
6214	8
6215	6
6216	5
6217	8
6218	7
6219	9
6220	6
6221	3
6222	3
6223	5
6224	10
6225	5
6226	3
6227	4
6228	6
6229	5
6230	4
6231	4
6232	5
6233	6
6234	6
6235	6
6236	3
6237	4
6238	5
6239	3
6240	5
6241	5
6242	1
6243	4
6244	5
6245	4
6246	4
6247	4
6248	9
6249	3
6250	4
6251	7
6252	5
6253	6
6254	8
6255	2
6256	5
6257	6
6258	10
6259	7
6260	4
6261	14
6262	5
6263	3
6264	7
6265	10
6266	10
6267	4
6268	5
6269	5
6270	4
6271	9
6272	9
6273	5
6274	4
6275	2
6276	9
6277	3
6278	8
6279	8
6280	10
6281	9
6282	5
6283	4
6284	8
6285	3
6286	6
6287	6
6288	5
6289	7
6290	7
6291	7
6292	8
6293	6
6294	4
6295	11
6296	7
6297	6
6298	4
6299	8
6300	4
6301	6
6302	7
6303	8
6304	4
6305	2
6306	4
6307	2
6308	6
6309	4
6310	3
6311	5
6312	3
6313	5
6314	5
6315	6
6316	1
6317	4
6318	6
6319	5
6320	5
6321	4
6322	7
6323	2
6324	5
6325	2
6326	7
6327	4
6328	8
6329	1
6330	7
6331	7
6332	7
6333	6
6334	6
6335	5
6336	10
6337	3
6338	9
6339	5
6340	4
6341	7
6342	5
6343	7
6344	3
6345	7
6346	4
6347	5
6348	6
6349	2
6350	8
6351	5
6352	4
6353	4
6354	6
6355	1
6356	3
6357	4
6358	6
6359	3
6360	6
6361	4
6362	4
6363	3
6364	2
6365	6
6366	5
6367	7
6368	6
6369	3
6370	3
6371	3
6372	5
6373	5
6374	3
6375	2
6376	2
6377	3
6378	2
6379	5
6380	6
6381	5
6382	5
6383	3
6384	5
6385	1
6386	3
6387	2
6388	3
6389	5
6390	4
6391	4
6392	3
6393	4
6394	2
6395	6
6396	3
6397	4
6398	2
6399	3
6400	1
6401	2
6402	5
6403	1
6404	1
6405	6
6406	5
6407	6
6408	2
6409	4
6410	3
6411	5
6412	1
6413	3
6414	1
6415	1
6416	2
6417	3
6418	4
6419	2
6420	4
6421	1
6422	1
6423	3
6424	2
6425	4
6426	2
6427	4
6428	1
6429	3
6430	2
6431	5
6432	4
6433	0
6434	3
6435	1
6436	1
6437	0
6438	6
6439	2
6440	4
6441	3
6442	2
6443	2
6444	1
6445	1
6446	2
6447	1
6448	0
6449	3
6450	1
6451	1
6452	1
6453	2
6454	3
6455	0
6456	1
6457	0
6458	2
6459	1
6460	3
6461	1
6462	3
6463	0
6464	2
6465	0
6466	2
6467	4
6468	0
6469	1
6470	1
6471	2
6472	0
6473	2
6474	2
6475	0
6476	2
6477	0
6478	2
6479	1
6480	0
6481	2
6482	1
6483	1
6484	1
6485	1
6486	2
6487	1
6488	2
6489	0
6490	1
6491	0
6492	1
6493	0
6494	0
6495	0
6496	1
6497	0
6498	2
6499	1
6500	1
6501	2
6502	2
6503	1
6504	0
6505	0
6506	1
6507	0
6508	0
6509	3
6510	4
6511	1
6512	1
6513	0
6514	2
6515	3
6516	1
6517	1
6518	2
6519	1
6520	0
6521	0
6522	0
6523	0
6524	2
6525	0
6526	0
6527	0
6528	0
6529	0
6530	0
6531	0
6532	0
6533	0
6534	2
6535	0
6536	0
6537	1
6538	0
6539	2
6540	0
6541	1
6542	0
6543	1
6544	0
6545	0
6546	0
6547	1
6548	0
6549	0
6550	1
6551	0
6552	0
6553	0
6554	0
6555	0
6556	0
6557	0
6558	0
6559	0
6560	0
6561	0
6562	0
6563	1
6564	0
6565	1
6566	0
6567	1
6568	1
6569	0
6570	2
6571	0
6572	0
6573	1
6574	0
6575	1
6576	0
6577	0
6578	1
6579	1
6580	0
6581	0
6582	0
6583	0
6584	0
6585	0
6586	0
6587	0
6588	0
6589	0
6590	0
6591	1
6592	0
6593	1
6594	0
6595	1
6596	0
6597	0
6598	2
6599	0
6600	0
6601	0
6602	0
6603	0
6604	0
6605	0
6606	0
6607	0
6608	0
6609	0
6610	0
6611	0
6612	0
6613	0
6614	0
6615	1
6616	0
6617	0
6618	0
6619	0
6620	0
6621	0
6622	0
6623	0
6624	0
6625	0
6626	0
6627	0
6628	0
6629	0
6630	0
6631	0
6632	0
6633	0
6634	0
6635	0
6636	0
6637	0
6638	0
6639	0
6640	0
6641	0
6642	0
6643	0
6644	0
6645	0
6646	0
6647	0
6648	0
6649	0
6650	1
6651	0
6652	0
6653	0
6654	0
6655	0
6656	1
6657	0
6658	0
6659	0
6660	0
6661	1
6662	0
6663	0
6664	1
6665	0
6666	0
6667	0
6668	0
6669	1
6670	0
6671	0
6672	0
6673	0
6674	0
6675	0
6676	0
6677	0
6678	0
6679	0
6680	0
6681	0
6682	0
6683	0
6684	0
6685	1
6686	0
6687	0
6688	0
6689	0
6690	0
6691	1
6692	0
6693	0
6694	0
6695	0
6696	0
6697	0
6698	0
6699	0
6700	0
6701	0
6702	0
6703	0
6704	0
6705	0
6706	1
6707	0
6708	0
6709	0
6710	0
6711	0
6712	1
6713	0
6714	0
6715	0
6716	0
6717	1
6718	0
6719	0
6720	1
6721	0
6722	0
6723	0
6724	0
6725	0
6726	0
6727	0
6728	0
6729	0
6730	0
6731	0
6732	2
6733	0
6734	0
6735	0
6736	0
6737	1
6738	1
6739	0
6740	1
6741	0
6742	0
6743	0
6744	0
6745	0
6746	1
6747	0
6748	0
6749	0
6750	0
6751	0
6752	0
6753	0
6754	0
6755	0
6756	0
6757	0
6758	0
6759	0
6760	0
6761	0
6762	0
6763	0
6764	0
6765	0
6766	0
6767	0
6768	0
6769	0
6770	0
6771	0
6772	0
6773	0
6774	0
6775	0
6776	0
6777	1
6778	0
6779	0
6780	0
6781	0
6782	0
6783	0
6784	0
6785	0
6786	0
6787	0
6788	1
6789	0
6790	0
6791	1
6792	0
6793	0
6794	0
6795	0
6796	0
6797	0
6798	1
6799	0
6800	0
6801	0
6802	0
6803	0
6804	1
6805	0
6806	1
6807	0
6808	0
6809	0
6810	0
6811	0
6812	0
6813	0
6814	0
6815	0
6816	0
6817	0
6818	0
6819	0
6820	0
6821	0
6822	1
6823	0
6824	0
6825	0
6826	0
6827	0
6828	0
6829	0
6830	0
6831	0
6832	0
6833	0
6834	1
6835	1
6836	0
6837	0
6838	0
6839	0
6840	0
6841	0
6842	0
6843	1
6844	0
6845	0
6846	0
6847	0
6848	0
6849	0
6850	0
6851	0
6852	0
6853	0
6854	0
6855	0
6856	0
6857	0
6858	0
6859	1
6860	1
6861	0
6862	0
6863	0
6864	0
6865	0
6866	0
6867	0
6868	0
6869	0
6870	0
6871	0
6872	0
6873	1
6874	0
6875	0
6876	0
6877	0
6878	0
6879	0
6880	0
6881	0
6882	0
6883	0
6884	0
6885	0
6886	0
6887	0
6888	0
6889	0
6890	0
6891	0
6892	1
6893	0
6894	0
6895	0
6896	0
6897	0
6898	0
6899	1
6900	0
6901	0
6902	0
6903	0
6904	0
6905	0
6906	0
6907	0
6908	0
6909	0
6910	0
6911	0
6912	0
6913	0
6914	0
6915	1
6916	0
6917	0
6918	1
6919	0
6920	0
6921	0
6922	0
6923	0
6924	0
6925	1
6926	0
6927	0
6928	0
6929	0
6930	0
6931	0
6932	0
6933	0
6934	0
6935	0
6936	0
6937	0
6938	0
6939	1
6940	0
6941	0
6942	0
6943	0
6944	0
6945	0
6946	0
6947	0
6948	0
6949	0
6950	0
6951	0
6952	0
6953	0
6954	0
6955	0
6956	0
6957	0
6958	2
6959	0
6960	0
6961	0
6962	0
6963	0
6964	0
6965	0
6966	0
6967	0
6968	0
6969	0
6970	0
6971	1
6972	0
6973	0
6974	1
6975	0
6976	0
6977	0
6978	0
6979	0
6980	0
6981	1
6982	0
6983	0
6984	1
6985	1
6986	1
6987	0
6988	1
6989	1
6990	0
6991	0
6992	0
6993	0
6994	0
6995	0
6996	0
6997	1
6998	0
6999	0
7000	0
7001	0
7002	0
7003	1
7004	0
7005	0
7006	0
7007	0
7008	0
7009	0
7010	0
7011	0
7012	0
7013	0
7014	0
7015	0
7016	0
7017	0
7018	0
7019	0
7020	0
7021	0
7022	0
7023	1
7024	0
7025	0
7026	0
7027	0
7028	0
7029	0
7030	0
7031	0
7032	0
7033	0
7034	1
7035	0
7036	0
7037	0
7038	0
7039	0
7040	0
7041	0
7042	0
7043	0
7044	0
7045	0
7046	0
7047	0
7048	0
7049	1
7050	0
7051	0
7052	0
7053	0
7054	0
7055	0
7056	0
7057	0
7058	0
7059	0
7060	0
7061	0
7062	0
7063	0
7064	1
7065	0
7066	0
7067	0
7068	0
7069	0
7070	0
7071	0
7072	0
7073	0
7074	0
7075	0
7076	0
7077	0
7078	0
7079	0
7080	0
7081	0
7082	0
7083	0
7084	1
7085	0
7086	0
7087	0
7088	0
7089	0
7090	0
7091	0
7092	0
7093	0
7094	0
7095	1
7096	0
7097	0
7098	0
7099	0
7100	0
7101	0
7102	0
7103	0
7104	0
7105	0
7106	0
7107	2
7108	0
7109	0
7110	0
7111	0
7112	0
7113	0
7114	0
7115	0
7116	0
7117	0
7118	0
7119	0
7120	0
7121	0
7122	0
7123	0
7124	0
7125	0
7126	0
7127	0
7128	0
7129	0
7130	1
7131	0
7132	0
7133	0
7134	0
7135	0
7136	0
7137	0
7138	1
7139	0
7140	0
7141	0
7142	0
7143	0
7144	1
7145	0
7146	1
7147	0
7148	0
7149	1
7150	0
7151	0
7152	0
7153	0
7154	0
7155	0
7156	0
7157	0
7158	0
7159	0
7160	1
7161	0
7162	0
7163	0
7164	0
7165	0
7166	0
7167	0
7168	0
7169	0
7170	0
7171	0
7172	0
7173	0
7174	0
7175	0
7176	0
7177	0
7178	0
7179	0
7180	0
7181	0
7182	0
7183	0
7184	0
7185	0
7186	0
7187	0
7188	0
7189	0
7190	0
7191	0
7192	0
7193	0
7194	0
7195	0
7196	0
7197	0
7198	1
7199	0
7200	0
7201	0
7202	0
7203	0
7204	0
7205	0
7206	0
7207	0
7208	0
7209	0
7210	0
7211	0
7212	0
7213	0
7214	1
7215	0
7216	0
7217	0
7218	0
7219	1
7220	0
7221	0
7222	0
7223	0
7224	1
7225	0
7226	0
7227	0
7228	0
7229	0
7230	0
7231	1
7232	0
7233	1
7234	0
7235	0
7236	0
7237	0
7238	0
7239	0
7240	0
7241	0
7242	0
7243	0
7244	0
7245	0
7246	0
7247	0
7248	1
7249	0
7250	0
7251	0
7252	0
7253	0
7254	0
7255	0
7256	0
7257	0
7258	0
7259	0
7260	0
7261	0
7262	0
7263	0
7264	0
7265	0
7266	0
7267	0
7268	1
7269	0
7270	1
7271	0
7272	0
7273	0
7274	0
7275	0
7276	0
7277	0
7278	0
7279	0
7280	0
7281	0
7282	0
7283	0
7284	0
7285	0
7286	0
7287	0
7288	0
7289	0
7290	0
7291	0
7292	0
7293	0
7294	0
7295	0
7296	0
7297	0
7298	0
7299	0
7300	0
7301	0
7302	0
7303	0
7304	0
7305	0
7306	0
7307	0
7308	0
7309	0
7310	0
7311	0
7312	0
7313	0
7314	0
7315	0
7316	0
7317	0
7318	0
7319	0
7320	0
7321	0
7322	0
7323	0
7324	0
7325	1
7326	1
7327	0
7328	0
7329	0
7330	0
7331	0
7332	0
7333	0
7334	0
7335	0
7336	0
7337	0
7338	0
7339	0
7340	0
7341	0
7342	0
7343	0
7344	0
7345	0
7346	0
7347	0
7348	0
7349	0
7350	0
7351	0
7352	0
7353	0
7354	0
7355	0
7356	0
7357	0
7358	0
7359	0
7360	0
7361	0
7362	0
7363	0
7364	0
7365	0
7366	2
7367	0
7368	0
7369	0
7370	0
7371	0
7372	0
7373	0
7374	0
7375	0
7376	1
7377	0
7378	0
7379	0
7380	0
7381	0
7382	0
7383	1
7384	0
7385	0
7386	0
7387	0
7388	0
7389	0
7390	0
7391	0
7392	0
7393	0
7394	0
7395	0
7396	0
7397	0
7398	0
7399	0
7400	1
7401	0
7402	0
7403	0
7404	0
7405	0
7406	0
7407	2
7408	0
7409	0
7410	0
7411	0
7412	0
7413	0
7414	0
7415	0
7416	0
7417	0
7418	0
7419	1
7420	1
7421	0
7422	0
7423	0
7424	0
7425	0
7426	0
7427	0
7428	1
7429	0
7430	0
7431	0
7432	1
7433	1
7434	0
7435	0
7436	0
7437	0
7438	0
7439	0
7440	0
7441	0
7442	0
7443	0
7444	1
7445	1
7446	0
7447	0
7448	1
7449	0
7450	0
7451	0
7452	0
7453	0
7454	0
7455	0
7456	0
7457	0
7458	0
7459	1
7460	0
7461	0
7462	1
7463	0
7464	0
7465	0
7466	0
7467	0
7468	0
7469	1
7470	0
7471	0
7472	1
7473	0
7474	0
7475	0
7476	0
7477	0
7478	0
7479	0
7480	0
7481	0
7482	0
7483	0
7484	0
7485	0
7486	0
7487	0
7488	0
7489	0
7490	0
7491	0
7492	0
7493	0
7494	0
7495	0
7496	0
7497	0
7498	0
7499	1
7500	0
7501	0
7502	0
7503	1
7504	0
7505	0
7506	0
7507	0
7508	0
7509	0
7510	0
7511	0
7512	0
7513	0
7514	0
7515	0
7516	0
7517	0
7518	0
7519	0
7520	0
7521	1
7522	0
7523	0
7524	0
7525	0
7526	0
7527	0
7528	0
7529	0
7530	0
7531	0
7532	0
7533	0
7534	0
7535	0
7536	0
7537	0
7538	0
7539	0
7540	0
7541	0
7542	0
7543	0
7544	0
7545	0
7546	0
7547	0
7548	0
7549	0
7550	0
7551	0
7552	0
7553	0
7554	0
7555	0
7556	0
7557	0
7558	0
7559	0
7560	0
7561	0
7562	1
7563	0
7564	0
7565	0
7566	0
7567	1
7568	0
7569	0
7570	0
7571	0
7572	0
7573	0
7574	0
7575	0
7576	0
7577	0
7578	0
7579	0
7580	0
7581	0
7582	0
7583	0
7584	0
7585	0
7586	0
7587	0
7588	0
7589	0
7590	2
7591	0
7592	0
7593	0
7594	0
7595	0
7596	0
7597	0
7598	0
7599	0
7600	0
7601	0
7602	0
7603	0
7604	1
7605	0
7606	0
7607	0
7608	0
7609	0
7610	0
7611	0
7612	0
7613	0
7614	0
7615	0
7616	0
7617	0
7618	0
7619	0
7620	0
7621	0
7622	0
7623	0
7624	0
7625	0
7626	0
7627	0
7628	0
7629	0
7630	0
7631	0
7632	0
7633	0
7634	0
7635	0
7636	0
7637	0
7638	0
7639	0
7640	0
7641	0
7642	0
7643	0
7644	0
7645	0
7646	0
7647	0
7648	0
7649	0
7650	0
7651	0
7652	0
7653	0
7654	0
7655	0
7656	0
7657	0
7658	0
7659	0
7660	1
7661	0
7662	0
7663	0
7664	0
7665	0
7666	0
7667	0
7668	0
7669	0
7670	0
7671	0
7672	0
7673	0
7674	0
7675	0
7676	0
7677	0
7678	0
7679	0
7680	0
7681	0
7682	1
7683	0
7684	0
7685	0
7686	0
7687	0
7688	1
7689	0
7690	0
7691	0
7692	0
7693	0
7694	0
7695	0
7696	0
7697	0
7698	0
7699	0
7700	0
7701	0
7702	0
7703	0
7704	0
7705	0
7706	0
7707	0
7708	0
7709	0
7710	0
7711	0
7712	0
7713	0
7714	0
7715	0
7716	0
7717	0
7718	0
7719	0
7720	0
7721	0
7722	0
7723	0
7724	0
7725	0
7726	0
7727	0
7728	0
7729	0
7730	0
7731	0
7732	0
7733	0
7734	0
7735	0
7736	0
7737	0
7738	0
7739	0
7740	0
7741	1
7742	0
7743	0
7744	0
7745	0
7746	0
7747	1
7748	1
7749	0
7750	0
7751	0
7752	0
7753	0
7754	0
7755	0
7756	0
7757	0
7758	0
7759	0
7760	0
7761	0
7762	0
7763	0
7764	0
7765	1
7766	0
7767	0
7768	0
7769	0
7770	0
7771	0
7772	0
7773	0
7774	0
7775	0
7776	0
7777	0
7778	0
7779	0
7780	0
7781	0
7782	0
7783	0
7784	0
7785	0
7786	0
7787	0
7788	0
7789	1
7790	0
7791	0
7792	0
7793	0
7794	0
7795	0
7796	0
7797	0
7798	0
7799	0
7800	1
7801	0
7802	0
7803	0
7804	0
7805	1
7806	0
7807	0
7808	0
7809	0
7810	1
7811	2
7812	0
7813	0
7814	0
7815	0
7816	0
7817	0
7818	0
7819	0
7820	0
7821	0
7822	0
7823	0
7824	0
7825	0
7826	0
7827	0
7828	0
7829	0
7830	0
7831	0
7832	0
7833	0
7834	0
7835	0
7836	0
7837	0
7838	0
7839	1
7840	0
7841	0
7842	0
7843	1
7844	0
7845	0
7846	0
7847	1
7848	0
7849	0
7850	0
7851	0
7852	0
7853	0
7854	0
7855	0
7856	0
7857	0
7858	0
7859	0
7860	0
7861	0
7862	0
7863	0
7864	0
7865	0
7866	0
7867	0
7868	1
7869	0
7870	0
7871	0
7872	1
7873	0
7874	0
7875	0
7876	0
7877	0
7878	0
7879	1
7880	0
7881	0
7882	0
7883	0
7884	0
7885	0
7886	0
7887	0
7888	0
7889	0
7890	0
7891	0
7892	0
7893	0
7894	0
7895	1
7896	0
7897	0
7898	0
7899	0
7900	0
7901	0
7902	0
7903	0
7904	0
7905	0
7906	0
7907	0
7908	0
7909	0
7910	0
7911	0
7912	0
7913	0
7914	0
7915	1
7916	0
7917	1
7918	0
7919	0
7920	0
7921	0
7922	0
7923	0
7924	0
7925	0
7926	0
7927	0
7928	0
7929	0
7930	0
7931	0
7932	0
7933	0
7934	1
7935	0
7936	0
7937	0
7938	0
7939	0
7940	0
7941	0
7942	0
7943	0
7944	0
7945	0
7946	0
7947	0
7948	0
7949	0
7950	0
7951	0
7952	0
7953	0
7954	0
7955	0
7956	0
7957	0
7958	0
7959	0
7960	0
7961	0
7962	0
7963	0
7964	0
7965	0
7966	0
7967	0
7968	0
7969	0
7970	0
7971	0
7972	0
7973	0
7974	0
7975	0
7976	0
7977	0
7978	0
7979	0
7980	0
7981	0
7982	0
7983	0
7984	0
7985	0
7986	0
7987	0
7988	0
7989	0
7990	0
7991	0
7992	0
7993	0
7994	0
7995	0
7996	0
7997	0
7998	0
7999	0
8000	0
8001	0
8002	0
8003	0
8004	0
8005	0
8006	0
8007	0
8008	0
8009	0
8010	0
8011	0
8012	0
8013	0
8014	0
8015	0
8016	0
8017	0
8018	0
8019	0
8020	0
8021	0
8022	0
8023	0
8024	0
8025	0
8026	0
8027	0
8028	0
8029	0
8030	0
8031	0
8032	0
8033	0
8034	0
8035	0
8036	0
8037	1
8038	0
8039	0
8040	0
8041	0
8042	0
8043	0
8044	0
8045	0
8046	0
8047	0
8048	0
8049	0
8050	0
8051	0
8052	0
8053	0
8054	0
8055	0
8056	0
8057	0
8058	0
8059	0
8060	0
8061	1
8062	0
8063	0
8064	0
8065	0
8066	0
8067	0
8068	1
8069	0
8070	0
8071	0
8072	0
8073	0
8074	0
8075	0
8076	0
8077	0
8078	0
8079	0
8080	0
8081	0
8082	0
8083	0
8084	0
8085	0
8086	0
8087	0
8088	1
8089	0
8090	0
8091	0
8092	0
8093	0
8094	0
8095	0
8096	0
8097	0
8098	0
8099	0
8100	0
8101	0
8102	0
8103	0
8104	0
8105	0
8106	0
8107	0
8108	0
8109	0
8110	0
8111	0
8112	0
8113	0
8114	0
8115	0
8116	0
8117	0
8118	0
8119	0
8120	0
8121	0
8122	0
8123	0
8124	0
8125	0
8126	0
8127	0
8128	0
8129	0
8130	0
8131	0
8132	0
8133	0
8134	0
8135	0
8136	0
8137	0
8138	0
8139	0
8140	0
8141	0
8142	0
8143	0
8144	0
8145	0
8146	0
8147	0
8148	0
8149	0
8150	0
8151	0
8152	0
8153	0
8154	0
8155	0
8156	0
8157	0
8158	0
8159	0
8160	0
8161	0
8162	0
8163	0
8164	0
8165	0
8166	0
8167	0
8168	0
8169	0
8170	0
8171	0
8172	0
8173	0
8174	0
8175	0
8176	0
8177	0
8178	0
8179	0
8180	0
8181	0
8182	0
8183	0
8184	0
8185	0
8186	0
8187	0
8188	0
8189	0
8190	0
8191	0
