0	0
1	0
2	0
3	0
4	0
5	0
6	0
7	0
8	0
9	0
10	0
11	0
12	0
13	0
14	0
15	0
16	0
17	0
18	0
19	0
20	0
21	0
22	0
23	0
24	0
25	0
26	0
27	0
28	0
29	0
30	0
31	0
32	0
33	0
34	0
35	0
36	0
37	0
38	0
39	0
40	0
41	0
42	0
43	0
44	0
45	0
46	0
47	0
48	0
49	0
50	0
51	0
52	0
53	0
54	0
55	0
56	0
57	0
58	0
59	0
60	0
61	0
62	0
63	0
64	0
65	0
66	0
67	0
68	3
69	28
70	97
71	147
72	128
73	134
74	139
75	127
76	144
77	132
78	142
79	152
80	128
81	151
82	147
83	150
84	150
85	131
86	141
87	131
88	160
89	141
90	142
91	149
92	127
93	143
94	145
95	162
96	146
97	154
98	145
99	128
100	164
101	144
102	160
103	149
104	166
105	152
106	167
107	154
108	138
109	164
110	165
111	149
112	137
113	137
114	160
115	154
116	159
117	155
118	139
119	146
120	159
121	158
122	129
123	139
124	144
125	147
126	132
127	134
128	170
129	131
130	147
131	139
132	153
133	148
134	160
135	182
136	142
137	162
138	135
139	161
140	165
141	157
142	161
143	154
144	156
145	176
146	154
147	177
148	141
149	158
150	156
151	155
152	153
153	169
154	149
155	136
156	163
157	174
158	132
159	166
160	177
161	167
162	142
163	180
164	147
165	174
166	195
167	154
168	172
169	155
170	176
171	157
172	150
173	164
174	189
175	167
176	149
177	198
178	162
179	139
180	170
181	173
182	155
183	173
184	175
185	179
186	193
187	170
188	157
189	173
190	161
191	193
192	197
193	160
194	164
195	159
196	173
197	157
198	154
199	159
200	173
201	154
202	153
203	177
204	163
205	164
206	165
207	166
208	158
209	163
210	150
211	174
212	177
213	151
214	172
215	165
216	153
217	202
218	151
219	161
220	176
221	174
222	177
223	169
224	156
225	162
226	148
227	177
228	155
229	157
230	144
231	173
232	159
233	148
234	176
235	150
236	158
237	170
238	171
239	165
240	180
241	140
242	166
243	168
244	159
245	175
246	184
247	161
248	155
249	171
250	158
251	158
252	172
253	168
254	159
255	152
256	164
257	159
258	165
259	181
260	175
261	150
262	173
263	181
264	171
265	181
266	164
267	180
268	155
269	168
270	167
271	169
272	147
273	171
274	165
275	157
276	183
277	190
278	158
279	186
280	187
281	167
282	172
283	169
284	165
285	158
286	152
287	166
288	159
289	166
290	170
291	166
292	174
293	180
294	151
295	171
296	174
297	184
298	166
299	155
300	153
301	140
302	148
303	163
304	148
305	161
306	147
307	155
308	136
309	175
310	165
311	139
312	157
313	187
314	142
315	154
316	151
317	159
318	164
319	169
320	137
321	170
322	165
323	136
324	145
325	166
326	194
327	159
328	156
329	170
330	184
331	159
332	158
333	173
334	176
335	157
336	174
337	185
338	168
339	194
340	156
341	163
342	159
343	157
344	179
345	149
346	172
347	184
348	156
349	162
350	162
351	164
352	161
353	149
354	172
355	164
356	148
357	172
358	156
359	196
360	160
361	166
362	134
363	187
364	157
365	162
366	180
367	168
368	145
369	142
370	158
371	183
372	159
373	181
374	175
375	165
376	169
377	165
378	182
379	180
380	177
381	177
382	156
383	169
384	175
385	163
386	154
387	157
388	192
389	154
390	156
391	188
392	163
393	163
394	184
395	164
396	155
397	186
398	148
399	162
400	162
401	163
402	178
403	165
404	157
405	175
406	187
407	162
408	159
409	171
410	187
411	166
412	139
413	187
414	168
415	160
416	186
417	184
418	147
419	171
420	176
421	169
422	199
423	159
424	170
425	162
426	180
427	179
428	192
429	154
430	182
431	200
432	164
433	173
434	165
435	165
436	154
437	164
438	180
439	161
440	171
441	151
442	162
443	156
444	194
445	179
446	158
447	176
448	167
449	152
450	184
451	149
452	182
453	166
454	174
455	171
456	185
457	157
458	144
459	155
460	172
461	163
462	170
463	175
464	172
465	137
466	168
467	159
468	169
469	146
470	160
471	178
472	156
473	168
474	168
475	154
476	153
477	157
478	186
479	172
480	166
481	154
482	148
483	184
484	173
485	178
486	196
487	173
488	193
489	178
490	177
491	145
492	190
493	152
494	167
495	185
496	162
497	163
498	175
499	172
500	176
501	174
502	158
503	185
504	169
505	150
506	156
507	153
508	174
509	167
510	164
511	161
512	187
513	174
514	187
515	163
516	169
517	159
518	144
519	170
520	159
521	155
522	176
523	175
524	167
525	155
526	155
527	171
528	167
529	177
530	155
531	192
532	185
533	152
534	157
535	171
536	168
537	167
538	155
539	170
540	158
541	173
542	150
543	158
544	178
545	138
546	159
547	164
548	188
549	149
550	173
551	157
552	162
553	190
554	149
555	151
556	165
557	193
558	168
559	162
560	182
561	171
562	173
563	161
564	182
565	172
566	168
567	163
568	185
569	169
570	160
571	194
572	174
573	170
574	183
575	165
576	164
577	165
578	141
579	163
580	166
581	164
582	151
583	181
584	168
585	187
586	180
587	137
588	148
589	160
590	145
591	159
592	171
593	161
594	178
595	150
596	178
597	182
598	170
599	167
600	173
601	155
602	142
603	167
604	158
605	161
606	146
607	151
608	163
609	169
610	156
611	192
612	160
613	188
614	170
615	184
616	179
617	175
618	179
619	161
620	158
621	167
622	181
623	146
624	167
625	166
626	162
627	167
628	178
629	166
630	173
631	165
632	170
633	194
634	177
635	200
636	166
637	181
638	168
639	164
640	167
641	181
642	145
643	155
644	169
645	170
646	190
647	168
648	171
649	140
650	166
651	157
652	159
653	144
654	169
655	198
656	161
657	193
658	171
659	181
660	185
661	175
662	165
663	167
664	171
665	180
666	185
667	164
668	148
669	165
670	165
671	194
672	170
673	179
674	189
675	161
676	178
677	175
678	164
679	185
680	159
681	174
682	186
683	187
684	170
685	181
686	172
687	186
688	193
689	177
690	175
691	174
692	176
693	186
694	176
695	185
696	196
697	181
698	192
699	184
700	181
701	200
702	170
703	179
704	159
705	207
706	191
707	192
708	194
709	192
710	172
711	170
712	187
713	203
714	177
715	180
716	194
717	198
718	215
719	188
720	213
721	198
722	202
723	225
724	197
725	195
726	200
727	190
728	200
729	215
730	204
731	215
732	195
733	209
734	227
735	210
736	239
737	232
738	215
739	199
740	230
741	227
742	224
743	204
744	210
745	217
746	217
747	201
748	209
749	236
750	221
751	220
752	212
753	226
754	233
755	215
756	227
757	242
758	232
759	257
760	237
761	208
762	240
763	225
764	257
765	251
766	267
767	227
768	233
769	237
770	214
771	234
772	264
773	254
774	214
775	238
776	249
777	251
778	242
779	239
780	221
781	239
782	260
783	257
784	240
785	238
786	253
787	246
788	242
789	244
790	246
791	229
792	252
793	233
794	226
795	265
796	232
797	260
798	212
799	249
800	235
801	249
802	217
803	276
804	251
805	213
806	229
807	212
808	230
809	245
810	225
811	231
812	247
813	244
814	210
815	217
816	220
817	216
818	222
819	256
820	248
821	231
822	225
823	223
824	247
825	213
826	205
827	217
828	236
829	240
830	233
831	217
832	206
833	240
834	219
835	226
836	242
837	208
838	235
839	232
840	239
841	203
842	224
843	218
844	202
845	198
846	220
847	217
848	227
849	239
850	224
851	233
852	223
853	232
854	204
855	223
856	209
857	229
858	223
859	207
860	213
861	221
862	235
863	223
864	231
865	212
866	231
867	224
868	214
869	229
870	202
871	209
872	209
873	200
874	216
875	206
876	195
877	209
878	219
879	215
880	191
881	204
882	212
883	203
884	201
885	197
886	197
887	206
888	183
889	202
890	180
891	208
892	229
893	182
894	199
895	180
896	198
897	201
898	201
899	203
900	205
901	184
902	184
903	179
904	200
905	176
906	193
907	163
908	193
909	176
910	198
911	205
912	185
913	186
914	183
915	193
916	183
917	214
918	192
919	190
920	202
921	194
922	183
923	214
924	175
925	194
926	188
927	195
928	200
929	206
930	204
931	174
932	193
933	186
934	182
935	178
936	193
937	189
938	178
939	184
940	186
941	197
942	186
943	188
944	169
945	178
946	199
947	195
948	204
949	193
950	185
951	160
952	186
953	206
954	179
955	186
956	195
957	171
958	188
959	187
960	201
961	197
962	177
963	170
964	159
965	159
966	170
967	186
968	182
969	171
970	189
971	173
972	173
973	196
974	149
975	186
976	202
977	168
978	177
979	201
980	189
981	157
982	179
983	168
984	173
985	167
986	163
987	189
988	171
989	176
990	165
991	161
992	194
993	183
994	194
995	180
996	204
997	174
998	180
999	182
1000	183
1001	180
1002	181
1003	193
1004	176
1005	158
1006	159
1007	194
1008	163
1009	189
1010	173
1011	201
1012	152
1013	169
1014	174
1015	147
1016	163
1017	155
1018	191
1019	181
1020	209
1021	165
1022	189
1023	182
1024	171
1025	175
1026	210
1027	170
1028	178
1029	156
1030	170
1031	180
1032	151
1033	196
1034	175
1035	186
1036	159
1037	193
1038	163
1039	162
1040	185
1041	187
1042	181
1043	179
1044	181
1045	161
1046	169
1047	149
1048	172
1049	170
1050	175
1051	164
1052	171
1053	163
1054	208
1055	166
1056	165
1057	182
1058	179
1059	157
1060	167
1061	163
1062	157
1063	195
1064	186
1065	185
1066	156
1067	182
1068	161
1069	161
1070	166
1071	168
1072	166
1073	172
1074	201
1075	164
1076	164
1077	164
1078	166
1079	161
1080	173
1081	173
1082	192
1083	147
1084	188
1085	156
1086	175
1087	189
1088	135
1089	146
1090	146
1091	144
1092	173
1093	177
1094	159
1095	154
1096	161
1097	174
1098	155
1099	186
1100	146
1101	153
1102	169
1103	160
1104	186
1105	163
1106	163
1107	153
1108	139
1109	156
1110	146
1111	170
1112	160
1113	162
1114	180
1115	166
1116	158
1117	161
1118	164
1119	169
1120	158
1121	155
1122	136
1123	150
1124	153
1125	154
1126	161
1127	160
1128	148
1129	149
1130	166
1131	150
1132	148
1133	142
1134	156
1135	161
1136	132
1137	158
1138	153
1139	156
1140	137
1141	157
1142	148
1143	126
1144	159
1145	157
1146	148
1147	150
1148	178
1149	169
1150	159
1151	166
1152	153
1153	165
1154	171
1155	146
1156	132
1157	157
1158	176
1159	163
1160	146
1161	156
1162	158
1163	161
1164	146
1165	141
1166	151
1167	154
1168	160
1169	158
1170	167
1171	150
1172	165
1173	161
1174	148
1175	158
1176	154
1177	154
1178	153
1179	162
1180	134
1181	135
1182	143
1183	136
1184	133
1185	148
1186	152
1187	154
1188	157
1189	163
1190	145
1191	186
1192	136
1193	156
1194	149
1195	138
1196	165
1197	150
1198	165
1199	136
1200	140
1201	162
1202	148
1203	147
1204	157
1205	132
1206	143
1207	127
1208	137
1209	141
1210	145
1211	161
1212	129
1213	148
1214	153
1215	141
1216	154
1217	152
1218	148
1219	135
1220	136
1221	157
1222	140
1223	130
1224	158
1225	136
1226	131
1227	129
1228	147
1229	133
1230	165
1231	137
1232	154
1233	142
1234	153
1235	144
1236	162
1237	132
1238	144
1239	146
1240	127
1241	165
1242	138
1243	146
1244	137
1245	138
1246	130
1247	151
1248	146
1249	148
1250	131
1251	146
1252	141
1253	132
1254	140
1255	142
1256	122
1257	152
1258	132
1259	145
1260	138
1261	144
1262	136
1263	142
1264	128
1265	147
1266	143
1267	133
1268	133
1269	139
1270	125
1271	146
1272	147
1273	145
1274	132
1275	143
1276	128
1277	140
1278	142
1279	128
1280	146
1281	153
1282	148
1283	123
1284	147
1285	135
1286	128
1287	129
1288	130
1289	135
1290	137
1291	134
1292	139
1293	104
1294	141
1295	136
1296	127
1297	136
1298	136
1299	123
1300	121
1301	138
1302	133
1303	122
1304	131
1305	134
1306	139
1307	147
1308	130
1309	129
1310	126
1311	129
1312	126
1313	114
1314	115
1315	141
1316	116
1317	140
1318	155
1319	137
1320	139
1321	140
1322	121
1323	126
1324	128
1325	153
1326	131
1327	118
1328	146
1329	132
1330	139
1331	120
1332	126
1333	133
1334	150
1335	109
1336	137
1337	109
1338	145
1339	121
1340	133
1341	137
1342	127
1343	127
1344	129
1345	141
1346	137
1347	135
1348	114
1349	144
1350	137
1351	131
1352	124
1353	141
1354	132
1355	121
1356	135
1357	124
1358	154
1359	143
1360	120
1361	115
1362	134
1363	130
1364	146
1365	127
1366	142
1367	149
1368	134
1369	128
1370	124
1371	134
1372	143
1373	105
1374	121
1375	140
1376	129
1377	152
1378	132
1379	132
1380	131
1381	115
1382	135
1383	138
1384	141
1385	133
1386	122
1387	151
1388	126
1389	133
1390	112
1391	122
1392	130
1393	130
1394	134
1395	153
1396	146
1397	127
1398	141
1399	132
1400	110
1401	124
1402	120
1403	129
1404	138
1405	158
1406	150
1407	160
1408	146
1409	146
1410	117
1411	143
1412	123
1413	127
1414	132
1415	124
1416	133
1417	110
1418	143
1419	146
1420	144
1421	105
1422	119
1423	146
1424	136
1425	111
1426	156
1427	137
1428	135
1429	118
1430	134
1431	150
1432	125
1433	110
1434	128
1435	140
1436	134
1437	136
1438	135
1439	112
1440	137
1441	136
1442	132
1443	130
1444	115
1445	139
1446	124
1447	128
1448	123
1449	150
1450	129
1451	107
1452	127
1453	131
1454	140
1455	130
1456	120
1457	133
1458	127
1459	129
1460	138
1461	137
1462	124
1463	137
1464	141
1465	128
1466	128
1467	137
1468	145
1469	115
1470	134
1471	141
1472	130
1473	135
1474	136
1475	139
1476	122
1477	124
1478	134
1479	140
1480	118
1481	119
1482	121
1483	158
1484	110
1485	131
1486	129
1487	105
1488	135
1489	133
1490	130
1491	144
1492	123
1493	141
1494	148
1495	123
1496	139
1497	128
1498	153
1499	128
1500	141
1501	126
1502	132
1503	121
1504	128
1505	131
1506	126
1507	135
1508	137
1509	142
1510	137
1511	120
1512	127
1513	161
1514	135
1515	135
1516	121
1517	125
1518	131
1519	125
1520	128
1521	133
1522	131
1523	134
1524	119
1525	118
1526	122
1527	123
1528	125
1529	128
1530	134
1531	127
1532	132
1533	142
1534	123
1535	153
1536	125
1537	141
1538	138
1539	132
1540	125
1541	129
1542	134
1543	121
1544	116
1545	142
1546	128
1547	120
1548	130
1549	115
1550	134
1551	140
1552	125
1553	126
1554	135
1555	131
1556	113
1557	119
1558	125
1559	120
1560	144
1561	128
1562	153
1563	131
1564	156
1565	127
1566	125
1567	139
1568	139
1569	107
1570	125
1571	112
1572	114
1573	128
1574	104
1575	140
1576	121
1577	106
1578	130
1579	126
1580	104
1581	137
1582	122
1583	134
1584	133
1585	144
1586	135
1587	109
1588	122
1589	130
1590	117
1591	112
1592	123
1593	127
1594	125
1595	143
1596	124
1597	125
1598	120
1599	130
1600	141
1601	102
1602	152
1603	105
1604	112
1605	116
1606	120
1607	144
1608	127
1609	142
1610	125
1611	110
1612	118
1613	117
1614	120
1615	111
1616	108
1617	111
1618	109
1619	110
1620	134
1621	120
1622	122
1623	123
1624	122
1625	119
1626	125
1627	105
1628	114
1629	115
1630	116
1631	131
1632	139
1633	93
1634	105
1635	124
1636	110
1637	99
1638	116
1639	97
1640	105
1641	124
1642	97
1643	108
1644	100
1645	92
1646	99
1647	100
1648	105
1649	124
1650	93
1651	106
1652	115
1653	112
1654	104
1655	109
1656	120
1657	111
1658	89
1659	108
1660	106
1661	101
1662	88
1663	121
1664	110
1665	113
1666	93
1667	106
1668	87
1669	92
1670	93
1671	97
1672	103
1673	97
1674	104
1675	84
1676	93
1677	101
1678	96
1679	119
1680	103
1681	108
1682	95
1683	94
1684	90
1685	104
1686	70
1687	102
1688	83
1689	90
1690	88
1691	95
1692	92
1693	97
1694	98
1695	80
1696	98
1697	97
1698	89
1699	84
1700	107
1701	96
1702	95
1703	83
1704	89
1705	86
1706	90
1707	93
1708	104
1709	79
1710	79
1711	90
1712	84
1713	92
1714	85
1715	96
1716	79
1717	103
1718	90
1719	72
1720	92
1721	74
1722	76
1723	84
1724	80
1725	73
1726	75
1727	89
1728	81
1729	91
1730	59
1731	79
1732	66
1733	77
1734	90
1735	87
1736	91
1737	80
1738	66
1739	80
1740	81
1741	74
1742	67
1743	70
1744	84
1745	66
1746	84
1747	84
1748	78
1749	53
1750	78
1751	72
1752	72
1753	65
1754	70
1755	81
1756	59
1757	54
1758	59
1759	86
1760	81
1761	71
1762	69
1763	61
1764	81
1765	74
1766	72
1767	69
1768	63
1769	67
1770	73
1771	67
1772	69
1773	79
1774	76
1775	59
1776	64
1777	64
1778	61
1779	72
1780	78
1781	60
1782	77
1783	76
1784	52
1785	63
1786	75
1787	59
1788	63
1789	62
1790	60
1791	74
1792	57
1793	69
1794	59
1795	65
1796	50
1797	63
1798	74
1799	70
1800	69
1801	48
1802	64
1803	54
1804	63
1805	67
1806	59
1807	78
1808	69
1809	67
1810	63
1811	55
1812	69
1813	68
1814	65
1815	62
1816	68
1817	61
1818	65
1819	77
1820	65
1821	59
1822	63
1823	59
1824	61
1825	60
1826	54
1827	58
1828	56
1829	62
1830	63
1831	42
1832	56
1833	53
1834	59
1835	66
1836	48
1837	56
1838	68
1839	75
1840	67
1841	64
1842	64
1843	50
1844	63
1845	55
1846	50
1847	60
1848	63
1849	60
1850	67
1851	60
1852	56
1853	53
1854	46
1855	49
1856	56
1857	55
1858	57
1859	55
1860	64
1861	71
1862	36
1863	59
1864	63
1865	51
1866	57
1867	52
1868	55
1869	47
1870	40
1871	57
1872	61
1873	52
1874	55
1875	57
1876	58
1877	52
1878	46
1879	42
1880	63
1881	54
1882	56
1883	52
1884	47
1885	56
1886	61
1887	48
1888	53
1889	57
1890	58
1891	40
1892	48
1893	53
1894	58
1895	51
1896	56
1897	45
1898	57
1899	66
1900	68
1901	66
1902	44
1903	42
1904	71
1905	65
1906	56
1907	61
1908	58
1909	42
1910	53
1911	61
1912	48
1913	56
1914	42
1915	48
1916	59
1917	55
1918	50
1919	40
1920	50
1921	52
1922	41
1923	47
1924	61
1925	45
1926	48
1927	49
1928	35
1929	58
1930	50
1931	59
1932	48
1933	47
1934	43
1935	51
1936	40
1937	53
1938	45
1939	51
1940	51
1941	53
1942	47
1943	47
1944	39
1945	44
1946	38
1947	34
1948	43
1949	58
1950	44
1951	50
1952	40
1953	47
1954	43
1955	34
1956	52
1957	42
1958	61
1959	51
1960	61
1961	46
1962	53
1963	45
1964	37
1965	38
1966	56
1967	42
1968	44
1969	47
1970	51
1971	43
1972	49
1973	39
1974	38
1975	44
1976	44
1977	44
1978	46
1979	56
1980	46
1981	58
1982	42
1983	53
1984	44
1985	43
1986	62
1987	48
1988	49
1989	50
1990	48
1991	44
1992	49
1993	42
1994	54
1995	43
1996	37
1997	44
1998	54
1999	48
2000	38
2001	37
2002	41
2003	39
2004	62
2005	38
2006	50
2007	43
2008	48
2009	52
2010	45
2011	47
2012	50
2013	46
2014	54
2015	44
2016	52
2017	38
2018	38
2019	47
2020	48
2021	40
2022	46
2023	47
2024	55
2025	38
2026	55
2027	47
2028	50
2029	41
2030	48
2031	40
2032	40
2033	50
2034	46
2035	47
2036	49
2037	51
2038	50
2039	44
2040	35
2041	41
2042	47
2043	41
2044	56
2045	39
2046	40
2047	49
2048	41
2049	38
2050	40
2051	43
2052	56
2053	34
2054	32
2055	42
2056	37
2057	50
2058	42
2059	50
2060	57
2061	37
2062	55
2063	36
2064	40
2065	36
2066	28
2067	43
2068	48
2069	44
2070	43
2071	40
2072	41
2073	32
2074	46
2075	40
2076	42
2077	38
2078	48
2079	51
2080	48
2081	36
2082	43
2083	49
2084	36
2085	48
2086	31
2087	60
2088	42
2089	38
2090	47
2091	39
2092	44
2093	32
2094	42
2095	51
2096	37
2097	34
2098	45
2099	38
2100	38
2101	37
2102	37
2103	43
2104	39
2105	42
2106	41
2107	44
2108	37
2109	43
2110	56
2111	40
2112	34
2113	36
2114	43
2115	31
2116	47
2117	43
2118	30
2119	43
2120	50
2121	42
2122	42
2123	35
2124	37
2125	48
2126	41
2127	46
2128	37
2129	34
2130	28
2131	37
2132	46
2133	40
2134	40
2135	56
2136	47
2137	47
2138	39
2139	46
2140	47
2141	44
2142	41
2143	38
2144	44
2145	46
2146	38
2147	44
2148	47
2149	51
2150	30
2151	46
2152	36
2153	42
2154	36
2155	34
2156	45
2157	37
2158	33
2159	41
2160	39
2161	43
2162	40
2163	46
2164	42
2165	44
2166	47
2167	42
2168	40
2169	40
2170	33
2171	34
2172	29
2173	41
2174	31
2175	34
2176	36
2177	40
2178	42
2179	47
2180	47
2181	38
2182	42
2183	44
2184	45
2185	42
2186	22
2187	44
2188	39
2189	34
2190	41
2191	39
2192	40
2193	31
2194	42
2195	46
2196	45
2197	29
2198	30
2199	34
2200	38
2201	50
2202	50
2203	42
2204	44
2205	33
2206	41
2207	36
2208	31
2209	49
2210	49
2211	41
2212	41
2213	53
2214	39
2215	28
2216	41
2217	40
2218	44
2219	44
2220	40
2221	44
2222	45
2223	42
2224	36
2225	45
2226	31
2227	34
2228	42
2229	30
2230	44
2231	46
2232	44
2233	51
2234	38
2235	37
2236	45
2237	37
2238	50
2239	38
2240	47
2241	44
2242	41
2243	46
2244	21
2245	39
2246	49
2247	41
2248	45
2249	47
2250	43
2251	45
2252	33
2253	38
2254	39
2255	37
2256	36
2257	44
2258	47
2259	45
2260	38
2261	38
2262	32
2263	37
2264	43
2265	32
2266	40
2267	35
2268	31
2269	32
2270	40
2271	36
2272	41
2273	27
2274	41
2275	39
2276	47
2277	34
2278	45
2279	43
2280	40
2281	42
2282	49
2283	32
2284	41
2285	38
2286	38
2287	41
2288	35
2289	50
2290	46
2291	48
2292	40
2293	35
2294	39
2295	37
2296	33
2297	36
2298	34
2299	33
2300	51
2301	35
2302	29
2303	44
2304	45
2305	41
2306	51
2307	40
2308	40
2309	35
2310	40
2311	50
2312	40
2313	36
2314	42
2315	37
2316	39
2317	33
2318	37
2319	39
2320	33
2321	44
2322	37
2323	36
2324	35
2325	40
2326	37
2327	36
2328	34
2329	37
2330	42
2331	40
2332	45
2333	32
2334	48
2335	35
2336	49
2337	48
2338	33
2339	44
2340	35
2341	48
2342	27
2343	43
2344	41
2345	36
2346	37
2347	30
2348	38
2349	28
2350	44
2351	38
2352	36
2353	38
2354	33
2355	32
2356	49
2357	29
2358	30
2359	50
2360	41
2361	35
2362	43
2363	44
2364	48
2365	29
2366	36
2367	47
2368	48
2369	29
2370	46
2371	43
2372	26
2373	42
2374	30
2375	37
2376	43
2377	34
2378	50
2379	43
2380	48
2381	41
2382	49
2383	37
2384	37
2385	46
2386	39
2387	44
2388	44
2389	42
2390	46
2391	43
2392	49
2393	41
2394	38
2395	34
2396	46
2397	35
2398	29
2399	48
2400	36
2401	32
2402	44
2403	34
2404	40
2405	37
2406	30
2407	45
2408	37
2409	54
2410	33
2411	32
2412	41
2413	38
2414	50
2415	36
2416	38
2417	42
2418	38
2419	38
2420	55
2421	34
2422	36
2423	37
2424	45
2425	38
2426	40
2427	37
2428	51
2429	44
2430	44
2431	40
2432	38
2433	45
2434	47
2435	41
2436	31
2437	43
2438	40
2439	33
2440	42
2441	41
2442	49
2443	54
2444	38
2445	32
2446	46
2447	45
2448	51
2449	40
2450	44
2451	44
2452	54
2453	31
2454	63
2455	44
2456	47
2457	43
2458	36
2459	45
2460	49
2461	49
2462	51
2463	55
2464	49
2465	46
2466	53
2467	47
2468	52
2469	39
2470	50
2471	50
2472	42
2473	43
2474	56
2475	39
2476	39
2477	55
2478	37
2479	54
2480	51
2481	49
2482	52
2483	57
2484	50
2485	47
2486	47
2487	46
2488	44
2489	58
2490	46
2491	52
2492	48
2493	49
2494	58
2495	54
2496	59
2497	53
2498	49
2499	44
2500	66
2501	47
2502	65
2503	49
2504	76
2505	63
2506	61
2507	58
2508	56
2509	55
2510	73
2511	69
2512	57
2513	64
2514	77
2515	67
2516	67
2517	66
2518	80
2519	83
2520	71
2521	73
2522	72
2523	77
2524	70
2525	78
2526	77
2527	68
2528	98
2529	77
2530	79
2531	102
2532	92
2533	95
2534	73
2535	85
2536	83
2537	90
2538	102
2539	86
2540	88
2541	99
2542	104
2543	89
2544	102
2545	108
2546	113
2547	102
2548	107
2549	106
2550	138
2551	105
2552	127
2553	102
2554	123
2555	117
2556	122
2557	153
2558	123
2559	144
2560	145
2561	134
2562	139
2563	145
2564	137
2565	162
2566	148
2567	143
2568	152
2569	163
2570	171
2571	172
2572	180
2573	176
2574	157
2575	184
2576	145
2577	163
2578	169
2579	173
2580	159
2581	188
2582	186
2583	188
2584	207
2585	224
2586	200
2587	212
2588	203
2589	207
2590	224
2591	240
2592	222
2593	206
2594	220
2595	217
2596	213
2597	221
2598	258
2599	229
2600	221
2601	247
2602	248
2603	267
2604	275
2605	245
2606	259
2607	283
2608	279
2609	273
2610	309
2611	303
2612	292
2613	315
2614	313
2615	322
2616	303
2617	343
2618	306
2619	332
2620	319
2621	335
2622	380
2623	372
2624	370
2625	365
2626	362
2627	370
2628	354
2629	383
2630	334
2631	369
2632	379
2633	392
2634	407
2635	448
2636	388
2637	426
2638	423
2639	418
2640	440
2641	425
2642	428
2643	439
2644	406
2645	459
2646	468
2647	471
2648	462
2649	515
2650	502
2651	516
2652	481
2653	484
2654	565
2655	500
2656	502
2657	504
2658	509
2659	496
2660	550
2661	478
2662	529
2663	551
2664	522
2665	542
2666	509
2667	583
2668	542
2669	551
2670	606
2671	611
2672	557
2673	592
2674	605
2675	598
2676	647
2677	592
2678	648
2679	631
2680	641
2681	618
2682	624
2683	655
2684	732
2685	654
2686	676
2687	694
2688	658
2689	705
2690	654
2691	679
2692	702
2693	702
2694	673
2695	701
2696	737
2697	678
2698	740
2699	704
2700	740
2701	751
2702	767
2703	762
2704	752
2705	703
2706	759
2707	754
2708	788
2709	842
2710	759
2711	773
2712	748
2713	832
2714	733
2715	718
2716	787
2717	773
2718	788
2719	860
2720	805
2721	773
2722	846
2723	759
2724	758
2725	853
2726	835
2727	814
2728	792
2729	855
2730	831
2731	799
2732	855
2733	806
2734	759
2735	795
2736	810
2737	801
2738	854
2739	832
2740	832
2741	852
2742	832
2743	859
2744	846
2745	911
2746	821
2747	851
2748	811
2749	832
2750	879
2751	854
2752	870
2753	858
2754	890
2755	822
2756	816
2757	849
2758	868
2759	895
2760	872
2761	872
2762	825
2763	825
2764	848
2765	822
2766	821
2767	892
2768	869
2769	841
2770	827
2771	814
2772	908
2773	804
2774	773
2775	830
2776	822
2777	825
2778	840
2779	833
2780	831
2781	832
2782	782
2783	804
2784	824
2785	741
2786	815
2787	832
2788	806
2789	858
2790	770
2791	792
2792	788
2793	829
2794	739
2795	745
2796	799
2797	753
2798	810
2799	777
2800	754
2801	760
2802	772
2803	693
2804	771
2805	743
2806	739
2807	694
2808	717
2809	688
2810	683
2811	739
2812	675
2813	756
2814	705
2815	691
2816	657
2817	688
2818	671
2819	665
2820	665
2821	705
2822	645
2823	658
2824	647
2825	639
2826	590
2827	618
2828	590
2829	618
2830	587
2831	618
2832	599
2833	582
2834	576
2835	548
2836	600
2837	591
2838	581
2839	591
2840	594
2841	550
2842	552
2843	527
2844	475
2845	508
2846	502
2847	481
2848	483
2849	480
2850	497
2851	496
2852	453
2853	484
2854	460
2855	473
2856	447
2857	462
2858	466
2859	465
2860	414
2861	429
2862	445
2863	406
2864	417
2865	402
2866	435
2867	386
2868	373
2869	375
2870	404
2871	374
2872	385
2873	343
2874	348
2875	340
2876	308
2877	373
2878	329
2879	320
2880	324
2881	370
2882	291
2883	295
2884	319
2885	301
2886	314
2887	289
2888	275
2889	313
2890	298
2891	284
2892	284
2893	270
2894	262
2895	267
2896	279
2897	257
2898	249
2899	243
2900	255
2901	253
2902	227
2903	217
2904	216
2905	238
2906	209
2907	225
2908	221
2909	204
2910	196
2911	202
2912	183
2913	187
2914	170
2915	176
2916	201
2917	163
2918	176
2919	178
2920	184
2921	149
2922	166
2923	133
2924	153
2925	142
2926	148
2927	135
2928	146
2929	140
2930	113
2931	157
2932	126
2933	141
2934	126
2935	120
2936	118
2937	123
2938	125
2939	128
2940	121
2941	127
2942	117
2943	117
2944	83
2945	108
2946	108
2947	107
2948	101
2949	101
2950	93
2951	97
2952	101
2953	70
2954	91
2955	93
2956	94
2957	72
2958	75
2959	93
2960	81
2961	84
2962	76
2963	86
2964	69
2965	77
2966	64
2967	77
2968	72
2969	74
2970	69
2971	68
2972	82
2973	59
2974	68
2975	79
2976	62
2977	61
2978	63
2979	65
2980	47
2981	76
2982	50
2983	42
2984	47
2985	59
2986	40
2987	44
2988	55
2989	45
2990	51
2991	38
2992	36
2993	45
2994	38
2995	49
2996	36
2997	40
2998	35
2999	43
3000	45
3001	32
3002	44
3003	37
3004	42
3005	29
3006	38
3007	27
3008	43
3009	47
3010	32
3011	40
3012	36
3013	38
3014	44
3015	36
3016	43
3017	30
3018	39
3019	33
3020	39
3021	38
3022	31
3023	30
3024	29
3025	30
3026	27
3027	28
3028	39
3029	23
3030	27
3031	30
3032	34
3033	29
3034	29
3035	38
3036	26
3037	18
3038	24
3039	27
3040	27
3041	19
3042	27
3043	27
3044	33
3045	31
3046	28
3047	21
3048	20
3049	24
3050	25
3051	31
3052	24
3053	22
3054	18
3055	26
3056	24
3057	29
3058	22
3059	20
3060	26
3061	31
3062	17
3063	18
3064	26
3065	28
3066	24
3067	31
3068	23
3069	26
3070	25
3071	27
3072	21
3073	31
3074	24
3075	20
3076	27
3077	26
3078	19
3079	20
3080	20
3081	26
3082	18
3083	22
3084	20
3085	30
3086	21
3087	23
3088	23
3089	30
3090	34
3091	27
3092	19
3093	23
3094	23
3095	26
3096	17
3097	28
3098	23
3099	16
3100	18
3101	31
3102	35
3103	27
3104	27
3105	19
3106	16
3107	28
3108	19
3109	24
3110	19
3111	25
3112	14
3113	31
3114	32
3115	29
3116	23
3117	23
3118	32
3119	26
3120	20
3121	24
3122	19
3123	24
3124	23
3125	30
3126	21
3127	24
3128	25
3129	32
3130	24
3131	21
3132	27
3133	21
3134	33
3135	30
3136	19
3137	25
3138	28
3139	32
3140	19
3141	29
3142	21
3143	27
3144	29
3145	18
3146	22
3147	31
3148	18
3149	26
3150	20
3151	28
3152	20
3153	26
3154	33
3155	24
3156	22
3157	26
3158	23
3159	22
3160	28
3161	21
3162	28
3163	27
3164	19
3165	22
3166	25
3167	16
3168	21
3169	16
3170	19
3171	20
3172	18
3173	30
3174	32
3175	29
3176	31
3177	21
3178	28
3179	24
3180	14
3181	23
3182	22
3183	31
3184	24
3185	13
3186	22
3187	27
3188	25
3189	18
3190	25
3191	33
3192	21
3193	24
3194	26
3195	18
3196	21
3197	20
3198	27
3199	22
3200	23
3201	23
3202	29
3203	28
3204	24
3205	21
3206	21
3207	27
3208	24
3209	24
3210	23
3211	27
3212	18
3213	26
3214	24
3215	27
3216	16
3217	27
3218	29
3219	26
3220	28
3221	20
3222	20
3223	21
3224	29
3225	23
3226	30
3227	18
3228	27
3229	26
3230	24
3231	31
3232	27
3233	24
3234	14
3235	17
3236	25
3237	25
3238	21
3239	23
3240	27
3241	23
3242	20
3243	20
3244	30
3245	22
3246	23
3247	26
3248	39
3249	25
3250	15
3251	25
3252	13
3253	21
3254	27
3255	25
3256	20
3257	22
3258	29
3259	20
3260	17
3261	30
3262	29
3263	21
3264	22
3265	30
3266	24
3267	25
3268	25
3269	24
3270	20
3271	31
3272	23
3273	24
3274	18
3275	19
3276	30
3277	20
3278	30
3279	25
3280	23
3281	22
3282	19
3283	19
3284	17
3285	20
3286	33
3287	19
3288	26
3289	16
3290	21
3291	22
3292	21
3293	22
3294	19
3295	31
3296	20
3297	24
3298	22
3299	28
3300	17
3301	20
3302	24
3303	30
3304	35
3305	28
3306	32
3307	13
3308	21
3309	34
3310	23
3311	18
3312	25
3313	24
3314	28
3315	32
3316	22
3317	20
3318	19
3319	28
3320	25
3321	12
3322	22
3323	23
3324	29
3325	24
3326	26
3327	17
3328	19
3329	27
3330	23
3331	29
3332	21
3333	19
3334	31
3335	15
3336	26
3337	20
3338	14
3339	20
3340	21
3341	25
3342	32
3343	21
3344	17
3345	22
3346	23
3347	23
3348	24
3349	30
3350	26
3351	15
3352	21
3353	35
3354	20
3355	23
3356	20
3357	24
3358	21
3359	25
3360	20
3361	22
3362	20
3363	23
3364	22
3365	11
3366	35
3367	23
3368	20
3369	32
3370	31
3371	20
3372	19
3373	28
3374	18
3375	25
3376	28
3377	33
3378	17
3379	16
3380	21
3381	18
3382	27
3383	18
3384	18
3385	26
3386	20
3387	24
3388	20
3389	22
3390	19
3391	23
3392	24
3393	23
3394	17
3395	13
3396	27
3397	20
3398	19
3399	23
3400	24
3401	20
3402	17
3403	25
3404	16
3405	23
3406	20
3407	17
3408	24
3409	19
3410	19
3411	14
3412	29
3413	22
3414	26
3415	25
3416	20
3417	36
3418	23
3419	30
3420	23
3421	27
3422	23
3423	13
3424	28
3425	24
3426	24
3427	21
3428	22
3429	15
3430	18
3431	21
3432	22
3433	16
3434	22
3435	10
3436	23
3437	30
3438	20
3439	17
3440	30
3441	18
3442	34
3443	28
3444	24
3445	19
3446	30
3447	20
3448	28
3449	33
3450	27
3451	19
3452	24
3453	16
3454	19
3455	22
3456	22
3457	24
3458	22
3459	20
3460	25
3461	23
3462	31
3463	26
3464	28
3465	31
3466	26
3467	24
3468	25
3469	19
3470	26
3471	27
3472	25
3473	20
3474	27
3475	32
3476	30
3477	18
3478	19
3479	19
3480	27
3481	29
3482	21
3483	22
3484	27
3485	12
3486	25
3487	29
3488	25
3489	19
3490	21
3491	38
3492	18
3493	17
3494	26
3495	26
3496	29
3497	27
3498	19
3499	22
3500	26
3501	22
3502	21
3503	27
3504	26
3505	28
3506	23
3507	17
3508	22
3509	27
3510	22
3511	23
3512	21
3513	15
3514	26
3515	23
3516	18
3517	17
3518	16
3519	22
3520	22
3521	26
3522	23
3523	19
3524	15
3525	25
3526	25
3527	19
3528	24
3529	20
3530	27
3531	22
3532	12
3533	25
3534	25
3535	20
3536	26
3537	31
3538	15
3539	20
3540	29
3541	31
3542	23
3543	28
3544	15
3545	11
3546	25
3547	19
3548	17
3549	25
3550	20
3551	22
3552	27
3553	14
3554	23
3555	19
3556	23
3557	28
3558	35
3559	18
3560	35
3561	24
3562	23
3563	23
3564	17
3565	29
3566	28
3567	15
3568	24
3569	19
3570	23
3571	23
3572	28
3573	15
3574	25
3575	21
3576	31
3577	18
3578	23
3579	17
3580	23
3581	20
3582	20
3583	23
3584	26
3585	24
3586	21
3587	27
3588	31
3589	31
3590	21
3591	30
3592	17
3593	19
3594	27
3595	25
3596	23
3597	12
3598	15
3599	21
3600	26
3601	28
3602	19
3603	21
3604	14
3605	19
3606	15
3607	22
3608	26
3609	24
3610	29
3611	17
3612	22
3613	24
3614	19
3615	20
3616	18
3617	25
3618	21
3619	24
3620	24
3621	20
3622	24
3623	24
3624	24
3625	19
3626	24
3627	20
3628	21
3629	30
3630	24
3631	17
3632	27
3633	18
3634	19
3635	19
3636	24
3637	19
3638	17
3639	26
3640	25
3641	26
3642	21
3643	25
3644	16
3645	28
3646	20
3647	30
3648	23
3649	22
3650	19
3651	19
3652	27
3653	25
3654	27
3655	17
3656	28
3657	24
3658	23
3659	28
3660	18
3661	28
3662	30
3663	23
3664	22
3665	24
3666	20
3667	24
3668	26
3669	15
3670	17
3671	22
3672	25
3673	21
3674	25
3675	34
3676	32
3677	22
3678	18
3679	30
3680	33
3681	23
3682	31
3683	24
3684	20
3685	22
3686	25
3687	24
3688	26
3689	25
3690	28
3691	35
3692	28
3693	20
3694	26
3695	29
3696	23
3697	34
3698	24
3699	21
3700	31
3701	25
3702	27
3703	27
3704	21
3705	21
3706	23
3707	18
3708	20
3709	26
3710	31
3711	33
3712	18
3713	25
3714	21
3715	25
3716	32
3717	20
3718	30
3719	23
3720	31
3721	19
3722	24
3723	29
3724	22
3725	16
3726	23
3727	26
3728	28
3729	15
3730	29
3731	22
3732	28
3733	27
3734	19
3735	20
3736	26
3737	29
3738	16
3739	29
3740	23
3741	24
3742	25
3743	32
3744	21
3745	26
3746	22
3747	23
3748	21
3749	23
3750	28
3751	24
3752	31
3753	26
3754	39
3755	21
3756	27
3757	24
3758	20
3759	24
3760	19
3761	30
3762	33
3763	30
3764	22
3765	25
3766	20
3767	30
3768	18
3769	36
3770	23
3771	30
3772	17
3773	24
3774	26
3775	30
3776	20
3777	33
3778	21
3779	36
3780	25
3781	28
3782	24
3783	37
3784	31
3785	27
3786	18
3787	23
3788	24
3789	24
3790	32
3791	22
3792	30
3793	23
3794	25
3795	33
3796	19
3797	46
3798	28
3799	21
3800	31
3801	27
3802	24
3803	18
3804	33
3805	24
3806	21
3807	29
3808	22
3809	19
3810	22
3811	30
3812	26
3813	28
3814	22
3815	30
3816	24
3817	20
3818	19
3819	24
3820	27
3821	24
3822	24
3823	31
3824	28
3825	35
3826	27
3827	24
3828	27
3829	24
3830	29
3831	22
3832	19
3833	27
3834	26
3835	19
3836	20
3837	31
3838	21
3839	20
3840	22
3841	26
3842	29
3843	33
3844	16
3845	24
3846	24
3847	23
3848	30
3849	20
3850	33
3851	19
3852	29
3853	26
3854	16
3855	31
3856	18
3857	18
3858	25
3859	21
3860	30
3861	37
3862	28
3863	26
3864	26
3865	22
3866	25
3867	31
3868	22
3869	29
3870	26
3871	27
3872	35
3873	33
3874	29
3875	26
3876	24
3877	23
3878	21
3879	26
3880	38
3881	30
3882	26
3883	24
3884	33
3885	25
3886	23
3887	25
3888	26
3889	25
3890	33
3891	29
3892	22
3893	26
3894	16
3895	17
3896	32
3897	22
3898	32
3899	19
3900	23
3901	26
3902	30
3903	33
3904	34
3905	28
3906	27
3907	30
3908	20
3909	26
3910	23
3911	36
3912	25
3913	26
3914	30
3915	25
3916	17
3917	21
3918	24
3919	36
3920	24
3921	18
3922	29
3923	27
3924	36
3925	28
3926	26
3927	29
3928	27
3929	23
3930	27
3931	22
3932	31
3933	21
3934	26
3935	23
3936	29
3937	29
3938	34
3939	27
3940	24
3941	22
3942	28
3943	23
3944	23
3945	35
3946	31
3947	22
3948	27
3949	19
3950	26
3951	29
3952	27
3953	21
3954	21
3955	30
3956	18
3957	30
3958	28
3959	28
3960	28
3961	25
3962	23
3963	28
3964	29
3965	24
3966	26
3967	33
3968	27
3969	19
3970	24
3971	30
3972	24
3973	10
3974	25
3975	24
3976	24
3977	26
3978	33
3979	17
3980	22
3981	30
3982	29
3983	21
3984	23
3985	28
3986	27
3987	24
3988	34
3989	27
3990	24
3991	26
3992	26
3993	29
3994	20
3995	14
3996	26
3997	21
3998	24
3999	18
4000	20
4001	28
4002	14
4003	15
4004	31
4005	31
4006	26
4007	27
4008	22
4009	33
4010	22
4011	29
4012	29
4013	13
4014	23
4015	18
4016	28
4017	26
4018	19
4019	30
4020	21
4021	24
4022	28
4023	22
4024	22
4025	35
4026	35
4027	19
4028	24
4029	23
4030	26
4031	31
4032	32
4033	31
4034	26
4035	24
4036	29
4037	25
4038	28
4039	29
4040	28
4041	30
4042	20
4043	26
4044	33
4045	25
4046	30
4047	30
4048	24
4049	25
4050	18
4051	18
4052	36
4053	33
4054	21
4055	27
4056	21
4057	27
4058	21
4059	26
4060	17
4061	22
4062	27
4063	29
4064	26
4065	26
4066	19
4067	22
4068	22
4069	17
4070	23
4071	27
4072	32
4073	16
4074	18
4075	14
4076	22
4077	25
4078	28
4079	17
4080	23
4081	15
4082	26
4083	24
4084	22
4085	27
4086	22
4087	19
4088	15
4089	25
4090	28
4091	16
4092	20
4093	17
4094	22
4095	22
4096	28
4097	23
4098	28
4099	24
4100	28
4101	24
4102	21
4103	21
4104	21
4105	22
4106	19
4107	21
4108	19
4109	20
4110	20
4111	30
4112	30
4113	31
4114	17
4115	27
4116	23
4117	22
4118	12
4119	27
4120	27
4121	23
4122	19
4123	26
4124	18
4125	20
4126	28
4127	17
4128	27
4129	16
4130	24
4131	21
4132	25
4133	24
4134	30
4135	20
4136	25
4137	33
4138	22
4139	28
4140	24
4141	17
4142	20
4143	22
4144	25
4145	24
4146	21
4147	27
4148	24
4149	20
4150	29
4151	15
4152	29
4153	23
4154	19
4155	25
4156	20
4157	23
4158	21
4159	21
4160	23
4161	32
4162	27
4163	26
4164	29
4165	21
4166	29
4167	24
4168	21
4169	17
4170	33
4171	28
4172	23
4173	32
4174	16
4175	24
4176	20
4177	31
4178	26
4179	13
4180	13
4181	29
4182	23
4183	16
4184	23
4185	22
4186	28
4187	23
4188	28
4189	22
4190	26
4191	25
4192	24
4193	17
4194	29
4195	17
4196	31
4197	24
4198	28
4199	22
4200	23
4201	32
4202	24
4203	26
4204	28
4205	22
4206	21
4207	22
4208	24
4209	21
4210	23
4211	23
4212	29
4213	23
4214	21
4215	19
4216	22
4217	17
4218	25
4219	31
4220	29
4221	28
4222	14
4223	17
4224	15
4225	23
4226	20
4227	25
4228	24
4229	33
4230	21
4231	21
4232	25
4233	23
4234	25
4235	27
4236	18
4237	23
4238	22
4239	23
4240	24
4241	27
4242	26
4243	25
4244	20
4245	18
4246	23
4247	24
4248	17
4249	18
4250	21
4251	21
4252	20
4253	18
4254	23
4255	29
4256	24
4257	21
4258	33
4259	22
4260	27
4261	20
4262	23
4263	19
4264	19
4265	29
4266	26
4267	17
4268	26
4269	32
4270	29
4271	27
4272	21
4273	25
4274	26
4275	22
4276	18
4277	30
4278	18
4279	22
4280	23
4281	28
4282	17
4283	24
4284	27
4285	28
4286	29
4287	20
4288	24
4289	25
4290	18
4291	22
4292	22
4293	17
4294	22
4295	28
4296	28
4297	20
4298	20
4299	20
4300	22
4301	25
4302	32
4303	21
4304	15
4305	31
4306	22
4307	19
4308	15
4309	7
4310	17
4311	20
4312	20
4313	22
4314	26
4315	25
4316	29
4317	31
4318	15
4319	21
4320	16
4321	21
4322	16
4323	25
4324	18
4325	25
4326	19
4327	23
4328	24
4329	30
4330	18
4331	17
4332	22
4333	22
4334	31
4335	25
4336	29
4337	23
4338	26
4339	26
4340	16
4341	30
4342	23
4343	24
4344	21
4345	22
4346	23
4347	19
4348	23
4349	25
4350	25
4351	25
4352	19
4353	26
4354	28
4355	28
4356	10
4357	18
4358	14
4359	28
4360	22
4361	26
4362	23
4363	21
4364	19
4365	38
4366	25
4367	28
4368	21
4369	24
4370	17
4371	32
4372	25
4373	15
4374	24
4375	19
4376	27
4377	20
4378	28
4379	19
4380	25
4381	22
4382	22
4383	34
4384	34
4385	28
4386	23
4387	25
4388	21
4389	17
4390	26
4391	25
4392	19
4393	26
4394	24
4395	19
4396	18
4397	18
4398	25
4399	21
4400	20
4401	23
4402	23
4403	27
4404	28
4405	13
4406	24
4407	27
4408	23
4409	18
4410	30
4411	19
4412	27
4413	25
4414	23
4415	21
4416	27
4417	19
4418	22
4419	26
4420	17
4421	27
4422	17
4423	23
4424	24
4425	30
4426	15
4427	18
4428	32
4429	15
4430	15
4431	26
4432	24
4433	23
4434	20
4435	25
4436	26
4437	23
4438	20
4439	17
4440	24
4441	21
4442	22
4443	24
4444	20
4445	21
4446	16
4447	24
4448	18
4449	37
4450	17
4451	33
4452	29
4453	22
4454	25
4455	19
4456	23
4457	20
4458	25
4459	19
4460	21
4461	20
4462	19
4463	19
4464	21
4465	17
4466	25
4467	23
4468	14
4469	28
4470	19
4471	27
4472	22
4473	34
4474	17
4475	22
4476	21
4477	26
4478	28
4479	32
4480	19
4481	21
4482	28
4483	19
4484	16
4485	19
4486	27
4487	25
4488	15
4489	26
4490	24
4491	27
4492	30
4493	20
4494	24
4495	28
4496	17
4497	37
4498	22
4499	25
4500	23
4501	23
4502	18
4503	26
4504	25
4505	28
4506	28
4507	21
4508	27
4509	27
4510	23
4511	22
4512	24
4513	24
4514	23
4515	24
4516	18
4517	23
4518	23
4519	22
4520	22
4521	13
4522	30
4523	16
4524	25
4525	16
4526	22
4527	21
4528	25
4529	21
4530	31
4531	28
4532	33
4533	28
4534	21
4535	25
4536	24
4537	19
4538	21
4539	20
4540	31
4541	25
4542	23
4543	25
4544	17
4545	24
4546	20
4547	12
4548	19
4549	15
4550	21
4551	25
4552	21
4553	19
4554	23
4555	16
4556	23
4557	12
4558	18
4559	26
4560	19
4561	25
4562	24
4563	28
4564	28
4565	27
4566	15
4567	21
4568	16
4569	20
4570	26
4571	22
4572	30
4573	28
4574	20
4575	17
4576	22
4577	21
4578	25
4579	23
4580	25
4581	34
4582	13
4583	31
4584	18
4585	21
4586	23
4587	22
4588	28
4589	24
4590	23
4591	19
4592	22
4593	21
4594	22
4595	27
4596	14
4597	27
4598	22
4599	19
4600	14
4601	25
4602	19
4603	23
4604	29
4605	21
4606	32
4607	15
4608	16
4609	24
4610	17
4611	28
4612	22
4613	23
4614	20
4615	20
4616	19
4617	20
4618	32
4619	31
4620	17
4621	18
4622	21
4623	16
4624	23
4625	20
4626	26
4627	12
4628	21
4629	24
4630	26
4631	18
4632	20
4633	29
4634	20
4635	13
4636	24
4637	25
4638	30
4639	21
4640	16
4641	19
4642	17
4643	18
4644	28
4645	22
4646	23
4647	23
4648	20
4649	23
4650	17
4651	20
4652	22
4653	21
4654	25
4655	18
4656	25
4657	26
4658	20
4659	18
4660	22
4661	22
4662	19
4663	20
4664	21
4665	22
4666	22
4667	20
4668	21
4669	19
4670	24
4671	28
4672	24
4673	25
4674	25
4675	24
4676	30
4677	17
4678	12
4679	23
4680	18
4681	32
4682	30
4683	27
4684	16
4685	17
4686	20
4687	24
4688	24
4689	24
4690	18
4691	27
4692	22
4693	28
4694	27
4695	18
4696	19
4697	25
4698	25
4699	25
4700	23
4701	17
4702	20
4703	22
4704	25
4705	26
4706	26
4707	18
4708	22
4709	20
4710	17
4711	18
4712	32
4713	20
4714	23
4715	22
4716	26
4717	16
4718	20
4719	17
4720	25
4721	21
4722	17
4723	27
4724	19
4725	24
4726	21
4727	15
4728	21
4729	29
4730	17
4731	13
4732	20
4733	18
4734	29
4735	19
4736	16
4737	26
4738	18
4739	22
4740	15
4741	19
4742	27
4743	20
4744	19
4745	21
4746	28
4747	14
4748	23
4749	20
4750	19
4751	21
4752	28
4753	14
4754	25
4755	17
4756	24
4757	25
4758	23
4759	17
4760	21
4761	24
4762	23
4763	23
4764	32
4765	15
4766	18
4767	33
4768	26
4769	22
4770	25
4771	21
4772	15
4773	24
4774	17
4775	27
4776	24
4777	23
4778	21
4779	24
4780	22
4781	19
4782	31
4783	22
4784	22
4785	14
4786	22
4787	25
4788	18
4789	25
4790	25
4791	30
4792	21
4793	15
4794	30
4795	24
4796	27
4797	22
4798	15
4799	23
4800	16
4801	22
4802	21
4803	28
4804	30
4805	20
4806	24
4807	20
4808	23
4809	14
4810	17
4811	24
4812	21
4813	24
4814	28
4815	19
4816	24
4817	24
4818	26
4819	15
4820	18
4821	22
4822	24
4823	31
4824	27
4825	23
4826	23
4827	15
4828	27
4829	17
4830	25
4831	24
4832	21
4833	26
4834	25
4835	23
4836	20
4837	18
4838	23
4839	24
4840	24
4841	25
4842	18
4843	15
4844	31
4845	28
4846	27
4847	26
4848	23
4849	34
4850	33
4851	27
4852	24
4853	19
4854	21
4855	16
4856	26
4857	22
4858	21
4859	28
4860	18
4861	29
4862	27
4863	26
4864	31
4865	23
4866	22
4867	16
4868	25
4869	19
4870	23
4871	17
4872	25
4873	17
4874	14
4875	17
4876	21
4877	20
4878	27
4879	30
4880	26
4881	28
4882	22
4883	32
4884	26
4885	27
4886	23
4887	14
4888	17
4889	23
4890	20
4891	26
4892	23
4893	27
4894	26
4895	27
4896	26
4897	21
4898	19
4899	23
4900	28
4901	19
4902	37
4903	25
4904	35
4905	28
4906	19
4907	38
4908	30
4909	22
4910	12
4911	26
4912	22
4913	27
4914	24
4915	36
4916	22
4917	34
4918	28
4919	25
4920	28
4921	29
4922	19
4923	12
4924	18
4925	29
4926	21
4927	26
4928	29
4929	22
4930	36
4931	29
4932	24
4933	27
4934	21
4935	27
4936	30
4937	24
4938	30
4939	27
4940	27
4941	28
4942	15
4943	21
4944	24
4945	22
4946	16
4947	25
4948	21
4949	16
4950	18
4951	15
4952	28
4953	19
4954	27
4955	28
4956	27
4957	20
4958	37
4959	26
4960	27
4961	20
4962	13
4963	21
4964	31
4965	27
4966	18
4967	17
4968	20
4969	28
4970	29
4971	19
4972	27
4973	20
4974	23
4975	23
4976	15
4977	14
4978	29
4979	29
4980	18
4981	22
4982	24
4983	21
4984	20
4985	20
4986	18
4987	29
4988	32
4989	27
4990	25
4991	28
4992	25
4993	23
4994	25
4995	29
4996	23
4997	23
4998	28
4999	20
5000	26
5001	18
5002	22
5003	32
5004	22
5005	25
5006	32
5007	16
5008	32
5009	13
5010	27
5011	21
5012	28
5013	26
5014	33
5015	22
5016	27
5017	32
5018	21
5019	30
5020	23
5021	16
5022	29
5023	23
5024	27
5025	25
5026	32
5027	17
5028	27
5029	30
5030	21
5031	33
5032	22
5033	25
5034	24
5035	18
5036	22
5037	28
5038	20
5039	28
5040	27
5041	30
5042	25
5043	30
5044	24
5045	19
5046	21
5047	21
5048	28
5049	29
5050	32
5051	33
5052	32
5053	26
5054	20
5055	22
5056	32
5057	32
5058	19
5059	15
5060	19
5061	23
5062	19
5063	24
5064	36
5065	33
5066	25
5067	18
5068	21
5069	15
5070	19
5071	18
5072	29
5073	43
5074	32
5075	19
5076	19
5077	26
5078	20
5079	19
5080	23
5081	24
5082	21
5083	26
5084	23
5085	30
5086	18
5087	21
5088	22
5089	21
5090	23
5091	22
5092	19
5093	27
5094	17
5095	29
5096	29
5097	17
5098	25
5099	18
5100	24
5101	20
5102	20
5103	34
5104	25
5105	20
5106	17
5107	19
5108	36
5109	21
5110	19
5111	23
5112	24
5113	23
5114	29
5115	30
5116	32
5117	34
5118	29
5119	26
5120	26
5121	25
5122	26
5123	27
5124	26
5125	25
5126	23
5127	23
5128	23
5129	15
5130	15
5131	33
5132	31
5133	24
5134	25
5135	23
5136	31
5137	20
5138	22
5139	25
5140	28
5141	21
5142	29
5143	18
5144	19
5145	25
5146	28
5147	16
5148	21
5149	29
5150	16
5151	25
5152	25
5153	20
5154	27
5155	17
5156	21
5157	31
5158	25
5159	26
5160	14
5161	19
5162	26
5163	28
5164	32
5165	23
5166	26
5167	24
5168	26
5169	28
5170	21
5171	31
5172	20
5173	29
5174	24
5175	22
5176	38
5177	23
5178	18
5179	24
5180	21
5181	30
5182	28
5183	18
5184	20
5185	31
5186	30
5187	22
5188	21
5189	22
5190	30
5191	31
5192	21
5193	20
5194	36
5195	17
5196	32
5197	25
5198	25
5199	31
5200	28
5201	32
5202	17
5203	36
5204	24
5205	26
5206	22
5207	26
5208	27
5209	24
5210	23
5211	25
5212	29
5213	23
5214	28
5215	25
5216	27
5217	32
5218	17
5219	29
5220	29
5221	27
5222	30
5223	31
5224	31
5225	32
5226	19
5227	32
5228	29
5229	23
5230	28
5231	35
5232	30
5233	26
5234	19
5235	25
5236	28
5237	25
5238	26
5239	23
5240	28
5241	28
5242	17
5243	14
5244	21
5245	21
5246	25
5247	31
5248	22
5249	34
5250	28
5251	35
5252	29
5253	18
5254	24
5255	26
5256	21
5257	19
5258	24
5259	27
5260	31
5261	29
5262	28
5263	23
5264	21
5265	21
5266	18
5267	27
5268	33
5269	21
5270	19
5271	28
5272	18
5273	33
5274	30
5275	22
5276	21
5277	39
5278	24
5279	20
5280	16
5281	23
5282	31
5283	22
5284	23
5285	23
5286	23
5287	32
5288	27
5289	32
5290	21
5291	16
5292	15
5293	23
5294	21
5295	27
5296	28
5297	16
5298	26
5299	25
5300	29
5301	21
5302	26
5303	29
5304	18
5305	24
5306	16
5307	22
5308	31
5309	29
5310	27
5311	32
5312	31
5313	25
5314	28
5315	30
5316	29
5317	37
5318	20
5319	32
5320	21
5321	27
5322	26
5323	30
5324	26
5325	21
5326	17
5327	26
5328	22
5329	29
5330	32
5331	23
5332	27
5333	29
5334	23
5335	28
5336	28
5337	23
5338	20
5339	17
5340	31
5341	31
5342	23
5343	16
5344	32
5345	30
5346	23
5347	21
5348	27
5349	25
5350	27
5351	25
5352	27
5353	25
5354	19
5355	33
5356	32
5357	19
5358	21
5359	32
5360	28
5361	29
5362	33
5363	19
5364	30
5365	21
5366	29
5367	24
5368	27
5369	22
5370	36
5371	26
5372	24
5373	26
5374	33
5375	26
5376	38
5377	21
5378	18
5379	36
5380	29
5381	31
5382	33
5383	28
5384	24
5385	29
5386	29
5387	33
5388	28
5389	19
5390	24
5391	23
5392	25
5393	32
5394	29
5395	17
5396	23
5397	26
5398	38
5399	18
5400	35
5401	21
5402	27
5403	22
5404	25
5405	35
5406	26
5407	32
5408	30
5409	29
5410	36
5411	32
5412	40
5413	33
5414	29
5415	21
5416	33
5417	19
5418	19
5419	32
5420	29
5421	30
5422	25
5423	20
5424	30
5425	27
5426	30
5427	24
5428	24
5429	36
5430	25
5431	24
5432	26
5433	24
5434	25
5435	30
5436	20
5437	25
5438	20
5439	26
5440	21
5441	30
5442	28
5443	23
5444	30
5445	36
5446	25
5447	21
5448	24
5449	30
5450	20
5451	27
5452	23
5453	26
5454	33
5455	32
5456	20
5457	38
5458	29
5459	22
5460	28
5461	40
5462	26
5463	26
5464	18
5465	31
5466	31
5467	23
5468	27
5469	28
5470	26
5471	23
5472	36
5473	18
5474	21
5475	26
5476	19
5477	27
5478	35
5479	22
5480	24
5481	30
5482	21
5483	24
5484	28
5485	21
5486	32
5487	26
5488	20
5489	18
5490	32
5491	23
5492	28
5493	27
5494	32
5495	19
5496	27
5497	26
5498	31
5499	16
5500	24
5501	32
5502	27
5503	35
5504	22
5505	27
5506	27
5507	34
5508	24
5509	26
5510	23
5511	25
5512	25
5513	23
5514	25
5515	27
5516	29
5517	26
5518	22
5519	25
5520	29
5521	22
5522	24
5523	26
5524	17
5525	27
5526	31
5527	21
5528	37
5529	32
5530	25
5531	33
5532	28
5533	28
5534	42
5535	37
5536	24
5537	29
5538	31
5539	27
5540	20
5541	22
5542	26
5543	23
5544	28
5545	29
5546	30
5547	22
5548	27
5549	29
5550	26
5551	21
5552	16
5553	29
5554	32
5555	27
5556	24
5557	18
5558	16
5559	36
5560	28
5561	32
5562	31
5563	29
5564	22
5565	31
5566	30
5567	33
5568	38
5569	25
5570	29
5571	26
5572	36
5573	30
5574	22
5575	23
5576	24
5577	30
5578	24
5579	26
5580	32
5581	30
5582	33
5583	23
5584	17
5585	33
5586	23
5587	29
5588	21
5589	26
5590	23
5591	33
5592	22
5593	29
5594	24
5595	24
5596	30
5597	35
5598	29
5599	25
5600	30
5601	26
5602	29
5603	29
5604	29
5605	27
5606	19
5607	23
5608	23
5609	23
5610	29
5611	23
5612	29
5613	23
5614	20
5615	30
5616	26
5617	22
5618	28
5619	27
5620	29
5621	23
5622	24
5623	26
5624	21
5625	25
5626	30
5627	22
5628	27
5629	30
5630	34
5631	22
5632	36
5633	36
5634	24
5635	27
5636	17
5637	27
5638	25
5639	21
5640	28
5641	25
5642	27
5643	33
5644	34
5645	27
5646	32
5647	25
5648	25
5649	20
5650	24
5651	34
5652	26
5653	33
5654	20
5655	22
5656	24
5657	35
5658	19
5659	32
5660	20
5661	23
5662	25
5663	22
5664	26
5665	32
5666	23
5667	22
5668	26
5669	26
5670	25
5671	28
5672	19
5673	30
5674	26
5675	22
5676	32
5677	26
5678	26
5679	34
5680	25
5681	29
5682	30
5683	16
5684	25
5685	28
5686	19
5687	35
5688	31
5689	20
5690	20
5691	15
5692	25
5693	33
5694	24
5695	20
5696	21
5697	36
5698	23
5699	26
5700	32
5701	34
5702	23
5703	26
5704	20
5705	17
5706	39
5707	33
5708	23
5709	20
5710	18
5711	27
5712	28
5713	27
5714	21
5715	17
5716	23
5717	24
5718	32
5719	16
5720	26
5721	20
5722	28
5723	23
5724	21
5725	17
5726	23
5727	24
5728	29
5729	22
5730	23
5731	23
5732	25
5733	23
5734	25
5735	25
5736	24
5737	25
5738	25
5739	23
5740	30
5741	30
5742	24
5743	21
5744	21
5745	23
5746	21
5747	13
5748	23
5749	33
5750	28
5751	22
5752	26
5753	27
5754	29
5755	12
5756	24
5757	21
5758	20
5759	32
5760	18
5761	26
5762	20
5763	24
5764	23
5765	19
5766	28
5767	27
5768	23
5769	20
5770	19
5771	21
5772	17
5773	19
5774	21
5775	26
5776	19
5777	28
5778	15
5779	13
5780	26
5781	25
5782	30
5783	11
5784	22
5785	20
5786	12
5787	21
5788	28
5789	19
5790	27
5791	20
5792	19
5793	24
5794	29
5795	19
5796	8
5797	24
5798	20
5799	27
5800	21
5801	20
5802	14
5803	23
5804	27
5805	16
5806	25
5807	18
5808	23
5809	27
5810	20
5811	30
5812	13
5813	15
5814	14
5815	24
5816	27
5817	23
5818	17
5819	18
5820	26
5821	23
5822	16
5823	22
5824	19
5825	18
5826	19
5827	21
5828	19
5829	17
5830	23
5831	21
5832	22
5833	19
5834	23
5835	16
5836	20
5837	28
5838	27
5839	22
5840	25
5841	18
5842	21
5843	15
5844	21
5845	19
5846	11
5847	23
5848	18
5849	14
5850	28
5851	19
5852	18
5853	13
5854	24
5855	11
5856	15
5857	11
5858	16
5859	18
5860	22
5861	20
5862	22
5863	13
5864	16
5865	22
5866	18
5867	14
5868	15
5869	16
5870	15
5871	19
5872	24
5873	13
5874	18
5875	15
5876	27
5877	16
5878	14
5879	15
5880	17
5881	16
5882	20
5883	24
5884	14
5885	15
5886	22
5887	14
5888	15
5889	14
5890	14
5891	15
5892	15
5893	19
5894	22
5895	11
5896	20
5897	17
5898	21
5899	12
5900	13
5901	17
5902	22
5903	19
5904	19
5905	21
5906	13
5907	15
5908	20
5909	13
5910	19
5911	19
5912	24
5913	16
5914	16
5915	14
5916	18
5917	15
5918	14
5919	10
5920	14
5921	21
5922	21
5923	13
5924	18
5925	17
5926	19
5927	18
5928	18
5929	20
5930	15
5931	17
5932	7
5933	15
5934	12
5935	15
5936	10
5937	11
5938	17
5939	15
5940	18
5941	13
5942	10
5943	18
5944	10
5945	10
5946	15
5947	19
5948	7
5949	8
5950	9
5951	6
5952	11
5953	15
5954	16
5955	15
5956	11
5957	11
5958	15
5959	15
5960	16
5961	17
5962	11
5963	19
5964	18
5965	10
5966	14
5967	18
5968	10
5969	17
5970	14
5971	11
5972	9
5973	18
5974	13
5975	10
5976	17
5977	25
5978	18
5979	15
5980	17
5981	19
5982	13
5983	12
5984	13
5985	15
5986	12
5987	10
5988	16
5989	17
5990	17
5991	10
5992	13
5993	14
5994	7
5995	5
5996	13
5997	5
5998	11
5999	4
6000	16
6001	10
6002	10
6003	12
6004	12
6005	13
6006	17
6007	12
6008	10
6009	9
6010	14
6011	8
6012	9
6013	17
6014	5
6015	10
6016	17
6017	9
6018	9
6019	14
6020	10
6021	11
6022	14
6023	11
6024	14
6025	12
6026	7
6027	14
6028	8
6029	11
6030	12
6031	15
6032	10
6033	13
6034	11
6035	11
6036	14
6037	9
6038	9
6039	16
6040	5
6041	14
6042	14
6043	11
6044	8
6045	8
6046	14
6047	16
6048	12
6049	14
6050	10
6051	15
6052	17
6053	13
6054	11
6055	12
6056	12
6057	12
6058	10
6059	16
6060	10
6061	7
6062	5
6063	4
6064	12
6065	6
6066	13
6067	9
6068	9
6069	11
6070	8
6071	15
6072	11
6073	13
6074	12
6075	9
6076	7
6077	11
6078	9
6079	14
6080	8
6081	12
6082	4
6083	9
6084	15
6085	15
6086	12
6087	10
6088	5
6089	4
6090	7
6091	13
6092	7
6093	11
6094	10
6095	14
6096	10
6097	11
6098	13
6099	10
6100	14
6101	13
6102	13
6103	8
6104	13
6105	15
6106	8
6107	9
6108	9
6109	11
6110	9
6111	12
6112	12
6113	10
6114	14
6115	13
6116	10
6117	12
6118	12
6119	11
6120	6
6121	12
6122	13
6123	12
6124	12
6125	7
6126	10
6127	10
6128	9
6129	9
6130	8
6131	10
6132	8
6133	11
6134	5
6135	11
6136	12
6137	13
6138	7
6139	16
6140	8
6141	11
6142	6
6143	7
6144	15
6145	9
6146	10
6147	6
6148	8
6149	7
6150	8
6151	10
6152	5
6153	12
6154	8
6155	8
6156	7
6157	8
6158	12
6159	11
6160	10
6161	10
6162	13
6163	11
6164	12
6165	5
6166	8
6167	10
6168	7
6169	14
6170	10
6171	9
6172	6
6173	12
6174	6
6175	4
6176	5
6177	9
6178	7
6179	6
6180	7
6181	15
6182	10
6183	9
6184	9
6185	6
6186	8
6187	6
6188	9
6189	5
6190	8
6191	9
6192	11
6193	4
6194	9
6195	11
6196	7
6197	5
6198	8
6199	12
6200	7
6201	8
6202	5
6203	9
6204	6
6205	4
6206	13
6207	5
6208	11
6209	6
6210	9
6211	7
6212	11
6213	8
6214	7
6215	4
6216	13
6217	8
6218	7
6219	15
6220	6
6221	6
6222	11
6223	6
6224	7
6225	11
6226	14
6227	6
6228	8
6229	7
6230	5
6231	9
6232	7
6233	9
6234	4
6235	6
6236	5
6237	6
6238	8
6239	8
6240	5
6241	8
6242	8
6243	10
6244	12
6245	11
6246	5
6247	6
6248	12
6249	9
6250	5
6251	8
6252	10
6253	9
6254	4
6255	12
6256	6
6257	4
6258	3
6259	5
6260	5
6261	2
6262	9
6263	9
6264	11
6265	8
6266	6
6267	15
6268	4
6269	12
6270	6
6271	6
6272	8
6273	7
6274	8
6275	6
6276	5
6277	14
6278	6
6279	9
6280	8
6281	8
6282	10
6283	14
6284	7
6285	10
6286	7
6287	6
6288	8
6289	9
6290	2
6291	5
6292	7
6293	7
6294	13
6295	6
6296	10
6297	11
6298	4
6299	8
6300	8
6301	1
6302	7
6303	6
6304	8
6305	8
6306	8
6307	6
6308	7
6309	13
6310	4
6311	8
6312	13
6313	6
6314	11
6315	4
6316	7
6317	6
6318	8
6319	7
6320	3
6321	6
6322	5
6323	5
6324	8
6325	2
6326	9
6327	11
6328	3
6329	8
6330	4
6331	7
6332	9
6333	7
6334	9
6335	7
6336	7
6337	8
6338	4
6339	6
6340	9
6341	4
6342	8
6343	6
6344	9
6345	8
6346	14
6347	5
6348	5
6349	9
6350	9
6351	8
6352	12
6353	5
6354	7
6355	8
6356	6
6357	7
6358	5
6359	3
6360	10
6361	8
6362	11
6363	6
6364	11
6365	6
6366	6
6367	9
6368	7
6369	9
6370	10
6371	4
6372	8
6373	7
6374	6
6375	3
6376	6
6377	6
6378	7
6379	3
6380	5
6381	5
6382	11
6383	10
6384	7
6385	5
6386	7
6387	6
6388	7
6389	7
6390	5
6391	3
6392	11
6393	10
6394	6
6395	6
6396	7
6397	4
6398	8
6399	5
6400	4
6401	4
6402	4
6403	4
6404	8
6405	7
6406	8
6407	10
6408	6
6409	9
6410	2
6411	6
6412	9
6413	5
6414	5
6415	7
6416	7
6417	9
6418	10
6419	7
6420	8
6421	3
6422	10
6423	6
6424	6
6425	1
6426	9
6427	9
6428	5
6429	5
6430	13
6431	6
6432	4
6433	5
6434	2
6435	4
6436	5
6437	6
6438	5
6439	5
6440	5
6441	9
6442	3
6443	7
6444	5
6445	8
6446	6
6447	10
6448	8
6449	3
6450	4
6451	2
6452	6
6453	6
6454	5
6455	10
6456	6
6457	4
6458	5
6459	7
6460	7
6461	8
6462	8
6463	2
6464	3
6465	9
6466	5
6467	4
6468	4
6469	6
6470	6
6471	4
6472	3
6473	6
6474	7
6475	3
6476	4
6477	6
6478	10
6479	11
6480	6
6481	7
6482	4
6483	6
6484	9
6485	5
6486	6
6487	4
6488	11
6489	6
6490	4
6491	7
6492	4
6493	3
6494	3
6495	6
6496	8
6497	1
6498	10
6499	5
6500	5
6501	1
6502	3
6503	7
6504	7
6505	11
6506	11
6507	10
6508	9
6509	2
6510	9
6511	6
6512	6
6513	4
6514	4
6515	5
6516	9
6517	6
6518	3
6519	5
6520	4
6521	6
6522	6
6523	6
6524	1
6525	8
6526	4
6527	2
6528	2
6529	5
6530	2
6531	2
6532	4
6533	11
6534	6
6535	4
6536	4
6537	8
6538	0
6539	4
6540	8
6541	8
6542	8
6543	7
6544	7
6545	2
6546	6
6547	5
6548	4
6549	8
6550	1
6551	1
6552	4
6553	1
6554	9
6555	12
6556	8
6557	3
6558	7
6559	1
6560	5
6561	6
6562	4
6563	3
6564	0
6565	7
6566	11
6567	5
6568	6
6569	1
6570	5
6571	4
6572	5
6573	5
6574	5
6575	7
6576	2
6577	9
6578	7
6579	5
6580	4
6581	5
6582	7
6583	9
6584	1
6585	4
6586	4
6587	8
6588	5
6589	2
6590	7
6591	4
6592	3
6593	6
6594	5
6595	6
6596	6
6597	4
6598	5
6599	7
6600	5
6601	5
6602	6
6603	7
6604	7
6605	6
6606	5
6607	3
6608	5
6609	2
6610	7
6611	11
6612	4
6613	6
6614	6
6615	3
6616	9
6617	3
6618	5
6619	4
6620	6
6621	9
6622	5
6623	8
6624	5
6625	5
6626	2
6627	5
6628	10
6629	9
6630	1
6631	3
6632	7
6633	2
6634	7
6635	6
6636	9
6637	5
6638	9
6639	5
6640	6
6641	2
6642	8
6643	5
6644	6
6645	6
6646	5
6647	7
6648	5
6649	3
6650	6
6651	5
6652	6
6653	6
6654	5
6655	5
6656	5
6657	9
6658	5
6659	1
6660	2
6661	2
6662	5
6663	2
6664	5
6665	6
6666	13
6667	5
6668	6
6669	9
6670	4
6671	11
6672	7
6673	6
6674	6
6675	4
6676	5
6677	6
6678	4
6679	2
6680	3
6681	5
6682	5
6683	6
6684	3
6685	8
6686	8
6687	4
6688	3
6689	9
6690	7
6691	6
6692	7
6693	4
6694	5
6695	1
6696	7
6697	3
6698	6
6699	5
6700	6
6701	7
6702	6
6703	6
6704	6
6705	6
6706	10
6707	8
6708	9
6709	6
6710	5
6711	5
6712	1
6713	9
6714	10
6715	6
6716	7
6717	4
6718	5
6719	2
6720	9
6721	7
6722	6
6723	3
6724	7
6725	2
6726	6
6727	4
6728	8
6729	5
6730	3
6731	9
6732	5
6733	5
6734	4
6735	14
6736	12
6737	7
6738	3
6739	5
6740	6
6741	6
6742	12
6743	8
6744	4
6745	4
6746	8
6747	5
6748	2
6749	11
6750	7
6751	7
6752	8
6753	7
6754	12
6755	8
6756	9
6757	8
6758	9
6759	13
6760	7
6761	6
6762	6
6763	8
6764	9
6765	14
6766	8
6767	6
6768	3
6769	12
6770	6
6771	4
6772	6
6773	14
6774	7
6775	6
6776	7
6777	13
6778	7
6779	10
6780	6
6781	7
6782	5
6783	9
6784	10
6785	10
6786	8
6787	12
6788	11
6789	13
6790	4
6791	8
6792	18
6793	10
6794	8
6795	11
6796	7
6797	7
6798	15
6799	7
6800	11
6801	10
6802	10
6803	7
6804	11
6805	12
6806	13
6807	13
6808	9
6809	9
6810	14
6811	13
6812	12
6813	9
6814	8
6815	7
6816	9
6817	12
6818	11
6819	14
6820	13
6821	18
6822	9
6823	15
6824	10
6825	8
6826	18
6827	13
6828	15
6829	11
6830	19
6831	10
6832	16
6833	13
6834	15
6835	13
6836	13
6837	21
6838	15
6839	17
6840	21
6841	16
6842	15
6843	12
6844	20
6845	12
6846	14
6847	21
6848	9
6849	17
6850	14
6851	16
6852	17
6853	17
6854	18
6855	20
6856	10
6857	16
6858	24
6859	14
6860	14
6861	21
6862	17
6863	20
6864	15
6865	21
6866	23
6867	16
6868	18
6869	27
6870	23
6871	19
6872	16
6873	20
6874	18
6875	19
6876	22
6877	21
6878	25
6879	16
6880	29
6881	16
6882	22
6883	21
6884	17
6885	20
6886	29
6887	20
6888	15
6889	18
6890	23
6891	23
6892	21
6893	19
6894	28
6895	27
6896	22
6897	22
6898	24
6899	30
6900	18
6901	24
6902	24
6903	40
6904	35
6905	24
6906	34
6907	32
6908	24
6909	24
6910	27
6911	29
6912	28
6913	18
6914	34
6915	28
6916	38
6917	35
6918	31
6919	28
6920	27
6921	31
6922	34
6923	40
6924	33
6925	43
6926	34
6927	32
6928	28
6929	36
6930	37
6931	40
6932	36
6933	40
6934	30
6935	25
6936	34
6937	37
6938	38
6939	19
6940	38
6941	36
6942	33
6943	31
6944	41
6945	48
6946	36
6947	32
6948	37
6949	39
6950	26
6951	42
6952	34
6953	21
6954	41
6955	34
6956	47
6957	38
6958	36
6959	38
6960	37
6961	44
6962	42
6963	46
6964	46
6965	40
6966	43
6967	52
6968	36
6969	41
6970	38
6971	50
6972	48
6973	54
6974	41
6975	48
6976	45
6977	45
6978	58
6979	48
6980	52
6981	60
6982	48
6983	38
6984	47
6985	43
6986	38
6987	62
6988	52
6989	50
6990	57
6991	61
6992	37
6993	66
6994	66
6995	54
6996	58
6997	55
6998	46
6999	46
7000	56
7001	47
7002	51
7003	49
7004	62
7005	58
7006	69
7007	67
7008	63
7009	50
7010	68
7011	60
7012	55
7013	54
7014	60
7015	77
7016	67
7017	66
7018	52
7019	75
7020	61
7021	83
7022	61
7023	69
7024	59
7025	58
7026	59
7027	58
7028	77
7029	52
7030	67
7031	72
7032	75
7033	59
7034	78
7035	69
7036	63
7037	73
7038	67
7039	60
7040	69
7041	66
7042	73
7043	55
7044	61
7045	78
7046	98
7047	78
7048	81
7049	88
7050	69
7051	87
7052	71
7053	85
7054	75
7055	86
7056	75
7057	76
7058	76
7059	77
7060	92
7061	92
7062	74
7063	73
7064	72
7065	102
7066	87
7067	81
7068	69
7069	79
7070	73
7071	68
7072	84
7073	86
7074	73
7075	80
7076	81
7077	62
7078	85
7079	69
7080	84
7081	60
7082	92
7083	85
7084	75
7085	82
7086	79
7087	82
7088	81
7089	83
7090	79
7091	100
7092	66
7093	92
7094	85
7095	98
7096	99
7097	73
7098	111
7099	103
7100	91
7101	82
7102	75
7103	92
7104	83
7105	86
7106	91
7107	105
7108	89
7109	84
7110	83
7111	76
7112	95
7113	99
7114	86
7115	96
7116	97
7117	112
7118	84
7119	102
7120	74
7121	91
7122	105
7123	94
7124	101
7125	101
7126	102
7127	112
7128	83
7129	100
7130	91
7131	102
7132	96
7133	114
7134	96
7135	112
7136	102
7137	113
7138	106
7139	115
7140	103
7141	90
7142	78
7143	99
7144	124
7145	99
7146	92
7147	94
7148	105
7149	98
7150	100
7151	90
7152	108
7153	93
7154	103
7155	86
7156	105
7157	91
7158	99
7159	98
7160	95
7161	109
7162	96
7163	87
7164	99
7165	100
7166	115
7167	120
7168	107
7169	88
7170	95
7171	90
7172	101
7173	81
7174	113
7175	86
7176	84
7177	99
7178	96
7179	106
7180	99
7181	106
7182	97
7183	97
7184	110
7185	99
7186	90
7187	96
7188	106
7189	92
7190	91
7191	102
7192	96
7193	89
7194	88
7195	109
7196	83
7197	120
7198	115
7199	95
7200	100
7201	111
7202	104
7203	94
7204	96
7205	95
7206	88
7207	99
7208	100
7209	97
7210	84
7211	93
7212	99
7213	91
7214	100
7215	103
7216	87
7217	95
7218	84
7219	103
7220	87
7221	98
7222	83
7223	85
7224	98
7225	93
7226	109
7227	98
7228	77
7229	89
7230	93
7231	93
7232	89
7233	92
7234	93
7235	89
7236	74
7237	86
7238	93
7239	75
7240	79
7241	92
7242	94
7243	102
7244	72
7245	66
7246	98
7247	90
7248	76
7249	91
7250	85
7251	91
7252	91
7253	82
7254	82
7255	81
7256	78
7257	84
7258	93
7259	84
7260	66
7261	92
7262	64
7263	92
7264	79
7265	80
7266	98
7267	63
7268	80
7269	66
7270	93
7271	75
7272	74
7273	68
7274	86
7275	78
7276	72
7277	67
7278	81
7279	85
7280	68
7281	86
7282	71
7283	76
7284	75
7285	77
7286	77
7287	66
7288	63
7289	71
7290	100
7291	67
7292	72
7293	71
7294	67
7295	68
7296	51
7297	71
7298	54
7299	71
7300	61
7301	61
7302	67
7303	64
7304	64
7305	72
7306	63
7307	77
7308	64
7309	56
7310	59
7311	70
7312	62
7313	79
7314	55
7315	74
7316	71
7317	63
7318	53
7319	58
7320	72
7321	58
7322	56
7323	61
7324	56
7325	50
7326	35
7327	55
7328	55
7329	69
7330	65
7331	57
7332	61
7333	52
7334	59
7335	63
7336	42
7337	56
7338	56
7339	40
7340	45
7341	48
7342	49
7343	60
7344	42
7345	57
7346	42
7347	41
7348	56
7349	43
7350	49
7351	47
7352	58
7353	39
7354	46
7355	40
7356	49
7357	55
7358	44
7359	49
7360	39
7361	40
7362	40
7363	46
7364	32
7365	40
7366	43
7367	39
7368	50
7369	35
7370	59
7371	38
7372	42
7373	43
7374	37
7375	38
7376	37
7377	34
7378	39
7379	44
7380	37
7381	39
7382	45
7383	35
7384	35
7385	39
7386	29
7387	31
7388	36
7389	28
7390	31
7391	34
7392	26
7393	42
7394	34
7395	35
7396	35
7397	27
7398	33
7399	36
7400	36
7401	26
7402	26
7403	27
7404	19
7405	26
7406	24
7407	23
7408	31
7409	35
7410	17
7411	34
7412	35
7413	18
7414	25
7415	29
7416	19
7417	25
7418	31
7419	24
7420	22
7421	35
7422	22
7423	29
7424	16
7425	32
7426	27
7427	30
7428	28
7429	28
7430	26
7431	19
7432	32
7433	16
7434	16
7435	25
7436	36
7437	34
7438	18
7439	32
7440	17
7441	27
7442	17
7443	27
7444	30
7445	29
7446	15
7447	20
7448	19
7449	13
7450	19
7451	18
7452	21
7453	18
7454	24
7455	14
7456	17
7457	19
7458	24
7459	14
7460	27
7461	15
7462	17
7463	15
7464	17
7465	34
7466	14
7467	22
7468	17
7469	23
7470	16
7471	16
7472	11
7473	12
7474	17
7475	8
7476	14
7477	12
7478	13
7479	21
7480	8
7481	18
7482	19
7483	11
7484	15
7485	8
7486	13
7487	12
7488	22
7489	10
7490	18
7491	11
7492	10
7493	18
7494	15
7495	14
7496	20
7497	16
7498	10
7499	14
7500	16
7501	18
7502	6
7503	16
7504	15
7505	11
7506	13
7507	10
7508	11
7509	8
7510	12
7511	15
7512	14
7513	13
7514	4
7515	15
7516	11
7517	8
7518	17
7519	15
7520	8
7521	5
7522	9
7523	9
7524	7
7525	9
7526	15
7527	16
7528	7
7529	6
7530	9
7531	4
7532	12
7533	12
7534	6
7535	9
7536	10
7537	4
7538	4
7539	9
7540	5
7541	5
7542	5
7543	7
7544	9
7545	4
7546	7
7547	5
7548	6
7549	7
7550	9
7551	6
7552	11
7553	5
7554	4
7555	10
7556	7
7557	13
7558	13
7559	11
7560	12
7561	4
7562	7
7563	9
7564	6
7565	1
7566	7
7567	8
7568	11
7569	5
7570	5
7571	8
7572	8
7573	8
7574	5
7575	7
7576	3
7577	5
7578	4
7579	8
7580	6
7581	6
7582	8
7583	3
7584	6
7585	12
7586	13
7587	2
7588	6
7589	5
7590	5
7591	2
7592	5
7593	1
7594	2
7595	6
7596	5
7597	3
7598	7
7599	3
7600	6
7601	6
7602	7
7603	5
7604	6
7605	8
7606	4
7607	6
7608	3
7609	6
7610	10
7611	7
7612	8
7613	2
7614	6
7615	10
7616	5
7617	7
7618	6
7619	6
7620	7
7621	4
7622	5
7623	3
7624	3
7625	6
7626	5
7627	5
7628	4
7629	2
7630	8
7631	2
7632	4
7633	1
7634	11
7635	7
7636	6
7637	7
7638	4
7639	6
7640	6
7641	8
7642	8
7643	2
7644	7
7645	12
7646	1
7647	3
7648	11
7649	5
7650	3
7651	4
7652	3
7653	6
7654	4
7655	7
7656	7
7657	4
7658	6
7659	2
7660	7
7661	2
7662	4
7663	5
7664	7
7665	6
7666	6
7667	10
7668	2
7669	4
7670	7
7671	4
7672	3
7673	2
7674	4
7675	8
7676	3
7677	3
7678	7
7679	6
7680	3
7681	6
7682	4
7683	3
7684	2
7685	4
7686	1
7687	3
7688	2
7689	4
7690	2
7691	6
7692	6
7693	3
7694	4
7695	5
7696	2
7697	3
7698	3
7699	7
7700	5
7701	3
7702	1
7703	5
7704	5
7705	3
7706	3
7707	4
7708	4
7709	2
7710	3
7711	7
7712	6
7713	4
7714	3
7715	6
7716	6
7717	5
7718	6
7719	4
7720	5
7721	1
7722	4
7723	4
7724	9
7725	6
7726	2
7727	4
7728	4
7729	8
7730	7
7731	2
7732	3
7733	3
7734	2
7735	3
7736	4
7737	3
7738	2
7739	5
7740	3
7741	6
7742	4
7743	2
7744	2
7745	4
7746	2
7747	3
7748	5
7749	3
7750	5
7751	2
7752	9
7753	6
7754	4
7755	5
7756	7
7757	3
7758	5
7759	6
7760	4
7761	8
7762	3
7763	5
7764	2
7765	10
7766	8
7767	3
7768	3
7769	5
7770	2
7771	2
7772	4
7773	3
7774	6
7775	4
7776	8
7777	6
7778	11
7779	6
7780	9
7781	3
7782	4
7783	3
7784	4
7785	4
7786	4
7787	5
7788	2
7789	1
7790	4
7791	3
7792	4
7793	8
7794	7
7795	3
7796	3
7797	7
7798	5
7799	7
7800	2
7801	2
7802	4
7803	6
7804	7
7805	2
7806	1
7807	4
7808	0
7809	6
7810	9
7811	2
7812	3
7813	2
7814	5
7815	5
7816	2
7817	3
7818	4
7819	1
7820	7
7821	2
7822	7
7823	3
7824	5
7825	4
7826	7
7827	2
7828	5
7829	6
7830	3
7831	10
7832	7
7833	5
7834	2
7835	2
7836	3
7837	4
7838	7
7839	8
7840	7
7841	9
7842	7
7843	11
7844	3
7845	2
7846	5
7847	4
7848	3
7849	5
7850	6
7851	6
7852	3
7853	8
7854	7
7855	5
7856	4
7857	2
7858	6
7859	4
7860	2
7861	4
7862	6
7863	3
7864	4
7865	2
7866	5
7867	4
7868	3
7869	8
7870	4
7871	5
7872	7
7873	5
7874	1
7875	2
7876	3
7877	6
7878	3
7879	3
7880	3
7881	1
7882	2
7883	5
7884	3
7885	5
7886	0
7887	2
7888	3
7889	6
7890	5
7891	4
7892	8
7893	0
7894	3
7895	6
7896	7
7897	7
7898	5
7899	7
7900	1
7901	1
7902	8
7903	3
7904	4
7905	4
7906	4
7907	1
7908	6
7909	6
7910	1
7911	6
7912	3
7913	3
7914	2
7915	3
7916	7
7917	5
7918	3
7919	5
7920	2
7921	6
7922	5
7923	6
7924	9
7925	8
7926	2
7927	6
7928	2
7929	2
7930	1
7931	6
7932	4
7933	2
7934	4
7935	6
7936	2
7937	6
7938	6
7939	6
7940	5
7941	3
7942	5
7943	8
7944	9
7945	2
7946	7
7947	5
7948	4
7949	6
7950	2
7951	5
7952	7
7953	1
7954	4
7955	4
7956	5
7957	4
7958	6
7959	4
7960	4
7961	4
7962	5
7963	7
7964	8
7965	5
7966	4
7967	3
7968	4
7969	9
7970	4
7971	6
7972	5
7973	10
7974	4
7975	5
7976	6
7977	1
7978	7
7979	3
7980	8
7981	5
7982	3
7983	8
7984	3
7985	2
7986	3
7987	2
7988	0
7989	5
7990	5
7991	3
7992	3
7993	5
7994	7
7995	4
7996	10
7997	4
7998	2
7999	3
8000	6
8001	1
8002	5
8003	5
8004	3
8005	7
8006	6
8007	10
8008	6
8009	2
8010	4
8011	7
8012	7
8013	2
8014	1
8015	6
8016	2
8017	3
8018	5
8019	3
8020	6
8021	6
8022	6
8023	4
8024	6
8025	8
8026	5
8027	4
8028	6
8029	4
8030	3
8031	6
8032	10
8033	5
8034	8
8035	3
8036	1
8037	2
8038	7
8039	7
8040	10
8041	4
8042	5
8043	3
8044	1
8045	5
8046	3
8047	2
8048	4
8049	2
8050	4
8051	9
8052	2
8053	4
8054	3
8055	7
8056	7
8057	8
8058	8
8059	4
8060	6
8061	5
8062	2
8063	4
8064	10
8065	2
8066	1
8067	3
8068	2
8069	5
8070	4
8071	5
8072	9
8073	5
8074	4
8075	6
8076	7
8077	5
8078	7
8079	7
8080	4
8081	5
8082	3
8083	4
8084	9
8085	5
8086	1
8087	3
8088	4
8089	5
8090	8
8091	5
8092	4
8093	7
8094	5
8095	2
8096	6
8097	2
8098	10
8099	4
8100	8
8101	4
8102	6
8103	8
8104	4
8105	9
8106	5
8107	5
8108	4
8109	5
8110	2
8111	6
8112	5
8113	3
8114	1
8115	0
8116	0
8117	0
8118	0
8119	0
8120	0
8121	0
8122	0
8123	1
8124	0
8125	0
8126	0
8127	1
8128	0
8129	0
8130	0
8131	0
8132	0
8133	0
8134	0
8135	0
8136	0
8137	0
8138	0
8139	0
8140	0
8141	0
8142	0
8143	0
8144	0
8145	0
8146	0
8147	0
8148	0
8149	0
8150	0
8151	0
8152	0
8153	0
8154	0
8155	0
8156	0
8157	0
8158	0
8159	0
8160	0
8161	0
8162	0
8163	0
8164	0
8165	0
8166	0
8167	0
8168	0
8169	0
8170	0
8171	0
8172	0
8173	0
8174	0
8175	0
8176	0
8177	0
8178	0
8179	0
8180	0
8181	0
8182	0
8183	0
8184	0
8185	0
8186	0
8187	0
8188	0
8189	0
8190	0
8191	0
