0	0
1	0
2	0
3	0
4	0
5	0
6	0
7	0
8	0
9	0
10	0
11	0
12	0
13	0
14	0
15	0
16	0
17	0
18	0
19	0
20	0
21	0
22	0
23	0
24	0
25	0
26	0
27	0
28	0
29	0
30	0
31	0
32	0
33	0
34	0
35	0
36	0
37	0
38	0
39	0
40	0
41	0
42	0
43	0
44	0
45	0
46	0
47	0
48	0
49	0
50	0
51	0
52	0
53	0
54	0
55	0
56	0
57	0
58	0
59	0
60	0
61	0
62	0
63	0
64	0
65	0
66	0
67	0
68	1
69	17
70	34
71	41
72	51
73	41
74	38
75	51
76	41
77	52
78	50
79	35
80	50
81	48
82	45
83	39
84	51
85	54
86	49
87	48
88	38
89	54
90	52
91	54
92	40
93	39
94	60
95	53
96	59
97	50
98	44
99	61
100	56
101	51
102	35
103	46
104	39
105	58
106	45
107	44
108	37
109	64
110	43
111	50
112	37
113	52
114	49
115	45
116	46
117	37
118	55
119	60
120	44
121	41
122	51
123	45
124	53
125	47
126	44
127	48
128	38
129	62
130	46
131	52
132	44
133	59
134	41
135	48
136	42
137	52
138	36
139	44
140	41
141	59
142	40
143	44
144	38
145	65
146	61
147	48
148	60
149	48
150	64
151	51
152	43
153	46
154	62
155	72
156	36
157	54
158	58
159	45
160	44
161	48
162	53
163	61
164	48
165	40
166	46
167	62
168	40
169	49
170	51
171	52
172	42
173	48
174	49
175	54
176	43
177	53
178	55
179	65
180	60
181	53
182	59
183	60
184	39
185	54
186	58
187	55
188	53
189	58
190	45
191	49
192	60
193	51
194	45
195	44
196	47
197	62
198	50
199	62
200	48
201	51
202	56
203	53
204	45
205	54
206	51
207	60
208	58
209	55
210	44
211	49
212	42
213	48
214	59
215	56
216	55
217	51
218	50
219	43
220	53
221	53
222	44
223	48
224	52
225	45
226	59
227	51
228	49
229	47
230	49
231	52
232	61
233	52
234	48
235	58
236	37
237	45
238	56
239	50
240	51
241	46
242	60
243	55
244	59
245	35
246	44
247	48
248	49
249	57
250	48
251	46
252	41
253	42
254	47
255	53
256	61
257	59
258	45
259	57
260	44
261	42
262	58
263	41
264	54
265	51
266	42
267	49
268	45
269	56
270	58
271	58
272	54
273	53
274	43
275	57
276	37
277	51
278	55
279	58
280	56
281	49
282	48
283	51
284	47
285	65
286	47
287	66
288	58
289	57
290	53
291	54
292	54
293	51
294	47
295	56
296	43
297	53
298	53
299	52
300	43
301	49
302	38
303	55
304	48
305	48
306	50
307	53
308	52
309	52
310	48
311	56
312	51
313	53
314	57
315	37
316	57
317	49
318	53
319	47
320	47
321	53
322	45
323	56
324	46
325	56
326	41
327	39
328	51
329	54
330	58
331	47
332	48
333	44
334	45
335	52
336	50
337	49
338	46
339	64
340	54
341	53
342	56
343	55
344	41
345	55
346	47
347	46
348	48
349	48
350	40
351	58
352	53
353	46
354	46
355	56
356	40
357	51
358	63
359	55
360	58
361	36
362	52
363	57
364	57
365	45
366	54
367	42
368	57
369	53
370	50
371	66
372	38
373	40
374	54
375	52
376	52
377	55
378	58
379	59
380	51
381	47
382	69
383	52
384	43
385	55
386	49
387	58
388	51
389	57
390	55
391	57
392	49
393	46
394	53
395	51
396	60
397	55
398	55
399	56
400	44
401	56
402	41
403	61
404	41
405	40
406	51
407	54
408	42
409	36
410	46
411	40
412	54
413	53
414	50
415	53
416	55
417	61
418	49
419	52
420	54
421	64
422	52
423	51
424	58
425	51
426	49
427	51
428	45
429	51
430	59
431	46
432	46
433	59
434	55
435	53
436	51
437	47
438	61
439	54
440	58
441	63
442	42
443	62
444	59
445	72
446	62
447	50
448	57
449	51
450	59
451	50
452	56
453	40
454	42
455	56
456	39
457	47
458	45
459	64
460	61
461	57
462	50
463	47
464	56
465	47
466	54
467	42
468	55
469	49
470	51
471	44
472	50
473	59
474	51
475	40
476	56
477	44
478	42
479	48
480	38
481	48
482	43
483	34
484	49
485	50
486	42
487	43
488	52
489	49
490	55
491	50
492	61
493	56
494	55
495	47
496	48
497	50
498	37
499	52
500	43
501	62
502	48
503	66
504	61
505	58
506	50
507	58
508	54
509	44
510	50
511	50
512	56
513	42
514	59
515	56
516	57
517	48
518	54
519	53
520	49
521	58
522	42
523	56
524	55
525	56
526	60
527	41
528	50
529	52
530	53
531	55
532	54
533	48
534	43
535	49
536	41
537	34
538	48
539	46
540	60
541	58
542	46
543	71
544	51
545	53
546	47
547	47
548	51
549	60
550	52
551	44
552	41
553	40
554	45
555	57
556	57
557	48
558	56
559	59
560	48
561	58
562	65
563	56
564	45
565	54
566	43
567	50
568	52
569	52
570	63
571	55
572	59
573	58
574	44
575	53
576	53
577	43
578	54
579	49
580	53
581	62
582	57
583	52
584	54
585	68
586	48
587	56
588	48
589	59
590	50
591	50
592	68
593	50
594	59
595	47
596	50
597	55
598	52
599	57
600	47
601	60
602	39
603	46
604	65
605	62
606	55
607	48
608	49
609	49
610	69
611	40
612	59
613	51
614	58
615	62
616	46
617	53
618	50
619	65
620	54
621	48
622	50
623	54
624	67
625	55
626	51
627	39
628	61
629	52
630	52
631	53
632	53
633	59
634	48
635	57
636	53
637	54
638	70
639	56
640	58
641	55
642	53
643	71
644	54
645	48
646	62
647	47
648	58
649	58
650	48
651	54
652	38
653	57
654	57
655	52
656	58
657	55
658	58
659	59
660	60
661	64
662	54
663	59
664	40
665	41
666	51
667	60
668	51
669	61
670	54
671	61
672	50
673	61
674	54
675	60
676	46
677	53
678	60
679	61
680	54
681	57
682	53
683	66
684	63
685	69
686	34
687	48
688	62
689	52
690	53
691	63
692	54
693	58
694	58
695	59
696	72
697	48
698	68
699	62
700	60
701	76
702	56
703	56
704	63
705	63
706	47
707	42
708	66
709	50
710	62
711	55
712	58
713	50
714	63
715	42
716	57
717	54
718	72
719	57
720	61
721	54
722	77
723	61
724	60
725	65
726	45
727	47
728	55
729	61
730	49
731	46
732	69
733	66
734	64
735	59
736	76
737	59
738	58
739	61
740	87
741	74
742	61
743	59
744	55
745	55
746	55
747	58
748	63
749	53
750	55
751	57
752	60
753	61
754	54
755	55
756	64
757	63
758	69
759	54
760	61
761	67
762	63
763	55
764	64
765	64
766	49
767	71
768	63
769	53
770	60
771	67
772	61
773	54
774	67
775	62
776	70
777	50
778	61
779	49
780	64
781	53
782	48
783	52
784	54
785	52
786	61
787	36
788	56
789	54
790	78
791	56
792	60
793	59
794	63
795	57
796	59
797	60
798	72
799	60
800	71
801	62
802	73
803	69
804	78
805	57
806	57
807	54
808	59
809	62
810	49
811	61
812	71
813	74
814	67
815	74
816	55
817	56
818	61
819	53
820	63
821	37
822	55
823	58
824	58
825	64
826	52
827	60
828	63
829	59
830	59
831	86
832	74
833	59
834	56
835	66
836	49
837	69
838	54
839	63
840	63
841	60
842	65
843	72
844	55
845	58
846	56
847	67
848	49
849	77
850	60
851	74
852	67
853	56
854	61
855	57
856	64
857	76
858	66
859	87
860	73
861	75
862	45
863	75
864	63
865	68
866	52
867	75
868	62
869	72
870	59
871	75
872	63
873	57
874	54
875	68
876	72
877	61
878	69
879	65
880	72
881	57
882	58
883	66
884	46
885	70
886	68
887	42
888	70
889	55
890	53
891	72
892	61
893	69
894	53
895	61
896	71
897	56
898	72
899	63
900	77
901	75
902	58
903	63
904	75
905	77
906	60
907	56
908	63
909	52
910	86
911	60
912	72
913	67
914	67
915	65
916	59
917	60
918	80
919	75
920	58
921	65
922	68
923	76
924	45
925	72
926	61
927	64
928	54
929	84
930	56
931	63
932	83
933	62
934	77
935	58
936	83
937	70
938	65
939	58
940	67
941	74
942	75
943	59
944	70
945	62
946	60
947	65
948	79
949	63
950	67
951	64
952	62
953	80
954	67
955	74
956	56
957	63
958	56
959	82
960	55
961	55
962	62
963	71
964	58
965	65
966	73
967	59
968	62
969	51
970	65
971	68
972	55
973	64
974	77
975	59
976	79
977	71
978	66
979	67
980	64
981	68
982	72
983	50
984	62
985	61
986	64
987	67
988	83
989	72
990	41
991	68
992	67
993	53
994	60
995	61
996	74
997	71
998	58
999	73
1000	60
1001	53
1002	59
1003	60
1004	54
1005	76
1006	54
1007	62
1008	66
1009	59
1010	69
1011	66
1012	67
1013	73
1014	62
1015	60
1016	63
1017	64
1018	80
1019	69
1020	66
1021	66
1022	61
1023	59
1024	70
1025	50
1026	80
1027	56
1028	64
1029	69
1030	54
1031	56
1032	67
1033	59
1034	59
1035	58
1036	56
1037	55
1038	66
1039	65
1040	71
1041	77
1042	67
1043	61
1044	62
1045	62
1046	61
1047	56
1048	51
1049	58
1050	68
1051	65
1052	73
1053	65
1054	77
1055	62
1056	68
1057	46
1058	66
1059	56
1060	68
1061	56
1062	64
1063	76
1064	67
1065	65
1066	64
1067	71
1068	58
1069	62
1070	62
1071	69
1072	55
1073	61
1074	54
1075	63
1076	70
1077	64
1078	64
1079	70
1080	73
1081	68
1082	58
1083	61
1084	70
1085	66
1086	58
1087	82
1088	65
1089	62
1090	62
1091	71
1092	70
1093	69
1094	59
1095	65
1096	68
1097	69
1098	66
1099	62
1100	79
1101	70
1102	67
1103	63
1104	80
1105	64
1106	60
1107	68
1108	70
1109	61
1110	53
1111	62
1112	75
1113	65
1114	54
1115	70
1116	54
1117	73
1118	75
1119	89
1120	60
1121	58
1122	55
1123	71
1124	51
1125	70
1126	72
1127	55
1128	59
1129	67
1130	59
1131	76
1132	72
1133	55
1134	72
1135	75
1136	71
1137	53
1138	67
1139	56
1140	69
1141	61
1142	57
1143	83
1144	73
1145	69
1146	53
1147	56
1148	62
1149	57
1150	62
1151	72
1152	65
1153	55
1154	71
1155	66
1156	67
1157	53
1158	70
1159	55
1160	83
1161	77
1162	65
1163	66
1164	65
1165	61
1166	63
1167	63
1168	82
1169	60
1170	63
1171	61
1172	52
1173	81
1174	55
1175	75
1176	60
1177	62
1178	77
1179	71
1180	68
1181	63
1182	74
1183	59
1184	62
1185	70
1186	63
1187	58
1188	76
1189	60
1190	50
1191	61
1192	72
1193	65
1194	66
1195	55
1196	68
1197	67
1198	61
1199	61
1200	75
1201	63
1202	62
1203	62
1204	52
1205	59
1206	60
1207	74
1208	74
1209	80
1210	69
1211	67
1212	60
1213	56
1214	78
1215	70
1216	69
1217	63
1218	70
1219	74
1220	86
1221	61
1222	64
1223	60
1224	56
1225	65
1226	58
1227	77
1228	56
1229	73
1230	61
1231	59
1232	57
1233	65
1234	72
1235	62
1236	61
1237	67
1238	57
1239	52
1240	66
1241	63
1242	64
1243	58
1244	71
1245	56
1246	64
1247	58
1248	64
1249	78
1250	63
1251	67
1252	69
1253	52
1254	53
1255	62
1256	73
1257	54
1258	62
1259	67
1260	60
1261	68
1262	68
1263	69
1264	50
1265	78
1266	60
1267	66
1268	62
1269	63
1270	61
1271	74
1272	64
1273	74
1274	73
1275	73
1276	66
1277	53
1278	67
1279	67
1280	70
1281	64
1282	64
1283	61
1284	55
1285	71
1286	72
1287	59
1288	59
1289	73
1290	85
1291	68
1292	72
1293	60
1294	68
1295	67
1296	76
1297	55
1298	64
1299	62
1300	83
1301	57
1302	61
1303	61
1304	70
1305	51
1306	63
1307	66
1308	67
1309	69
1310	77
1311	61
1312	62
1313	70
1314	55
1315	64
1316	62
1317	72
1318	69
1319	54
1320	78
1321	50
1322	68
1323	64
1324	60
1325	66
1326	65
1327	74
1328	52
1329	61
1330	64
1331	66
1332	57
1333	76
1334	61
1335	71
1336	47
1337	71
1338	56
1339	60
1340	72
1341	59
1342	57
1343	66
1344	61
1345	68
1346	78
1347	77
1348	59
1349	68
1350	63
1351	52
1352	61
1353	79
1354	72
1355	65
1356	76
1357	54
1358	65
1359	84
1360	77
1361	58
1362	69
1363	71
1364	81
1365	52
1366	52
1367	61
1368	75
1369	60
1370	72
1371	61
1372	65
1373	54
1374	56
1375	61
1376	67
1377	58
1378	80
1379	72
1380	60
1381	73
1382	62
1383	64
1384	51
1385	63
1386	68
1387	73
1388	64
1389	71
1390	71
1391	56
1392	79
1393	69
1394	62
1395	62
1396	63
1397	74
1398	68
1399	71
1400	56
1401	71
1402	63
1403	78
1404	54
1405	65
1406	66
1407	72
1408	69
1409	71
1410	71
1411	49
1412	65
1413	69
1414	74
1415	83
1416	79
1417	58
1418	72
1419	54
1420	67
1421	77
1422	63
1423	65
1424	68
1425	69
1426	46
1427	68
1428	60
1429	58
1430	75
1431	66
1432	76
1433	67
1434	57
1435	61
1436	62
1437	68
1438	72
1439	78
1440	64
1441	60
1442	61
1443	76
1444	58
1445	65
1446	59
1447	81
1448	55
1449	81
1450	59
1451	46
1452	75
1453	71
1454	82
1455	69
1456	56
1457	70
1458	75
1459	71
1460	70
1461	69
1462	65
1463	56
1464	65
1465	67
1466	61
1467	70
1468	73
1469	86
1470	66
1471	68
1472	62
1473	61
1474	61
1475	60
1476	63
1477	62
1478	63
1479	70
1480	62
1481	65
1482	71
1483	68
1484	57
1485	69
1486	64
1487	62
1488	69
1489	53
1490	63
1491	65
1492	58
1493	63
1494	75
1495	57
1496	58
1497	57
1498	68
1499	69
1500	62
1501	59
1502	70
1503	73
1504	66
1505	63
1506	70
1507	72
1508	87
1509	67
1510	57
1511	59
1512	65
1513	58
1514	64
1515	82
1516	50
1517	77
1518	67
1519	73
1520	71
1521	82
1522	66
1523	66
1524	60
1525	60
1526	68
1527	63
1528	60
1529	60
1530	83
1531	62
1532	80
1533	67
1534	68
1535	68
1536	74
1537	51
1538	61
1539	65
1540	64
1541	76
1542	84
1543	69
1544	68
1545	71
1546	65
1547	54
1548	61
1549	71
1550	67
1551	62
1552	62
1553	59
1554	63
1555	66
1556	72
1557	67
1558	68
1559	74
1560	61
1561	52
1562	68
1563	56
1564	57
1565	68
1566	77
1567	75
1568	75
1569	65
1570	79
1571	78
1572	71
1573	64
1574	66
1575	58
1576	66
1577	69
1578	80
1579	73
1580	72
1581	58
1582	63
1583	44
1584	74
1585	71
1586	78
1587	64
1588	67
1589	76
1590	62
1591	72
1592	69
1593	54
1594	66
1595	64
1596	71
1597	68
1598	74
1599	68
1600	65
1601	58
1602	66
1603	66
1604	53
1605	68
1606	75
1607	56
1608	61
1609	57
1610	64
1611	50
1612	66
1613	58
1614	64
1615	68
1616	55
1617	56
1618	60
1619	62
1620	62
1621	64
1622	62
1623	78
1624	64
1625	63
1626	57
1627	85
1628	65
1629	73
1630	74
1631	68
1632	80
1633	60
1634	57
1635	60
1636	62
1637	76
1638	63
1639	53
1640	77
1641	60
1642	63
1643	49
1644	72
1645	67
1646	68
1647	87
1648	70
1649	67
1650	67
1651	66
1652	64
1653	60
1654	69
1655	54
1656	58
1657	59
1658	64
1659	53
1660	63
1661	58
1662	76
1663	69
1664	67
1665	77
1666	68
1667	60
1668	68
1669	66
1670	70
1671	73
1672	63
1673	65
1674	68
1675	48
1676	66
1677	63
1678	58
1679	59
1680	62
1681	62
1682	58
1683	83
1684	70
1685	77
1686	80
1687	64
1688	60
1689	64
1690	66
1691	77
1692	68
1693	58
1694	78
1695	60
1696	59
1697	65
1698	66
1699	63
1700	64
1701	55
1702	65
1703	74
1704	64
1705	73
1706	82
1707	75
1708	62
1709	57
1710	59
1711	56
1712	69
1713	80
1714	74
1715	68
1716	74
1717	66
1718	78
1719	57
1720	55
1721	68
1722	62
1723	67
1724	63
1725	60
1726	68
1727	76
1728	74
1729	79
1730	57
1731	71
1732	73
1733	57
1734	67
1735	59
1736	67
1737	61
1738	64
1739	52
1740	76
1741	63
1742	74
1743	68
1744	67
1745	77
1746	73
1747	83
1748	58
1749	60
1750	73
1751	59
1752	77
1753	64
1754	66
1755	73
1756	67
1757	59
1758	67
1759	55
1760	73
1761	63
1762	66
1763	57
1764	59
1765	57
1766	47
1767	65
1768	60
1769	81
1770	63
1771	65
1772	64
1773	56
1774	80
1775	64
1776	61
1777	61
1778	63
1779	57
1780	61
1781	67
1782	48
1783	68
1784	59
1785	76
1786	59
1787	69
1788	63
1789	72
1790	70
1791	57
1792	58
1793	54
1794	65
1795	63
1796	68
1797	73
1798	70
1799	61
1800	68
1801	72
1802	72
1803	69
1804	53
1805	66
1806	60
1807	82
1808	78
1809	67
1810	68
1811	65
1812	66
1813	57
1814	77
1815	69
1816	70
1817	64
1818	81
1819	55
1820	65
1821	57
1822	74
1823	76
1824	68
1825	67
1826	80
1827	72
1828	68
1829	61
1830	60
1831	69
1832	76
1833	53
1834	61
1835	59
1836	59
1837	62
1838	78
1839	56
1840	62
1841	76
1842	68
1843	71
1844	67
1845	61
1846	53
1847	86
1848	68
1849	67
1850	43
1851	63
1852	64
1853	72
1854	62
1855	64
1856	62
1857	66
1858	69
1859	68
1860	76
1861	75
1862	62
1863	63
1864	65
1865	63
1866	56
1867	58
1868	76
1869	55
1870	75
1871	65
1872	72
1873	67
1874	60
1875	60
1876	71
1877	59
1878	66
1879	82
1880	57
1881	72
1882	68
1883	58
1884	67
1885	73
1886	69
1887	61
1888	66
1889	68
1890	48
1891	65
1892	61
1893	72
1894	79
1895	64
1896	68
1897	66
1898	57
1899	61
1900	74
1901	67
1902	57
1903	63
1904	54
1905	77
1906	63
1907	56
1908	67
1909	75
1910	71
1911	73
1912	79
1913	68
1914	73
1915	83
1916	71
1917	63
1918	59
1919	69
1920	81
1921	67
1922	66
1923	65
1924	71
1925	66
1926	67
1927	66
1928	62
1929	55
1930	61
1931	70
1932	63
1933	58
1934	76
1935	63
1936	64
1937	75
1938	61
1939	68
1940	63
1941	65
1942	68
1943	76
1944	74
1945	52
1946	75
1947	69
1948	73
1949	67
1950	80
1951	81
1952	59
1953	76
1954	71
1955	67
1956	72
1957	65
1958	55
1959	62
1960	78
1961	67
1962	62
1963	67
1964	67
1965	72
1966	74
1967	74
1968	58
1969	69
1970	65
1971	71
1972	67
1973	75
1974	78
1975	61
1976	57
1977	84
1978	62
1979	68
1980	74
1981	54
1982	63
1983	60
1984	62
1985	53
1986	61
1987	86
1988	86
1989	74
1990	85
1991	70
1992	67
1993	72
1994	49
1995	60
1996	62
1997	63
1998	63
1999	65
2000	62
2001	57
2002	85
2003	65
2004	71
2005	65
2006	67
2007	77
2008	60
2009	66
2010	58
2011	73
2012	67
2013	54
2014	53
2015	76
2016	63
2017	62
2018	63
2019	71
2020	68
2021	55
2022	68
2023	73
2024	88
2025	71
2026	64
2027	60
2028	69
2029	67
2030	51
2031	72
2032	57
2033	75
2034	63
2035	62
2036	67
2037	75
2038	58
2039	52
2040	78
2041	72
2042	64
2043	49
2044	68
2045	53
2046	65
2047	67
2048	45
2049	64
2050	65
2051	88
2052	72
2053	72
2054	61
2055	67
2056	49
2057	69
2058	82
2059	66
2060	65
2061	55
2062	61
2063	73
2064	83
2065	75
2066	72
2067	62
2068	61
2069	58
2070	68
2071	74
2072	67
2073	72
2074	68
2075	62
2076	64
2077	65
2078	66
2079	77
2080	68
2081	80
2082	75
2083	72
2084	59
2085	75
2086	66
2087	55
2088	64
2089	75
2090	66
2091	67
2092	78
2093	57
2094	60
2095	68
2096	83
2097	70
2098	65
2099	69
2100	88
2101	66
2102	87
2103	73
2104	70
2105	85
2106	69
2107	68
2108	66
2109	80
2110	73
2111	72
2112	67
2113	72
2114	78
2115	74
2116	77
2117	73
2118	79
2119	77
2120	73
2121	71
2122	75
2123	72
2124	72
2125	67
2126	71
2127	71
2128	77
2129	70
2130	58
2131	69
2132	80
2133	74
2134	62
2135	62
2136	72
2137	86
2138	74
2139	66
2140	60
2141	86
2142	65
2143	66
2144	84
2145	80
2146	78
2147	66
2148	80
2149	89
2150	67
2151	66
2152	62
2153	76
2154	69
2155	73
2156	64
2157	83
2158	77
2159	72
2160	80
2161	64
2162	69
2163	74
2164	75
2165	74
2166	73
2167	85
2168	79
2169	67
2170	88
2171	80
2172	71
2173	77
2174	72
2175	60
2176	81
2177	71
2178	69
2179	71
2180	70
2181	78
2182	74
2183	87
2184	83
2185	74
2186	87
2187	78
2188	63
2189	77
2190	96
2191	68
2192	71
2193	79
2194	87
2195	64
2196	92
2197	75
2198	75
2199	75
2200	82
2201	86
2202	82
2203	77
2204	82
2205	70
2206	83
2207	63
2208	86
2209	88
2210	76
2211	73
2212	91
2213	82
2214	81
2215	68
2216	87
2217	75
2218	91
2219	71
2220	79
2221	85
2222	74
2223	75
2224	78
2225	71
2226	81
2227	99
2228	102
2229	93
2230	71
2231	78
2232	94
2233	83
2234	90
2235	86
2236	78
2237	61
2238	74
2239	75
2240	100
2241	94
2242	92
2243	88
2244	96
2245	80
2246	75
2247	92
2248	102
2249	86
2250	84
2251	92
2252	93
2253	83
2254	89
2255	79
2256	93
2257	97
2258	97
2259	94
2260	70
2261	89
2262	83
2263	74
2264	100
2265	100
2266	87
2267	101
2268	81
2269	92
2270	79
2271	93
2272	89
2273	70
2274	99
2275	83
2276	86
2277	96
2278	107
2279	79
2280	86
2281	85
2282	85
2283	77
2284	86
2285	82
2286	86
2287	83
2288	102
2289	79
2290	84
2291	69
2292	84
2293	92
2294	98
2295	80
2296	91
2297	83
2298	72
2299	72
2300	92
2301	96
2302	101
2303	105
2304	87
2305	98
2306	81
2307	92
2308	92
2309	101
2310	96
2311	81
2312	84
2313	74
2314	91
2315	96
2316	105
2317	73
2318	84
2319	93
2320	99
2321	82
2322	109
2323	101
2324	93
2325	72
2326	83
2327	88
2328	88
2329	90
2330	78
2331	85
2332	90
2333	89
2334	98
2335	92
2336	80
2337	97
2338	105
2339	85
2340	105
2341	103
2342	109
2343	80
2344	88
2345	103
2346	106
2347	76
2348	90
2349	87
2350	100
2351	106
2352	103
2353	88
2354	88
2355	97
2356	79
2357	76
2358	103
2359	98
2360	100
2361	84
2362	98
2363	79
2364	99
2365	88
2366	96
2367	89
2368	82
2369	117
2370	91
2371	88
2372	89
2373	116
2374	87
2375	96
2376	82
2377	87
2378	113
2379	96
2380	113
2381	103
2382	98
2383	104
2384	82
2385	108
2386	86
2387	101
2388	91
2389	83
2390	96
2391	90
2392	101
2393	95
2394	86
2395	87
2396	111
2397	90
2398	100
2399	89
2400	94
2401	100
2402	96
2403	94
2404	89
2405	95
2406	97
2407	113
2408	82
2409	105
2410	86
2411	107
2412	107
2413	81
2414	102
2415	93
2416	76
2417	113
2418	98
2419	97
2420	110
2421	89
2422	90
2423	91
2424	86
2425	98
2426	82
2427	90
2428	99
2429	103
2430	84
2431	86
2432	78
2433	95
2434	85
2435	102
2436	91
2437	97
2438	93
2439	78
2440	122
2441	93
2442	95
2443	93
2444	97
2445	88
2446	107
2447	84
2448	91
2449	95
2450	96
2451	89
2452	98
2453	89
2454	92
2455	88
2456	97
2457	77
2458	83
2459	105
2460	102
2461	83
2462	80
2463	83
2464	85
2465	91
2466	89
2467	93
2468	90
2469	93
2470	89
2471	100
2472	96
2473	99
2474	88
2475	83
2476	84
2477	106
2478	83
2479	95
2480	105
2481	90
2482	98
2483	92
2484	91
2485	84
2486	86
2487	100
2488	79
2489	87
2490	87
2491	93
2492	78
2493	88
2494	92
2495	72
2496	82
2497	90
2498	86
2499	101
2500	98
2501	72
2502	83
2503	81
2504	82
2505	88
2506	80
2507	77
2508	83
2509	100
2510	90
2511	101
2512	97
2513	78
2514	81
2515	108
2516	95
2517	75
2518	65
2519	99
2520	77
2521	91
2522	80
2523	79
2524	89
2525	94
2526	94
2527	78
2528	79
2529	79
2530	81
2531	77
2532	86
2533	85
2534	76
2535	85
2536	88
2537	80
2538	99
2539	83
2540	82
2541	93
2542	89
2543	84
2544	102
2545	88
2546	66
2547	76
2548	94
2549	82
2550	83
2551	72
2552	89
2553	82
2554	76
2555	88
2556	85
2557	74
2558	66
2559	65
2560	97
2561	81
2562	73
2563	75
2564	92
2565	77
2566	77
2567	96
2568	71
2569	98
2570	73
2571	87
2572	70
2573	86
2574	71
2575	72
2576	59
2577	78
2578	82
2579	87
2580	70
2581	76
2582	92
2583	76
2584	96
2585	88
2586	81
2587	83
2588	91
2589	76
2590	68
2591	81
2592	86
2593	104
2594	98
2595	80
2596	67
2597	75
2598	86
2599	79
2600	88
2601	95
2602	67
2603	97
2604	67
2605	74
2606	87
2607	84
2608	72
2609	91
2610	82
2611	103
2612	73
2613	85
2614	82
2615	86
2616	87
2617	82
2618	83
2619	79
2620	77
2621	95
2622	83
2623	73
2624	87
2625	80
2626	78
2627	85
2628	91
2629	67
2630	65
2631	93
2632	87
2633	75
2634	78
2635	63
2636	73
2637	78
2638	72
2639	69
2640	79
2641	98
2642	71
2643	71
2644	72
2645	74
2646	63
2647	86
2648	71
2649	83
2650	72
2651	83
2652	81
2653	71
2654	81
2655	80
2656	82
2657	83
2658	67
2659	83
2660	71
2661	85
2662	77
2663	78
2664	71
2665	78
2666	88
2667	77
2668	79
2669	78
2670	69
2671	85
2672	68
2673	69
2674	81
2675	80
2676	63
2677	75
2678	74
2679	90
2680	68
2681	61
2682	84
2683	67
2684	76
2685	81
2686	85
2687	81
2688	72
2689	75
2690	63
2691	86
2692	91
2693	87
2694	81
2695	84
2696	60
2697	93
2698	72
2699	67
2700	76
2701	72
2702	86
2703	89
2704	82
2705	79
2706	86
2707	77
2708	55
2709	66
2710	67
2711	77
2712	65
2713	91
2714	68
2715	72
2716	64
2717	61
2718	55
2719	55
2720	82
2721	76
2722	70
2723	76
2724	70
2725	87
2726	82
2727	90
2728	87
2729	78
2730	73
2731	73
2732	68
2733	71
2734	78
2735	58
2736	64
2737	73
2738	77
2739	72
2740	66
2741	63
2742	74
2743	78
2744	65
2745	70
2746	70
2747	82
2748	69
2749	71
2750	77
2751	70
2752	57
2753	77
2754	73
2755	84
2756	61
2757	76
2758	88
2759	83
2760	78
2761	76
2762	73
2763	65
2764	79
2765	66
2766	73
2767	82
2768	55
2769	66
2770	74
2771	69
2772	84
2773	66
2774	68
2775	76
2776	90
2777	66
2778	65
2779	62
2780	79
2781	67
2782	71
2783	70
2784	76
2785	75
2786	71
2787	77
2788	73
2789	53
2790	67
2791	88
2792	69
2793	77
2794	52
2795	74
2796	59
2797	71
2798	82
2799	78
2800	71
2801	76
2802	77
2803	74
2804	66
2805	72
2806	65
2807	85
2808	81
2809	79
2810	76
2811	72
2812	55
2813	60
2814	54
2815	65
2816	74
2817	78
2818	58
2819	66
2820	76
2821	83
2822	70
2823	80
2824	61
2825	60
2826	69
2827	92
2828	59
2829	78
2830	80
2831	84
2832	60
2833	54
2834	73
2835	67
2836	62
2837	79
2838	60
2839	86
2840	68
2841	65
2842	68
2843	85
2844	75
2845	68
2846	74
2847	78
2848	77
2849	78
2850	72
2851	58
2852	86
2853	70
2854	67
2855	74
2856	81
2857	51
2858	83
2859	56
2860	59
2861	60
2862	75
2863	69
2864	73
2865	64
2866	67
2867	80
2868	70
2869	65
2870	80
2871	67
2872	63
2873	82
2874	69
2875	74
2876	63
2877	56
2878	61
2879	72
2880	70
2881	70
2882	69
2883	74
2884	72
2885	66
2886	62
2887	68
2888	83
2889	69
2890	77
2891	55
2892	75
2893	73
2894	81
2895	76
2896	75
2897	69
2898	59
2899	71
2900	68
2901	62
2902	68
2903	64
2904	59
2905	69
2906	86
2907	61
2908	87
2909	83
2910	68
2911	87
2912	76
2913	69
2914	65
2915	67
2916	68
2917	54
2918	57
2919	69
2920	79
2921	71
2922	75
2923	66
2924	71
2925	68
2926	78
2927	72
2928	76
2929	75
2930	76
2931	56
2932	73
2933	74
2934	71
2935	78
2936	68
2937	57
2938	73
2939	66
2940	67
2941	83
2942	60
2943	70
2944	80
2945	67
2946	68
2947	87
2948	74
2949	80
2950	52
2951	63
2952	71
2953	68
2954	70
2955	64
2956	63
2957	71
2958	68
2959	76
2960	70
2961	66
2962	68
2963	59
2964	73
2965	77
2966	60
2967	74
2968	68
2969	61
2970	79
2971	69
2972	78
2973	62
2974	72
2975	69
2976	73
2977	74
2978	69
2979	79
2980	60
2981	65
2982	69
2983	63
2984	69
2985	65
2986	73
2987	58
2988	66
2989	83
2990	64
2991	63
2992	78
2993	66
2994	68
2995	67
2996	58
2997	67
2998	49
2999	73
3000	78
3001	54
3002	50
3003	68
3004	52
3005	78
3006	50
3007	68
3008	68
3009	52
3010	62
3011	56
3012	74
3013	57
3014	64
3015	66
3016	72
3017	80
3018	70
3019	70
3020	58
3021	75
3022	71
3023	64
3024	78
3025	56
3026	66
3027	77
3028	70
3029	58
3030	55
3031	63
3032	80
3033	68
3034	66
3035	70
3036	62
3037	56
3038	69
3039	56
3040	54
3041	64
3042	67
3043	78
3044	73
3045	61
3046	58
3047	75
3048	73
3049	80
3050	55
3051	69
3052	67
3053	70
3054	64
3055	77
3056	65
3057	70
3058	67
3059	76
3060	77
3061	67
3062	56
3063	70
3064	61
3065	54
3066	72
3067	65
3068	69
3069	59
3070	51
3071	73
3072	62
3073	64
3074	67
3075	55
3076	68
3077	54
3078	69
3079	69
3080	65
3081	73
3082	60
3083	66
3084	58
3085	53
3086	63
3087	81
3088	71
3089	74
3090	73
3091	69
3092	67
3093	71
3094	72
3095	60
3096	64
3097	62
3098	66
3099	70
3100	61
3101	69
3102	60
3103	69
3104	57
3105	61
3106	62
3107	61
3108	78
3109	60
3110	56
3111	65
3112	63
3113	64
3114	61
3115	68
3116	69
3117	67
3118	66
3119	58
3120	75
3121	64
3122	61
3123	72
3124	63
3125	69
3126	53
3127	75
3128	64
3129	73
3130	58
3131	74
3132	67
3133	66
3134	58
3135	63
3136	76
3137	58
3138	52
3139	55
3140	59
3141	76
3142	72
3143	68
3144	61
3145	68
3146	61
3147	63
3148	61
3149	68
3150	77
3151	60
3152	75
3153	75
3154	57
3155	64
3156	66
3157	59
3158	59
3159	63
3160	70
3161	66
3162	62
3163	63
3164	63
3165	65
3166	70
3167	54
3168	66
3169	51
3170	64
3171	65
3172	74
3173	71
3174	73
3175	70
3176	65
3177	75
3178	76
3179	54
3180	64
3181	65
3182	63
3183	78
3184	42
3185	52
3186	60
3187	52
3188	63
3189	62
3190	62
3191	75
3192	73
3193	60
3194	68
3195	62
3196	60
3197	57
3198	69
3199	69
3200	54
3201	57
3202	58
3203	61
3204	71
3205	58
3206	54
3207	63
3208	70
3209	73
3210	54
3211	59
3212	62
3213	63
3214	65
3215	64
3216	65
3217	55
3218	61
3219	55
3220	63
3221	49
3222	58
3223	56
3224	71
3225	49
3226	66
3227	72
3228	57
3229	68
3230	56
3231	64
3232	81
3233	72
3234	62
3235	67
3236	69
3237	47
3238	55
3239	60
3240	60
3241	66
3242	46
3243	64
3244	53
3245	52
3246	59
3247	69
3248	63
3249	60
3250	67
3251	57
3252	62
3253	54
3254	65
3255	58
3256	54
3257	62
3258	60
3259	59
3260	47
3261	59
3262	58
3263	63
3264	62
3265	62
3266	65
3267	54
3268	55
3269	57
3270	75
3271	78
3272	61
3273	56
3274	46
3275	56
3276	54
3277	70
3278	72
3279	59
3280	63
3281	63
3282	60
3283	58
3284	60
3285	66
3286	70
3287	61
3288	62
3289	68
3290	50
3291	42
3292	75
3293	64
3294	62
3295	67
3296	51
3297	62
3298	63
3299	57
3300	56
3301	50
3302	65
3303	63
3304	54
3305	51
3306	69
3307	60
3308	61
3309	74
3310	55
3311	63
3312	47
3313	58
3314	56
3315	65
3316	69
3317	54
3318	60
3319	69
3320	68
3321	50
3322	53
3323	61
3324	56
3325	70
3326	60
3327	70
3328	69
3329	59
3330	67
3331	57
3332	58
3333	72
3334	58
3335	62
3336	59
3337	63
3338	54
3339	48
3340	65
3341	61
3342	53
3343	60
3344	53
3345	53
3346	54
3347	50
3348	51
3349	56
3350	35
3351	59
3352	47
3353	58
3354	54
3355	65
3356	58
3357	60
3358	61
3359	61
3360	49
3361	60
3362	45
3363	61
3364	73
3365	61
3366	58
3367	58
3368	65
3369	61
3370	64
3371	58
3372	38
3373	55
3374	68
3375	55
3376	55
3377	51
3378	59
3379	56
3380	65
3381	64
3382	50
3383	54
3384	48
3385	50
3386	56
3387	48
3388	55
3389	55
3390	56
3391	42
3392	49
3393	60
3394	57
3395	52
3396	56
3397	57
3398	59
3399	45
3400	51
3401	57
3402	52
3403	60
3404	52
3405	60
3406	47
3407	58
3408	66
3409	50
3410	47
3411	68
3412	64
3413	45
3414	56
3415	63
3416	65
3417	59
3418	45
3419	58
3420	57
3421	60
3422	57
3423	53
3424	54
3425	60
3426	68
3427	55
3428	66
3429	52
3430	50
3431	66
3432	62
3433	56
3434	64
3435	55
3436	57
3437	57
3438	66
3439	66
3440	68
3441	47
3442	56
3443	60
3444	72
3445	52
3446	48
3447	64
3448	56
3449	53
3450	64
3451	52
3452	55
3453	59
3454	42
3455	49
3456	57
3457	57
3458	56
3459	61
3460	46
3461	54
3462	52
3463	54
3464	64
3465	51
3466	52
3467	50
3468	64
3469	55
3470	37
3471	49
3472	47
3473	53
3474	46
3475	47
3476	54
3477	49
3478	53
3479	56
3480	50
3481	63
3482	52
3483	61
3484	54
3485	62
3486	59
3487	63
3488	53
3489	57
3490	51
3491	66
3492	36
3493	47
3494	50
3495	61
3496	54
3497	70
3498	65
3499	50
3500	55
3501	57
3502	58
3503	65
3504	61
3505	49
3506	81
3507	57
3508	59
3509	69
3510	46
3511	55
3512	55
3513	65
3514	61
3515	52
3516	52
3517	50
3518	62
3519	55
3520	45
3521	49
3522	61
3523	64
3524	54
3525	52
3526	53
3527	58
3528	45
3529	49
3530	50
3531	51
3532	63
3533	48
3534	52
3535	46
3536	57
3537	59
3538	47
3539	48
3540	61
3541	54
3542	52
3543	45
3544	33
3545	39
3546	54
3547	41
3548	59
3549	48
3550	47
3551	56
3552	58
3553	51
3554	61
3555	58
3556	59
3557	54
3558	59
3559	38
3560	60
3561	48
3562	57
3563	68
3564	68
3565	52
3566	51
3567	52
3568	43
3569	64
3570	52
3571	58
3572	56
3573	53
3574	45
3575	65
3576	54
3577	61
3578	57
3579	45
3580	55
3581	49
3582	32
3583	65
3584	49
3585	53
3586	55
3587	49
3588	61
3589	53
3590	49
3591	66
3592	55
3593	64
3594	50
3595	57
3596	52
3597	66
3598	61
3599	43
3600	55
3601	43
3602	50
3603	62
3604	51
3605	42
3606	40
3607	53
3608	44
3609	59
3610	54
3611	59
3612	46
3613	39
3614	46
3615	56
3616	45
3617	47
3618	53
3619	43
3620	61
3621	50
3622	50
3623	64
3624	42
3625	50
3626	61
3627	60
3628	54
3629	57
3630	44
3631	42
3632	59
3633	44
3634	57
3635	46
3636	46
3637	46
3638	51
3639	56
3640	45
3641	59
3642	55
3643	42
3644	68
3645	59
3646	52
3647	51
3648	44
3649	54
3650	70
3651	55
3652	66
3653	33
3654	48
3655	47
3656	56
3657	56
3658	65
3659	52
3660	49
3661	48
3662	51
3663	59
3664	46
3665	43
3666	47
3667	53
3668	41
3669	44
3670	33
3671	42
3672	53
3673	44
3674	46
3675	44
3676	56
3677	52
3678	34
3679	43
3680	46
3681	50
3682	45
3683	49
3684	39
3685	50
3686	62
3687	42
3688	46
3689	47
3690	63
3691	57
3692	52
3693	59
3694	52
3695	55
3696	42
3697	61
3698	54
3699	58
3700	40
3701	48
3702	45
3703	31
3704	48
3705	49
3706	46
3707	53
3708	49
3709	59
3710	44
3711	55
3712	59
3713	42
3714	49
3715	58
3716	56
3717	48
3718	42
3719	58
3720	56
3721	51
3722	55
3723	69
3724	51
3725	55
3726	50
3727	57
3728	50
3729	48
3730	59
3731	52
3732	42
3733	60
3734	50
3735	51
3736	41
3737	57
3738	60
3739	44
3740	47
3741	32
3742	52
3743	43
3744	47
3745	47
3746	64
3747	47
3748	45
3749	54
3750	43
3751	51
3752	45
3753	41
3754	52
3755	48
3756	45
3757	66
3758	49
3759	57
3760	50
3761	48
3762	64
3763	43
3764	37
3765	52
3766	59
3767	61
3768	44
3769	50
3770	47
3771	57
3772	51
3773	54
3774	48
3775	61
3776	49
3777	44
3778	42
3779	46
3780	50
3781	53
3782	60
3783	48
3784	54
3785	56
3786	48
3787	55
3788	57
3789	55
3790	58
3791	52
3792	47
3793	53
3794	55
3795	53
3796	38
3797	49
3798	50
3799	56
3800	47
3801	53
3802	40
3803	51
3804	46
3805	39
3806	55
3807	41
3808	46
3809	45
3810	54
3811	37
3812	48
3813	59
3814	58
3815	39
3816	59
3817	58
3818	52
3819	47
3820	46
3821	50
3822	56
3823	51
3824	60
3825	46
3826	50
3827	53
3828	45
3829	63
3830	59
3831	42
3832	50
3833	48
3834	49
3835	43
3836	54
3837	37
3838	52
3839	61
3840	44
3841	63
3842	58
3843	46
3844	50
3845	65
3846	38
3847	48
3848	49
3849	64
3850	45
3851	51
3852	52
3853	40
3854	49
3855	41
3856	44
3857	39
3858	39
3859	48
3860	67
3861	44
3862	50
3863	47
3864	45
3865	51
3866	50
3867	60
3868	52
3869	52
3870	41
3871	54
3872	54
3873	49
3874	46
3875	48
3876	48
3877	61
3878	60
3879	53
3880	54
3881	44
3882	41
3883	46
3884	55
3885	58
3886	50
3887	47
3888	72
3889	62
3890	47
3891	61
3892	43
3893	44
3894	76
3895	49
3896	45
3897	46
3898	46
3899	53
3900	48
3901	59
3902	52
3903	43
3904	52
3905	47
3906	54
3907	52
3908	55
3909	37
3910	50
3911	55
3912	48
3913	46
3914	50
3915	54
3916	47
3917	48
3918	67
3919	44
3920	45
3921	56
3922	53
3923	53
3924	43
3925	59
3926	59
3927	39
3928	44
3929	42
3930	39
3931	59
3932	57
3933	51
3934	50
3935	51
3936	60
3937	50
3938	52
3939	54
3940	50
3941	58
3942	36
3943	50
3944	55
3945	42
3946	46
3947	49
3948	44
3949	46
3950	55
3951	48
3952	53
3953	45
3954	50
3955	56
3956	59
3957	51
3958	47
3959	38
3960	59
3961	50
3962	60
3963	47
3964	52
3965	45
3966	45
3967	58
3968	62
3969	42
3970	43
3971	40
3972	49
3973	51
3974	58
3975	47
3976	46
3977	57
3978	44
3979	48
3980	47
3981	51
3982	53
3983	43
3984	53
3985	60
3986	56
3987	44
3988	50
3989	57
3990	58
3991	42
3992	50
3993	50
3994	54
3995	58
3996	57
3997	54
3998	44
3999	50
4000	40
4001	57
4002	50
4003	54
4004	49
4005	55
4006	43
4007	39
4008	54
4009	50
4010	58
4011	47
4012	47
4013	51
4014	53
4015	55
4016	55
4017	51
4018	44
4019	52
4020	46
4021	48
4022	39
4023	52
4024	46
4025	47
4026	45
4027	35
4028	53
4029	59
4030	52
4031	52
4032	43
4033	55
4034	42
4035	50
4036	50
4037	39
4038	43
4039	51
4040	53
4041	65
4042	54
4043	50
4044	55
4045	45
4046	44
4047	61
4048	50
4049	52
4050	57
4051	53
4052	49
4053	52
4054	50
4055	59
4056	46
4057	58
4058	61
4059	50
4060	48
4061	56
4062	48
4063	54
4064	67
4065	59
4066	47
4067	60
4068	55
4069	44
4070	53
4071	52
4072	66
4073	39
4074	49
4075	36
4076	47
4077	47
4078	57
4079	49
4080	39
4081	64
4082	44
4083	60
4084	52
4085	35
4086	45
4087	49
4088	54
4089	52
4090	62
4091	40
4092	60
4093	40
4094	47
4095	62
4096	62
4097	46
4098	53
4099	51
4100	46
4101	46
4102	49
4103	47
4104	58
4105	56
4106	43
4107	50
4108	52
4109	53
4110	47
4111	49
4112	55
4113	52
4114	50
4115	51
4116	49
4117	35
4118	39
4119	64
4120	48
4121	53
4122	46
4123	47
4124	54
4125	53
4126	51
4127	40
4128	42
4129	57
4130	47
4131	43
4132	42
4133	62
4134	51
4135	57
4136	55
4137	37
4138	54
4139	49
4140	44
4141	59
4142	54
4143	54
4144	53
4145	60
4146	47
4147	52
4148	41
4149	53
4150	42
4151	45
4152	42
4153	53
4154	52
4155	42
4156	53
4157	39
4158	39
4159	36
4160	62
4161	45
4162	50
4163	55
4164	40
4165	50
4166	39
4167	45
4168	49
4169	48
4170	52
4171	41
4172	43
4173	55
4174	57
4175	49
4176	60
4177	48
4178	60
4179	50
4180	48
4181	56
4182	56
4183	49
4184	39
4185	57
4186	55
4187	55
4188	67
4189	54
4190	53
4191	52
4192	55
4193	34
4194	54
4195	45
4196	46
4197	55
4198	45
4199	62
4200	54
4201	60
4202	53
4203	48
4204	46
4205	48
4206	55
4207	42
4208	55
4209	57
4210	50
4211	47
4212	54
4213	48
4214	41
4215	49
4216	48
4217	40
4218	51
4219	51
4220	45
4221	57
4222	46
4223	39
4224	50
4225	44
4226	49
4227	60
4228	47
4229	46
4230	36
4231	60
4232	45
4233	51
4234	48
4235	58
4236	61
4237	49
4238	62
4239	58
4240	43
4241	45
4242	51
4243	53
4244	48
4245	51
4246	55
4247	58
4248	45
4249	58
4250	60
4251	49
4252	55
4253	58
4254	40
4255	54
4256	66
4257	44
4258	47
4259	38
4260	47
4261	49
4262	42
4263	40
4264	44
4265	51
4266	49
4267	48
4268	53
4269	59
4270	55
4271	51
4272	41
4273	36
4274	60
4275	69
4276	48
4277	51
4278	45
4279	70
4280	55
4281	54
4282	58
4283	63
4284	49
4285	43
4286	65
4287	48
4288	60
4289	47
4290	43
4291	52
4292	42
4293	46
4294	38
4295	55
4296	60
4297	43
4298	63
4299	51
4300	56
4301	49
4302	46
4303	43
4304	53
4305	62
4306	54
4307	57
4308	48
4309	47
4310	39
4311	45
4312	61
4313	47
4314	40
4315	42
4316	58
4317	54
4318	49
4319	44
4320	46
4321	42
4322	37
4323	47
4324	47
4325	52
4326	41
4327	48
4328	62
4329	53
4330	54
4331	46
4332	43
4333	42
4334	44
4335	50
4336	29
4337	50
4338	45
4339	43
4340	54
4341	53
4342	53
4343	54
4344	46
4345	61
4346	54
4347	45
4348	58
4349	47
4350	48
4351	54
4352	38
4353	47
4354	51
4355	60
4356	50
4357	52
4358	57
4359	55
4360	47
4361	56
4362	36
4363	37
4364	35
4365	44
4366	54
4367	34
4368	49
4369	47
4370	51
4371	48
4372	42
4373	50
4374	53
4375	47
4376	54
4377	37
4378	61
4379	52
4380	48
4381	44
4382	38
4383	44
4384	50
4385	54
4386	72
4387	64
4388	56
4389	39
4390	44
4391	40
4392	46
4393	42
4394	56
4395	48
4396	44
4397	34
4398	44
4399	47
4400	51
4401	36
4402	52
4403	44
4404	48
4405	41
4406	56
4407	43
4408	41
4409	46
4410	44
4411	36
4412	55
4413	56
4414	44
4415	48
4416	46
4417	38
4418	47
4419	55
4420	46
4421	42
4422	47
4423	41
4424	40
4425	53
4426	39
4427	32
4428	42
4429	40
4430	60
4431	39
4432	49
4433	52
4434	38
4435	49
4436	39
4437	37
4438	44
4439	43
4440	33
4441	61
4442	44
4443	51
4444	45
4445	38
4446	62
4447	43
4448	38
4449	43
4450	46
4451	34
4452	43
4453	52
4454	41
4455	38
4456	37
4457	44
4458	50
4459	51
4460	43
4461	45
4462	38
4463	43
4464	54
4465	34
4466	45
4467	37
4468	48
4469	55
4470	39
4471	40
4472	47
4473	46
4474	34
4475	44
4476	36
4477	34
4478	50
4479	47
4480	42
4481	38
4482	42
4483	46
4484	42
4485	37
4486	29
4487	46
4488	36
4489	46
4490	52
4491	26
4492	43
4493	35
4494	41
4495	31
4496	45
4497	43
4498	55
4499	42
4500	51
4501	34
4502	54
4503	46
4504	39
4505	41
4506	37
4507	36
4508	48
4509	38
4510	49
4511	41
4512	58
4513	43
4514	48
4515	46
4516	47
4517	51
4518	39
4519	44
4520	36
4521	44
4522	44
4523	32
4524	37
4525	38
4526	35
4527	44
4528	40
4529	37
4530	49
4531	32
4532	42
4533	45
4534	45
4535	34
4536	46
4537	27
4538	48
4539	38
4540	40
4541	30
4542	41
4543	37
4544	29
4545	35
4546	37
4547	31
4548	40
4549	30
4550	39
4551	25
4552	37
4553	42
4554	41
4555	34
4556	29
4557	53
4558	36
4559	40
4560	26
4561	42
4562	45
4563	34
4564	46
4565	18
4566	39
4567	36
4568	40
4569	35
4570	37
4571	37
4572	35
4573	34
4574	36
4575	28
4576	35
4577	34
4578	40
4579	36
4580	32
4581	39
4582	50
4583	36
4584	39
4585	29
4586	32
4587	38
4588	36
4589	44
4590	28
4591	47
4592	40
4593	35
4594	34
4595	30
4596	40
4597	30
4598	24
4599	37
4600	37
4601	38
4602	34
4603	45
4604	24
4605	42
4606	32
4607	32
4608	39
4609	45
4610	50
4611	39
4612	45
4613	31
4614	36
4615	37
4616	36
4617	26
4618	34
4619	25
4620	32
4621	37
4622	42
4623	41
4624	28
4625	35
4626	30
4627	38
4628	32
4629	34
4630	36
4631	37
4632	28
4633	24
4634	42
4635	29
4636	24
4637	32
4638	29
4639	35
4640	25
4641	25
4642	26
4643	29
4644	36
4645	47
4646	18
4647	34
4648	44
4649	32
4650	22
4651	26
4652	31
4653	31
4654	25
4655	33
4656	37
4657	37
4658	32
4659	29
4660	29
4661	29
4662	24
4663	32
4664	33
4665	37
4666	29
4667	37
4668	33
4669	36
4670	37
4671	26
4672	37
4673	30
4674	22
4675	40
4676	35
4677	34
4678	29
4679	35
4680	33
4681	28
4682	30
4683	27
4684	41
4685	29
4686	24
4687	33
4688	25
4689	39
4690	28
4691	40
4692	31
4693	25
4694	19
4695	30
4696	30
4697	32
4698	30
4699	33
4700	36
4701	45
4702	23
4703	31
4704	32
4705	24
4706	25
4707	31
4708	28
4709	32
4710	29
4711	28
4712	26
4713	36
4714	29
4715	36
4716	39
4717	37
4718	25
4719	25
4720	23
4721	24
4722	22
4723	31
4724	25
4725	20
4726	29
4727	31
4728	25
4729	26
4730	19
4731	33
4732	33
4733	29
4734	30
4735	32
4736	29
4737	21
4738	26
4739	34
4740	31
4741	16
4742	32
4743	18
4744	26
4745	24
4746	21
4747	24
4748	17
4749	40
4750	24
4751	29
4752	25
4753	21
4754	29
4755	28
4756	27
4757	32
4758	30
4759	37
4760	29
4761	35
4762	28
4763	21
4764	27
4765	34
4766	37
4767	22
4768	32
4769	31
4770	34
4771	25
4772	36
4773	26
4774	26
4775	38
4776	22
4777	15
4778	33
4779	33
4780	21
4781	30
4782	20
4783	20
4784	15
4785	22
4786	31
4787	23
4788	21
4789	31
4790	30
4791	19
4792	32
4793	19
4794	25
4795	22
4796	27
4797	22
4798	31
4799	31
4800	33
4801	24
4802	25
4803	24
4804	25
4805	22
4806	24
4807	17
4808	36
4809	31
4810	27
4811	23
4812	32
4813	25
4814	24
4815	23
4816	31
4817	16
4818	26
4819	27
4820	28
4821	25
4822	36
4823	35
4824	15
4825	25
4826	24
4827	25
4828	24
4829	25
4830	24
4831	24
4832	26
4833	29
4834	26
4835	28
4836	28
4837	26
4838	27
4839	19
4840	25
4841	23
4842	28
4843	18
4844	34
4845	23
4846	29
4847	16
4848	23
4849	20
4850	23
4851	18
4852	22
4853	24
4854	20
4855	23
4856	23
4857	24
4858	26
4859	20
4860	23
4861	23
4862	25
4863	30
4864	21
4865	22
4866	29
4867	29
4868	27
4869	20
4870	26
4871	29
4872	16
4873	25
4874	16
4875	20
4876	15
4877	23
4878	21
4879	23
4880	22
4881	30
4882	29
4883	30
4884	23
4885	24
4886	24
4887	29
4888	29
4889	28
4890	20
4891	18
4892	34
4893	26
4894	26
4895	22
4896	42
4897	19
4898	21
4899	28
4900	15
4901	26
4902	28
4903	26
4904	26
4905	28
4906	24
4907	21
4908	22
4909	21
4910	22
4911	25
4912	22
4913	32
4914	29
4915	19
4916	16
4917	19
4918	17
4919	18
4920	28
4921	30
4922	21
4923	26
4924	30
4925	22
4926	27
4927	25
4928	31
4929	21
4930	21
4931	22
4932	17
4933	24
4934	23
4935	25
4936	21
4937	23
4938	30
4939	20
4940	30
4941	29
4942	16
4943	21
4944	18
4945	30
4946	30
4947	31
4948	14
4949	19
4950	28
4951	22
4952	13
4953	20
4954	25
4955	16
4956	29
4957	23
4958	23
4959	24
4960	18
4961	23
4962	15
4963	20
4964	26
4965	21
4966	25
4967	18
4968	23
4969	36
4970	14
4971	28
4972	23
4973	21
4974	26
4975	23
4976	26
4977	20
4978	27
4979	17
4980	16
4981	16
4982	18
4983	27
4984	23
4985	18
4986	22
4987	17
4988	22
4989	31
4990	22
4991	23
4992	27
4993	22
4994	26
4995	24
4996	22
4997	16
4998	27
4999	24
5000	19
5001	22
5002	23
5003	20
5004	27
5005	24
5006	21
5007	22
5008	22
5009	24
5010	29
5011	22
5012	28
5013	18
5014	21
5015	25
5016	17
5017	27
5018	19
5019	16
5020	17
5021	22
5022	21
5023	18
5024	22
5025	29
5026	21
5027	23
5028	22
5029	16
5030	30
5031	17
5032	23
5033	28
5034	17
5035	26
5036	23
5037	22
5038	17
5039	17
5040	21
5041	27
5042	24
5043	20
5044	17
5045	19
5046	18
5047	25
5048	19
5049	12
5050	17
5051	25
5052	29
5053	23
5054	19
5055	19
5056	18
5057	17
5058	20
5059	16
5060	21
5061	18
5062	19
5063	18
5064	15
5065	22
5066	18
5067	19
5068	17
5069	22
5070	35
5071	24
5072	16
5073	21
5074	21
5075	23
5076	23
5077	20
5078	21
5079	25
5080	24
5081	15
5082	25
5083	26
5084	20
5085	21
5086	24
5087	32
5088	22
5089	21
5090	23
5091	32
5092	16
5093	26
5094	28
5095	19
5096	20
5097	17
5098	22
5099	23
5100	22
5101	28
5102	24
5103	19
5104	20
5105	22
5106	21
5107	24
5108	21
5109	21
5110	17
5111	21
5112	16
5113	12
5114	22
5115	23
5116	19
5117	28
5118	28
5119	20
5120	16
5121	17
5122	21
5123	23
5124	19
5125	16
5126	23
5127	18
5128	18
5129	17
5130	26
5131	24
5132	19
5133	14
5134	17
5135	14
5136	18
5137	21
5138	27
5139	24
5140	26
5141	15
5142	19
5143	20
5144	19
5145	21
5146	22
5147	14
5148	22
5149	21
5150	28
5151	20
5152	15
5153	19
5154	23
5155	22
5156	21
5157	19
5158	17
5159	17
5160	21
5161	18
5162	24
5163	21
5164	17
5165	25
5166	23
5167	19
5168	18
5169	28
5170	22
5171	28
5172	19
5173	20
5174	14
5175	13
5176	18
5177	20
5178	21
5179	17
5180	16
5181	17
5182	23
5183	21
5184	14
5185	19
5186	16
5187	21
5188	24
5189	17
5190	13
5191	17
5192	14
5193	25
5194	26
5195	26
5196	30
5197	21
5198	23
5199	21
5200	20
5201	21
5202	22
5203	10
5204	14
5205	22
5206	21
5207	31
5208	20
5209	17
5210	18
5211	12
5212	18
5213	18
5214	18
5215	13
5216	13
5217	16
5218	20
5219	24
5220	18
5221	12
5222	20
5223	23
5224	26
5225	16
5226	24
5227	20
5228	20
5229	20
5230	21
5231	19
5232	20
5233	15
5234	15
5235	9
5236	20
5237	28
5238	25
5239	17
5240	27
5241	19
5242	18
5243	20
5244	10
5245	17
5246	13
5247	19
5248	22
5249	21
5250	17
5251	20
5252	29
5253	18
5254	21
5255	26
5256	19
5257	30
5258	24
5259	21
5260	21
5261	23
5262	14
5263	25
5264	19
5265	19
5266	20
5267	22
5268	19
5269	23
5270	15
5271	19
5272	21
5273	18
5274	18
5275	15
5276	20
5277	13
5278	22
5279	10
5280	13
5281	17
5282	16
5283	13
5284	18
5285	20
5286	20
5287	18
5288	27
5289	20
5290	17
5291	21
5292	23
5293	25
5294	16
5295	21
5296	19
5297	23
5298	18
5299	20
5300	15
5301	13
5302	11
5303	15
5304	17
5305	13
5306	21
5307	18
5308	27
5309	20
5310	11
5311	15
5312	7
5313	23
5314	20
5315	21
5316	19
5317	18
5318	23
5319	16
5320	22
5321	16
5322	17
5323	16
5324	19
5325	24
5326	24
5327	21
5328	14
5329	22
5330	12
5331	16
5332	15
5333	18
5334	14
5335	19
5336	16
5337	14
5338	23
5339	19
5340	21
5341	23
5342	24
5343	20
5344	22
5345	14
5346	17
5347	26
5348	14
5349	18
5350	23
5351	17
5352	15
5353	15
5354	25
5355	21
5356	15
5357	15
5358	11
5359	17
5360	21
5361	17
5362	17
5363	14
5364	13
5365	25
5366	18
5367	21
5368	17
5369	10
5370	19
5371	21
5372	21
5373	17
5374	11
5375	26
5376	16
5377	18
5378	19
5379	24
5380	25
5381	18
5382	19
5383	20
5384	15
5385	26
5386	12
5387	15
5388	18
5389	11
5390	10
5391	20
5392	17
5393	29
5394	19
5395	20
5396	13
5397	17
5398	13
5399	18
5400	17
5401	15
5402	15
5403	14
5404	15
5405	21
5406	20
5407	18
5408	16
5409	18
5410	15
5411	17
5412	15
5413	13
5414	15
5415	17
5416	10
5417	12
5418	22
5419	15
5420	16
5421	9
5422	20
5423	10
5424	23
5425	14
5426	21
5427	17
5428	18
5429	15
5430	15
5431	14
5432	16
5433	22
5434	10
5435	19
5436	22
5437	15
5438	17
5439	15
5440	12
5441	18
5442	18
5443	19
5444	22
5445	17
5446	16
5447	17
5448	15
5449	17
5450	17
5451	13
5452	15
5453	25
5454	20
5455	14
5456	14
5457	16
5458	16
5459	12
5460	19
5461	18
5462	26
5463	9
5464	17
5465	21
5466	17
5467	13
5468	19
5469	23
5470	17
5471	18
5472	12
5473	21
5474	16
5475	26
5476	11
5477	24
5478	16
5479	15
5480	24
5481	8
5482	23
5483	20
5484	15
5485	25
5486	14
5487	18
5488	16
5489	16
5490	11
5491	17
5492	20
5493	21
5494	20
5495	19
5496	13
5497	24
5498	20
5499	16
5500	20
5501	18
5502	16
5503	13
5504	14
5505	16
5506	13
5507	16
5508	13
5509	19
5510	10
5511	22
5512	23
5513	18
5514	13
5515	13
5516	21
5517	12
5518	18
5519	10
5520	19
5521	14
5522	23
5523	10
5524	11
5525	6
5526	19
5527	20
5528	20
5529	20
5530	18
5531	18
5532	17
5533	14
5534	13
5535	17
5536	17
5537	16
5538	15
5539	15
5540	16
5541	16
5542	13
5543	11
5544	15
5545	16
5546	15
5547	15
5548	11
5549	21
5550	14
5551	19
5552	12
5553	22
5554	26
5555	14
5556	17
5557	17
5558	11
5559	15
5560	16
5561	12
5562	17
5563	21
5564	17
5565	19
5566	17
5567	15
5568	21
5569	12
5570	15
5571	18
5572	24
5573	10
5574	15
5575	11
5576	19
5577	18
5578	22
5579	11
5580	13
5581	18
5582	17
5583	15
5584	13
5585	14
5586	13
5587	13
5588	13
5589	17
5590	16
5591	21
5592	13
5593	17
5594	15
5595	15
5596	12
5597	17
5598	13
5599	16
5600	17
5601	16
5602	20
5603	24
5604	18
5605	13
5606	14
5607	15
5608	12
5609	25
5610	22
5611	14
5612	15
5613	14
5614	18
5615	19
5616	15
5617	17
5618	20
5619	20
5620	14
5621	14
5622	15
5623	18
5624	15
5625	19
5626	16
5627	21
5628	22
5629	22
5630	18
5631	10
5632	13
5633	21
5634	12
5635	11
5636	14
5637	21
5638	14
5639	12
5640	13
5641	15
5642	12
5643	12
5644	17
5645	15
5646	14
5647	17
5648	14
5649	17
5650	8
5651	11
5652	20
5653	19
5654	14
5655	21
5656	17
5657	24
5658	16
5659	18
5660	11
5661	25
5662	20
5663	8
5664	11
5665	19
5666	22
5667	16
5668	11
5669	13
5670	13
5671	15
5672	18
5673	15
5674	8
5675	14
5676	16
5677	10
5678	16
5679	22
5680	19
5681	24
5682	17
5683	15
5684	17
5685	17
5686	17
5687	11
5688	11
5689	17
5690	17
5691	13
5692	16
5693	15
5694	14
5695	16
5696	14
5697	17
5698	16
5699	20
5700	15
5701	19
5702	20
5703	13
5704	9
5705	21
5706	17
5707	10
5708	19
5709	22
5710	19
5711	11
5712	18
5713	17
5714	23
5715	17
5716	25
5717	20
5718	12
5719	15
5720	12
5721	25
5722	19
5723	26
5724	17
5725	7
5726	16
5727	22
5728	17
5729	9
5730	23
5731	19
5732	14
5733	17
5734	18
5735	10
5736	12
5737	15
5738	13
5739	13
5740	11
5741	16
5742	14
5743	15
5744	11
5745	13
5746	21
5747	14
5748	25
5749	14
5750	17
5751	13
5752	17
5753	8
5754	13
5755	14
5756	16
5757	17
5758	13
5759	14
5760	22
5761	7
5762	7
5763	14
5764	18
5765	13
5766	17
5767	15
5768	12
5769	12
5770	23
5771	17
5772	15
5773	15
5774	14
5775	20
5776	12
5777	17
5778	22
5779	10
5780	7
5781	17
5782	21
5783	13
5784	11
5785	17
5786	24
5787	8
5788	14
5789	19
5790	14
5791	17
5792	12
5793	18
5794	17
5795	15
5796	14
5797	10
5798	17
5799	14
5800	8
5801	17
5802	19
5803	16
5804	14
5805	16
5806	13
5807	14
5808	18
5809	16
5810	16
5811	13
5812	14
5813	15
5814	21
5815	9
5816	11
5817	15
5818	19
5819	14
5820	21
5821	15
5822	19
5823	21
5824	18
5825	19
5826	14
5827	16
5828	19
5829	19
5830	28
5831	14
5832	13
5833	17
5834	19
5835	12
5836	14
5837	18
5838	20
5839	20
5840	13
5841	14
5842	10
5843	17
5844	10
5845	20
5846	14
5847	14
5848	16
5849	10
5850	13
5851	15
5852	26
5853	19
5854	22
5855	7
5856	11
5857	10
5858	15
5859	20
5860	15
5861	16
5862	13
5863	17
5864	18
5865	15
5866	15
5867	14
5868	21
5869	15
5870	9
5871	11
5872	18
5873	14
5874	15
5875	10
5876	16
5877	16
5878	11
5879	6
5880	15
5881	11
5882	11
5883	16
5884	14
5885	10
5886	21
5887	11
5888	14
5889	15
5890	18
5891	15
5892	11
5893	17
5894	13
5895	22
5896	19
5897	16
5898	22
5899	12
5900	23
5901	29
5902	14
5903	16
5904	27
5905	15
5906	10
5907	11
5908	14
5909	14
5910	18
5911	15
5912	16
5913	10
5914	19
5915	12
5916	20
5917	15
5918	18
5919	16
5920	15
5921	12
5922	16
5923	17
5924	13
5925	20
5926	19
5927	12
5928	20
5929	18
5930	26
5931	13
5932	21
5933	20
5934	20
5935	15
5936	9
5937	25
5938	18
5939	12
5940	20
5941	14
5942	15
5943	23
5944	19
5945	12
5946	12
5947	12
5948	20
5949	22
5950	12
5951	16
5952	11
5953	21
5954	14
5955	12
5956	14
5957	10
5958	15
5959	13
5960	9
5961	16
5962	14
5963	15
5964	16
5965	18
5966	18
5967	12
5968	8
5969	16
5970	16
5971	18
5972	23
5973	9
5974	20
5975	18
5976	13
5977	15
5978	10
5979	12
5980	18
5981	26
5982	11
5983	16
5984	13
5985	10
5986	29
5987	23
5988	16
5989	22
5990	15
5991	12
5992	17
5993	16
5994	15
5995	7
5996	17
5997	12
5998	12
5999	18
6000	16
6001	18
6002	17
6003	20
6004	29
6005	16
6006	14
6007	15
6008	12
6009	18
6010	18
6011	24
6012	12
6013	14
6014	12
6015	12
6016	15
6017	13
6018	13
6019	20
6020	16
6021	4
6022	18
6023	15
6024	16
6025	23
6026	16
6027	17
6028	22
6029	10
6030	14
6031	18
6032	13
6033	13
6034	14
6035	10
6036	16
6037	17
6038	9
6039	17
6040	15
6041	12
6042	18
6043	17
6044	17
6045	18
6046	13
6047	20
6048	15
6049	16
6050	17
6051	16
6052	10
6053	12
6054	14
6055	10
6056	7
6057	16
6058	21
6059	15
6060	18
6061	12
6062	16
6063	13
6064	18
6065	22
6066	14
6067	11
6068	12
6069	18
6070	13
6071	15
6072	20
6073	21
6074	17
6075	12
6076	12
6077	17
6078	20
6079	20
6080	11
6081	13
6082	9
6083	12
6084	14
6085	17
6086	14
6087	16
6088	12
6089	16
6090	25
6091	13
6092	10
6093	19
6094	14
6095	18
6096	18
6097	15
6098	20
6099	20
6100	9
6101	18
6102	16
6103	9
6104	16
6105	15
6106	13
6107	14
6108	23
6109	17
6110	12
6111	18
6112	8
6113	12
6114	14
6115	10
6116	12
6117	19
6118	13
6119	18
6120	11
6121	17
6122	13
6123	14
6124	11
6125	12
6126	15
6127	15
6128	15
6129	8
6130	15
6131	19
6132	20
6133	17
6134	18
6135	13
6136	12
6137	19
6138	12
6139	18
6140	17
6141	16
6142	11
6143	15
6144	12
6145	15
6146	18
6147	16
6148	16
6149	13
6150	14
6151	17
6152	14
6153	14
6154	13
6155	22
6156	12
6157	17
6158	12
6159	16
6160	18
6161	14
6162	10
6163	19
6164	12
6165	22
6166	14
6167	15
6168	17
6169	11
6170	22
6171	17
6172	12
6173	20
6174	12
6175	18
6176	17
6177	20
6178	16
6179	11
6180	18
6181	21
6182	16
6183	11
6184	17
6185	21
6186	13
6187	22
6188	8
6189	23
6190	16
6191	13
6192	16
6193	17
6194	9
6195	19
6196	17
6197	10
6198	11
6199	11
6200	25
6201	27
6202	13
6203	22
6204	12
6205	9
6206	16
6207	13
6208	20
6209	13
6210	14
6211	13
6212	19
6213	17
6214	11
6215	13
6216	11
6217	14
6218	15
6219	14
6220	18
6221	13
6222	17
6223	12
6224	25
6225	14
6226	13
6227	17
6228	20
6229	10
6230	15
6231	21
6232	11
6233	20
6234	23
6235	24
6236	13
6237	14
6238	9
6239	10
6240	15
6241	23
6242	14
6243	12
6244	17
6245	17
6246	21
6247	22
6248	17
6249	21
6250	11
6251	18
6252	13
6253	18
6254	17
6255	13
6256	20
6257	15
6258	15
6259	18
6260	16
6261	10
6262	18
6263	17
6264	18
6265	17
6266	22
6267	20
6268	14
6269	11
6270	12
6271	13
6272	11
6273	16
6274	15
6275	20
6276	20
6277	20
6278	15
6279	17
6280	17
6281	11
6282	19
6283	15
6284	9
6285	12
6286	15
6287	12
6288	10
6289	12
6290	17
6291	11
6292	18
6293	15
6294	26
6295	13
6296	15
6297	20
6298	17
6299	12
6300	16
6301	12
6302	17
6303	25
6304	13
6305	16
6306	14
6307	12
6308	13
6309	20
6310	10
6311	17
6312	22
6313	20
6314	22
6315	10
6316	17
6317	12
6318	15
6319	12
6320	20
6321	25
6322	15
6323	16
6324	20
6325	11
6326	14
6327	14
6328	11
6329	17
6330	20
6331	14
6332	11
6333	20
6334	17
6335	14
6336	17
6337	15
6338	12
6339	15
6340	18
6341	13
6342	15
6343	14
6344	14
6345	10
6346	16
6347	10
6348	10
6349	21
6350	14
6351	16
6352	12
6353	15
6354	7
6355	14
6356	17
6357	17
6358	8
6359	18
6360	14
6361	9
6362	17
6363	23
6364	18
6365	11
6366	24
6367	18
6368	15
6369	20
6370	19
6371	10
6372	14
6373	16
6374	12
6375	13
6376	14
6377	7
6378	11
6379	24
6380	18
6381	18
6382	15
6383	15
6384	19
6385	14
6386	16
6387	13
6388	13
6389	18
6390	23
6391	19
6392	12
6393	20
6394	14
6395	18
6396	20
6397	19
6398	14
6399	16
6400	13
6401	7
6402	9
6403	11
6404	20
6405	15
6406	12
6407	14
6408	11
6409	22
6410	18
6411	18
6412	12
6413	21
6414	12
6415	19
6416	13
6417	18
6418	17
6419	18
6420	18
6421	18
6422	20
6423	17
6424	25
6425	12
6426	23
6427	16
6428	12
6429	20
6430	7
6431	19
6432	13
6433	18
6434	13
6435	13
6436	13
6437	16
6438	6
6439	20
6440	14
6441	15
6442	17
6443	24
6444	14
6445	19
6446	20
6447	12
6448	19
6449	21
6450	12
6451	16
6452	17
6453	17
6454	19
6455	17
6456	15
6457	23
6458	16
6459	18
6460	22
6461	27
6462	17
6463	16
6464	20
6465	14
6466	11
6467	11
6468	13
6469	26
6470	13
6471	18
6472	23
6473	20
6474	17
6475	11
6476	22
6477	11
6478	17
6479	18
6480	18
6481	17
6482	23
6483	24
6484	11
6485	15
6486	24
6487	22
6488	12
6489	20
6490	16
6491	15
6492	27
6493	16
6494	17
6495	14
6496	16
6497	16
6498	14
6499	31
6500	14
6501	19
6502	23
6503	18
6504	16
6505	24
6506	27
6507	19
6508	18
6509	21
6510	16
6511	22
6512	22
6513	19
6514	19
6515	15
6516	22
6517	12
6518	14
6519	21
6520	20
6521	22
6522	28
6523	18
6524	20
6525	22
6526	20
6527	12
6528	19
6529	18
6530	21
6531	18
6532	24
6533	23
6534	21
6535	25
6536	12
6537	28
6538	19
6539	24
6540	23
6541	13
6542	27
6543	15
6544	28
6545	19
6546	21
6547	11
6548	19
6549	26
6550	22
6551	21
6552	21
6553	22
6554	24
6555	24
6556	25
6557	12
6558	31
6559	23
6560	31
6561	23
6562	20
6563	31
6564	26
6565	18
6566	29
6567	22
6568	23
6569	16
6570	19
6571	15
6572	13
6573	16
6574	24
6575	20
6576	15
6577	20
6578	30
6579	22
6580	22
6581	27
6582	28
6583	21
6584	30
6585	21
6586	25
6587	16
6588	25
6589	29
6590	28
6591	16
6592	21
6593	24
6594	27
6595	22
6596	14
6597	27
6598	22
6599	31
6600	35
6601	22
6602	35
6603	21
6604	23
6605	30
6606	33
6607	26
6608	36
6609	31
6610	32
6611	22
6612	26
6613	30
6614	31
6615	37
6616	30
6617	30
6618	37
6619	20
6620	31
6621	32
6622	39
6623	29
6624	34
6625	29
6626	22
6627	34
6628	42
6629	32
6630	34
6631	27
6632	23
6633	34
6634	31
6635	31
6636	31
6637	26
6638	35
6639	35
6640	33
6641	35
6642	31
6643	31
6644	27
6645	40
6646	30
6647	30
6648	45
6649	41
6650	31
6651	36
6652	32
6653	42
6654	29
6655	36
6656	42
6657	33
6658	35
6659	30
6660	35
6661	39
6662	51
6663	51
6664	33
6665	39
6666	45
6667	37
6668	43
6669	38
6670	39
6671	41
6672	42
6673	39
6674	30
6675	42
6676	50
6677	42
6678	44
6679	52
6680	53
6681	33
6682	37
6683	41
6684	38
6685	58
6686	44
6687	50
6688	47
6689	36
6690	51
6691	48
6692	51
6693	47
6694	58
6695	57
6696	54
6697	48
6698	46
6699	50
6700	58
6701	49
6702	57
6703	59
6704	47
6705	61
6706	60
6707	49
6708	69
6709	50
6710	50
6711	58
6712	47
6713	55
6714	49
6715	59
6716	56
6717	43
6718	60
6719	47
6720	55
6721	70
6722	55
6723	51
6724	56
6725	58
6726	58
6727	53
6728	44
6729	70
6730	71
6731	73
6732	76
6733	66
6734	72
6735	55
6736	48
6737	65
6738	90
6739	68
6740	81
6741	61
6742	74
6743	59
6744	79
6745	75
6746	80
6747	72
6748	73
6749	56
6750	70
6751	65
6752	66
6753	61
6754	60
6755	90
6756	82
6757	80
6758	66
6759	68
6760	77
6761	69
6762	76
6763	68
6764	69
6765	72
6766	72
6767	92
6768	92
6769	87
6770	85
6771	84
6772	70
6773	86
6774	60
6775	93
6776	88
6777	91
6778	74
6779	70
6780	90
6781	103
6782	81
6783	78
6784	102
6785	90
6786	86
6787	102
6788	73
6789	93
6790	89
6791	92
6792	86
6793	98
6794	87
6795	74
6796	84
6797	92
6798	101
6799	94
6800	107
6801	95
6802	96
6803	93
6804	91
6805	75
6806	109
6807	92
6808	93
6809	94
6810	105
6811	98
6812	95
6813	96
6814	114
6815	105
6816	113
6817	106
6818	112
6819	104
6820	97
6821	104
6822	111
6823	82
6824	100
6825	119
6826	118
6827	140
6828	118
6829	101
6830	112
6831	120
6832	119
6833	124
6834	130
6835	127
6836	134
6837	129
6838	132
6839	127
6840	112
6841	122
6842	116
6843	136
6844	122
6845	126
6846	140
6847	126
6848	136
6849	137
6850	124
6851	125
6852	121
6853	138
6854	133
6855	121
6856	121
6857	121
6858	134
6859	144
6860	139
6861	125
6862	136
6863	142
6864	120
6865	142
6866	125
6867	153
6868	111
6869	151
6870	139
6871	147
6872	160
6873	144
6874	117
6875	178
6876	143
6877	163
6878	134
6879	144
6880	152
6881	168
6882	145
6883	160
6884	173
6885	147
6886	173
6887	138
6888	161
6889	136
6890	152
6891	161
6892	153
6893	155
6894	157
6895	187
6896	174
6897	174
6898	184
6899	173
6900	161
6901	187
6902	171
6903	180
6904	179
6905	174
6906	197
6907	175
6908	171
6909	161
6910	189
6911	168
6912	166
6913	179
6914	186
6915	177
6916	158
6917	160
6918	194
6919	164
6920	184
6921	207
6922	197
6923	182
6924	184
6925	191
6926	202
6927	176
6928	200
6929	195
6930	193
6931	191
6932	174
6933	201
6934	202
6935	202
6936	193
6937	185
6938	197
6939	198
6940	206
6941	198
6942	210
6943	202
6944	212
6945	213
6946	209
6947	202
6948	211
6949	215
6950	214
6951	205
6952	231
6953	193
6954	197
6955	216
6956	220
6957	230
6958	200
6959	210
6960	234
6961	212
6962	246
6963	261
6964	211
6965	213
6966	211
6967	220
6968	231
6969	214
6970	202
6971	239
6972	251
6973	218
6974	235
6975	217
6976	257
6977	239
6978	225
6979	235
6980	213
6981	260
6982	221
6983	221
6984	245
6985	240
6986	261
6987	251
6988	259
6989	231
6990	260
6991	227
6992	242
6993	244
6994	248
6995	238
6996	244
6997	208
6998	264
6999	251
7000	252
7001	284
7002	245
7003	251
7004	261
7005	254
7006	270
7007	263
7008	242
7009	253
7010	266
7011	234
7012	256
7013	295
7014	230
7015	261
7016	264
7017	258
7018	242
7019	277
7020	271
7021	281
7022	252
7023	281
7024	287
7025	291
7026	286
7027	262
7028	266
7029	246
7030	279
7031	251
7032	285
7033	265
7034	260
7035	261
7036	271
7037	290
7038	323
7039	270
7040	306
7041	293
7042	324
7043	312
7044	271
7045	280
7046	302
7047	303
7048	285
7049	246
7050	281
7051	270
7052	275
7053	311
7054	291
7055	287
7056	296
7057	289
7058	295
7059	282
7060	278
7061	313
7062	281
7063	299
7064	274
7065	292
7066	295
7067	315
7068	297
7069	311
7070	297
7071	306
7072	310
7073	307
7074	271
7075	284
7076	324
7077	309
7078	304
7079	310
7080	323
7081	276
7082	323
7083	335
7084	328
7085	292
7086	272
7087	327
7088	296
7089	274
7090	309
7091	338
7092	311
7093	321
7094	313
7095	325
7096	319
7097	306
7098	323
7099	302
7100	369
7101	297
7102	352
7103	288
7104	292
7105	300
7106	311
7107	338
7108	326
7109	305
7110	304
7111	325
7112	327
7113	292
7114	347
7115	301
7116	298
7117	325
7118	311
7119	289
7120	271
7121	360
7122	323
7123	322
7124	297
7125	339
7126	297
7127	324
7128	303
7129	338
7130	359
7131	327
7132	361
7133	365
7134	302
7135	330
7136	324
7137	319
7138	336
7139	329
7140	288
7141	330
7142	339
7143	334
7144	304
7145	292
7146	317
7147	349
7148	358
7149	327
7150	321
7151	345
7152	332
7153	360
7154	335
7155	307
7156	333
7157	375
7158	373
7159	346
7160	359
7161	326
7162	322
7163	361
7164	306
7165	334
7166	364
7167	333
7168	349
7169	348
7170	316
7171	330
7172	330
7173	386
7174	305
7175	348
7176	345
7177	366
7178	339
7179	341
7180	348
7181	335
7182	287
7183	321
7184	315
7185	334
7186	308
7187	324
7188	353
7189	348
7190	328
7191	311
7192	365
7193	354
7194	305
7195	352
7196	339
7197	321
7198	308
7199	339
7200	330
7201	337
7202	318
7203	319
7204	306
7205	298
7206	331
7207	326
7208	323
7209	351
7210	345
7211	333
7212	325
7213	311
7214	344
7215	330
7216	312
7217	315
7218	340
7219	301
7220	346
7221	307
7222	322
7223	342
7224	304
7225	351
7226	324
7227	338
7228	330
7229	339
7230	310
7231	339
7232	336
7233	342
7234	336
7235	300
7236	330
7237	331
7238	327
7239	334
7240	350
7241	318
7242	315
7243	322
7244	304
7245	309
7246	305
7247	289
7248	327
7249	344
7250	336
7251	299
7252	314
7253	315
7254	293
7255	286
7256	292
7257	330
7258	310
7259	301
7260	315
7261	317
7262	302
7263	318
7264	300
7265	294
7266	334
7267	305
7268	304
7269	281
7270	284
7271	289
7272	302
7273	308
7274	323
7275	293
7276	277
7277	325
7278	311
7279	301
7280	322
7281	302
7282	320
7283	288
7284	270
7285	294
7286	279
7287	316
7288	281
7289	343
7290	297
7291	292
7292	256
7293	293
7294	310
7295	271
7296	324
7297	281
7298	274
7299	284
7300	282
7301	290
7302	289
7303	290
7304	289
7305	305
7306	264
7307	298
7308	283
7309	278
7310	282
7311	286
7312	277
7313	256
7314	279
7315	279
7316	276
7317	269
7318	282
7319	280
7320	263
7321	278
7322	238
7323	266
7324	270
7325	266
7326	270
7327	258
7328	266
7329	265
7330	273
7331	257
7332	257
7333	268
7334	272
7335	291
7336	257
7337	294
7338	243
7339	255
7340	284
7341	252
7342	273
7343	255
7344	253
7345	248
7346	253
7347	266
7348	260
7349	266
7350	251
7351	255
7352	257
7353	240
7354	242
7355	261
7356	248
7357	268
7358	232
7359	233
7360	233
7361	256
7362	251
7363	249
7364	256
7365	225
7366	255
7367	226
7368	241
7369	220
7370	234
7371	258
7372	245
7373	272
7374	275
7375	245
7376	261
7377	236
7378	222
7379	228
7380	248
7381	240
7382	220
7383	217
7384	221
7385	222
7386	211
7387	231
7388	240
7389	201
7390	221
7391	222
7392	215
7393	212
7394	194
7395	228
7396	226
7397	233
7398	196
7399	180
7400	190
7401	198
7402	176
7403	215
7404	206
7405	223
7406	182
7407	183
7408	193
7409	203
7410	166
7411	207
7412	194
7413	203
7414	177
7415	180
7416	198
7417	198
7418	187
7419	182
7420	179
7421	189
7422	175
7423	185
7424	182
7425	167
7426	184
7427	168
7428	192
7429	188
7430	179
7431	184
7432	166
7433	173
7434	199
7435	177
7436	182
7437	183
7438	173
7439	182
7440	143
7441	174
7442	153
7443	181
7444	160
7445	137
7446	172
7447	180
7448	135
7449	161
7450	153
7451	130
7452	170
7453	154
7454	168
7455	149
7456	137
7457	171
7458	141
7459	141
7460	156
7461	152
7462	140
7463	157
7464	170
7465	147
7466	158
7467	137
7468	142
7469	137
7470	142
7471	152
7472	139
7473	132
7474	148
7475	147
7476	149
7477	144
7478	124
7479	128
7480	128
7481	132
7482	137
7483	143
7484	137
7485	126
7486	129
7487	143
7488	124
7489	131
7490	122
7491	137
7492	135
7493	114
7494	126
7495	130
7496	148
7497	124
7498	114
7499	126
7500	125
7501	134
7502	130
7503	111
7504	107
7505	131
7506	124
7507	128
7508	111
7509	126
7510	111
7511	117
7512	119
7513	111
7514	119
7515	112
7516	129
7517	95
7518	106
7519	102
7520	98
7521	112
7522	111
7523	109
7524	97
7525	91
7526	107
7527	100
7528	87
7529	96
7530	124
7531	107
7532	96
7533	81
7534	114
7535	104
7536	92
7537	95
7538	93
7539	115
7540	92
7541	84
7542	105
7543	90
7544	96
7545	86
7546	87
7547	101
7548	99
7549	90
7550	73
7551	97
7552	92
7553	86
7554	66
7555	90
7556	79
7557	73
7558	69
7559	97
7560	80
7561	90
7562	89
7563	87
7564	72
7565	88
7566	80
7567	80
7568	93
7569	86
7570	90
7571	72
7572	81
7573	76
7574	69
7575	88
7576	69
7577	87
7578	72
7579	87
7580	65
7581	71
7582	67
7583	60
7584	61
7585	55
7586	71
7587	63
7588	83
7589	56
7590	68
7591	62
7592	67
7593	63
7594	80
7595	57
7596	61
7597	60
7598	62
7599	50
7600	78
7601	58
7602	62
7603	52
7604	59
7605	49
7606	42
7607	52
7608	58
7609	56
7610	69
7611	63
7612	56
7613	54
7614	59
7615	48
7616	55
7617	53
7618	55
7619	64
7620	63
7621	59
7622	60
7623	56
7624	53
7625	43
7626	49
7627	52
7628	39
7629	37
7630	38
7631	48
7632	49
7633	45
7634	47
7635	50
7636	37
7637	39
7638	47
7639	42
7640	39
7641	33
7642	40
7643	36
7644	38
7645	50
7646	32
7647	51
7648	42
7649	37
7650	39
7651	45
7652	39
7653	30
7654	41
7655	48
7656	51
7657	40
7658	37
7659	27
7660	42
7661	48
7662	33
7663	42
7664	36
7665	26
7666	36
7667	33
7668	49
7669	32
7670	42
7671	46
7672	34
7673	42
7674	33
7675	33
7676	38
7677	32
7678	27
7679	28
7680	21
7681	37
7682	34
7683	42
7684	31
7685	33
7686	35
7687	25
7688	36
7689	25
7690	20
7691	27
7692	30
7693	26
7694	19
7695	34
7696	28
7697	30
7698	27
7699	31
7700	21
7701	31
7702	28
7703	24
7704	21
7705	31
7706	28
7707	39
7708	35
7709	27
7710	26
7711	27
7712	20
7713	21
7714	25
7715	26
7716	27
7717	23
7718	29
7719	20
7720	26
7721	20
7722	31
7723	22
7724	20
7725	27
7726	23
7727	21
7728	27
7729	29
7730	21
7731	20
7732	24
7733	21
7734	14
7735	14
7736	19
7737	8
7738	30
7739	18
7740	19
7741	19
7742	21
7743	28
7744	28
7745	17
7746	25
7747	14
7748	17
7749	18
7750	21
7751	19
7752	17
7753	23
7754	21
7755	15
7756	18
7757	18
7758	20
7759	12
7760	25
7761	29
7762	15
7763	11
7764	22
7765	20
7766	9
7767	13
7768	13
7769	23
7770	23
7771	23
7772	13
7773	21
7774	29
7775	20
7776	21
7777	13
7778	14
7779	12
7780	14
7781	21
7782	19
7783	14
7784	16
7785	11
7786	13
7787	16
7788	7
7789	15
7790	20
7791	21
7792	18
7793	15
7794	11
7795	13
7796	17
7797	16
7798	16
7799	29
7800	15
7801	22
7802	11
7803	13
7804	13
7805	11
7806	10
7807	21
7808	17
7809	15
7810	16
7811	12
7812	16
7813	14
7814	14
7815	15
7816	17
7817	9
7818	14
7819	13
7820	12
7821	13
7822	12
7823	15
7824	11
7825	15
7826	14
7827	26
7828	13
7829	20
7830	9
7831	9
7832	7
7833	15
7834	15
7835	8
7836	8
7837	13
7838	13
7839	10
7840	8
7841	13
7842	14
7843	14
7844	8
7845	12
7846	11
7847	15
7848	7
7849	9
7850	7
7851	13
7852	11
7853	13
7854	10
7855	15
7856	7
7857	9
7858	20
7859	19
7860	7
7861	13
7862	15
7863	19
7864	8
7865	16
7866	12
7867	8
7868	13
7869	8
7870	7
7871	10
7872	12
7873	5
7874	16
7875	13
7876	8
7877	12
7878	18
7879	10
7880	9
7881	5
7882	11
7883	4
7884	11
7885	8
7886	10
7887	7
7888	7
7889	12
7890	9
7891	11
7892	11
7893	6
7894	18
7895	10
7896	6
7897	7
7898	8
7899	6
7900	14
7901	7
7902	13
7903	10
7904	14
7905	13
7906	7
7907	11
7908	7
7909	11
7910	11
7911	5
7912	16
7913	13
7914	10
7915	8
7916	10
7917	9
7918	15
7919	8
7920	9
7921	5
7922	10
7923	13
7924	4
7925	15
7926	12
7927	5
7928	7
7929	8
7930	8
7931	10
7932	11
7933	2
7934	5
7935	10
7936	7
7937	12
7938	9
7939	8
7940	12
7941	8
7942	9
7943	7
7944	14
7945	15
7946	9
7947	9
7948	9
7949	4
7950	11
7951	10
7952	12
7953	7
7954	14
7955	15
7956	6
7957	8
7958	8
7959	15
7960	13
7961	9
7962	10
7963	10
7964	13
7965	12
7966	9
7967	12
7968	14
7969	10
7970	12
7971	13
7972	7
7973	11
7974	4
7975	14
7976	14
7977	9
7978	8
7979	5
7980	13
7981	13
7982	10
7983	4
7984	9
7985	4
7986	4
7987	7
7988	7
7989	4
7990	9
7991	7
7992	8
7993	5
7994	9
7995	10
7996	14
7997	8
7998	12
7999	16
8000	15
8001	7
8002	14
8003	8
8004	7
8005	4
8006	5
8007	9
8008	12
8009	5
8010	7
8011	6
8012	9
8013	9
8014	12
8015	9
8016	8
8017	11
8018	7
8019	16
8020	10
8021	7
8022	7
8023	10
8024	14
8025	12
8026	9
8027	11
8028	7
8029	14
8030	7
8031	12
8032	11
8033	15
8034	6
8035	11
8036	13
8037	10
8038	8
8039	14
8040	8
8041	10
8042	10
8043	3
8044	8
8045	12
8046	12
8047	6
8048	10
8049	8
8050	16
8051	7
8052	16
8053	7
8054	7
8055	12
8056	4
8057	11
8058	11
8059	11
8060	11
8061	6
8062	13
8063	7
8064	5
8065	14
8066	3
8067	12
8068	11
8069	9
8070	7
8071	7
8072	8
8073	6
8074	2
8075	10
8076	9
8077	8
8078	9
8079	13
8080	4
8081	7
8082	17
8083	9
8084	15
8085	9
8086	10
8087	10
8088	12
8089	8
8090	9
8091	17
8092	12
8093	5
8094	9
8095	9
8096	8
8097	7
8098	9
8099	5
8100	8
8101	13
8102	7
8103	6
8104	11
8105	16
8106	13
8107	10
8108	12
8109	10
8110	11
8111	7
8112	14
8113	6
8114	7
8115	4
8116	0
8117	0
8118	0
8119	1
8120	0
8121	1
8122	0
8123	1
8124	1
8125	0
8126	1
8127	1
8128	0
8129	1
8130	0
8131	0
8132	0
8133	0
8134	0
8135	0
8136	0
8137	0
8138	0
8139	0
8140	0
8141	0
8142	0
8143	0
8144	0
8145	0
8146	0
8147	0
8148	0
8149	0
8150	0
8151	0
8152	0
8153	0
8154	0
8155	0
8156	0
8157	0
8158	0
8159	0
8160	0
8161	0
8162	0
8163	0
8164	0
8165	0
8166	0
8167	0
8168	0
8169	0
8170	0
8171	0
8172	0
8173	0
8174	0
8175	0
8176	0
8177	0
8178	0
8179	0
8180	0
8181	0
8182	0
8183	0
8184	0
8185	0
8186	0
8187	0
8188	0
8189	0
8190	0
8191	0
