0	0
1	0
2	0
3	0
4	0
5	0
6	0
7	0
8	0
9	0
10	0
11	0
12	0
13	0
14	0
15	0
16	0
17	0
18	0
19	0
20	0
21	0
22	0
23	0
24	0
25	0
26	0
27	0
28	0
29	0
30	0
31	0
32	0
33	0
34	0
35	0
36	0
37	0
38	0
39	0
40	0
41	0
42	0
43	0
44	0
45	0
46	0
47	0
48	0
49	0
50	0
51	0
52	0
53	0
54	0
55	0
56	0
57	0
58	0
59	0
60	0
61	0
62	0
63	0
64	0
65	0
66	0
67	0
68	0
69	0
70	1
71	15
72	19
73	25
74	22
75	24
76	24
77	19
78	25
79	21
80	19
81	22
82	25
83	19
84	26
85	12
86	18
87	24
88	27
89	25
90	24
91	17
92	22
93	24
94	20
95	20
96	34
97	14
98	22
99	21
100	25
101	13
102	17
103	20
104	30
105	17
106	21
107	19
108	20
109	11
110	27
111	18
112	22
113	11
114	21
115	19
116	22
117	22
118	14
119	19
120	27
121	24
122	24
123	24
124	21
125	21
126	20
127	21
128	17
129	20
130	20
131	19
132	20
133	26
134	22
135	22
136	21
137	22
138	19
139	26
140	24
141	20
142	25
143	18
144	20
145	20
146	26
147	25
148	27
149	20
150	26
151	23
152	22
153	23
154	24
155	19
156	21
157	21
158	18
159	23
160	18
161	17
162	16
163	13
164	26
165	15
166	22
167	26
168	21
169	29
170	19
171	21
172	31
173	23
174	26
175	22
176	19
177	19
178	27
179	23
180	21
181	19
182	24
183	22
184	19
185	19
186	18
187	24
188	20
189	20
190	29
191	19
192	22
193	22
194	22
195	29
196	22
197	25
198	20
199	18
200	18
201	23
202	19
203	36
204	18
205	27
206	21
207	21
208	20
209	22
210	22
211	18
212	24
213	21
214	24
215	19
216	12
217	19
218	16
219	25
220	24
221	21
222	24
223	25
224	17
225	18
226	21
227	18
228	26
229	20
230	21
231	10
232	30
233	19
234	28
235	21
236	20
237	27
238	23
239	19
240	33
241	24
242	28
243	31
244	26
245	20
246	22
247	30
248	25
249	22
250	15
251	24
252	23
253	28
254	16
255	21
256	21
257	28
258	15
259	20
260	20
261	18
262	20
263	16
264	22
265	23
266	18
267	28
268	22
269	30
270	17
271	21
272	25
273	20
274	24
275	32
276	22
277	26
278	24
279	20
280	18
281	18
282	19
283	20
284	20
285	26
286	26
287	23
288	25
289	23
290	16
291	21
292	21
293	27
294	23
295	28
296	22
297	19
298	32
299	34
300	13
301	26
302	20
303	20
304	28
305	31
306	21
307	26
308	25
309	15
310	24
311	21
312	27
313	18
314	26
315	34
316	18
317	21
318	24
319	30
320	26
321	25
322	25
323	21
324	16
325	23
326	29
327	24
328	24
329	25
330	27
331	16
332	26
333	25
334	22
335	25
336	23
337	21
338	27
339	21
340	30
341	27
342	22
343	26
344	16
345	30
346	26
347	23
348	25
349	23
350	20
351	23
352	27
353	18
354	23
355	16
356	24
357	24
358	25
359	25
360	22
361	26
362	25
363	24
364	30
365	26
366	38
367	21
368	28
369	19
370	23
371	36
372	20
373	22
374	30
375	25
376	23
377	18
378	32
379	12
380	24
381	28
382	20
383	24
384	22
385	27
386	27
387	24
388	20
389	24
390	22
391	23
392	23
393	33
394	30
395	31
396	23
397	24
398	31
399	24
400	23
401	19
402	22
403	31
404	26
405	29
406	23
407	34
408	21
409	18
410	22
411	19
412	31
413	25
414	29
415	35
416	22
417	23
418	21
419	35
420	16
421	30
422	31
423	30
424	24
425	19
426	32
427	23
428	27
429	29
430	25
431	23
432	39
433	17
434	31
435	24
436	27
437	26
438	36
439	19
440	31
441	14
442	21
443	25
444	20
445	20
446	22
447	23
448	26
449	23
450	25
451	29
452	27
453	20
454	30
455	23
456	24
457	32
458	37
459	25
460	32
461	16
462	24
463	37
464	20
465	17
466	23
467	25
468	24
469	26
470	24
471	24
472	25
473	27
474	27
475	17
476	23
477	22
478	26
479	27
480	32
481	13
482	33
483	25
484	25
485	26
486	25
487	32
488	29
489	26
490	26
491	23
492	31
493	26
494	16
495	18
496	19
497	28
498	22
499	27
500	23
501	21
502	24
503	18
504	36
505	32
506	27
507	26
508	31
509	28
510	30
511	28
512	24
513	19
514	25
515	20
516	35
517	23
518	24
519	28
520	19
521	22
522	26
523	21
524	24
525	32
526	26
527	27
528	32
529	29
530	20
531	26
532	26
533	20
534	15
535	21
536	28
537	25
538	10
539	24
540	26
541	31
542	20
543	30
544	28
545	15
546	18
547	14
548	27
549	30
550	19
551	30
552	23
553	15
554	23
555	21
556	20
557	28
558	38
559	27
560	25
561	26
562	25
563	20
564	20
565	36
566	20
567	19
568	29
569	25
570	27
571	29
572	31
573	20
574	27
575	16
576	31
577	26
578	22
579	20
580	20
581	27
582	29
583	20
584	25
585	28
586	32
587	29
588	23
589	20
590	28
591	31
592	25
593	15
594	33
595	23
596	19
597	29
598	18
599	29
600	29
601	22
602	22
603	25
604	28
605	22
606	19
607	23
608	32
609	22
610	23
611	26
612	21
613	20
614	31
615	21
616	22
617	22
618	31
619	25
620	29
621	18
622	23
623	26
624	15
625	27
626	28
627	23
628	21
629	17
630	15
631	25
632	18
633	23
634	22
635	22
636	29
637	16
638	27
639	24
640	29
641	26
642	31
643	22
644	31
645	19
646	19
647	18
648	24
649	29
650	17
651	30
652	26
653	25
654	26
655	24
656	28
657	29
658	29
659	26
660	20
661	28
662	29
663	23
664	22
665	22
666	28
667	17
668	26
669	23
670	27
671	26
672	25
673	16
674	18
675	36
676	16
677	25
678	31
679	24
680	23
681	24
682	24
683	29
684	22
685	21
686	24
687	20
688	14
689	22
690	23
691	33
692	20
693	22
694	23
695	27
696	16
697	27
698	15
699	27
700	25
701	30
702	29
703	20
704	23
705	31
706	30
707	24
708	30
709	26
710	30
711	26
712	33
713	21
714	32
715	27
716	19
717	28
718	23
719	19
720	16
721	29
722	34
723	24
724	22
725	26
726	27
727	26
728	28
729	30
730	25
731	21
732	24
733	26
734	33
735	21
736	32
737	26
738	27
739	24
740	27
741	23
742	23
743	33
744	20
745	33
746	24
747	23
748	30
749	28
750	16
751	23
752	26
753	38
754	32
755	29
756	27
757	40
758	24
759	31
760	36
761	36
762	29
763	27
764	23
765	33
766	34
767	21
768	13
769	33
770	20
771	27
772	25
773	23
774	35
775	19
776	25
777	25
778	23
779	29
780	26
781	24
782	29
783	16
784	34
785	35
786	32
787	29
788	23
789	26
790	27
791	35
792	24
793	21
794	30
795	27
796	22
797	25
798	27
799	22
800	23
801	18
802	31
803	15
804	19
805	27
806	20
807	23
808	24
809	28
810	16
811	26
812	28
813	19
814	24
815	32
816	20
817	25
818	32
819	18
820	35
821	24
822	27
823	25
824	27
825	29
826	22
827	24
828	20
829	27
830	24
831	27
832	16
833	16
834	35
835	19
836	28
837	33
838	21
839	36
840	29
841	26
842	23
843	27
844	25
845	25
846	17
847	17
848	26
849	30
850	19
851	22
852	21
853	27
854	30
855	24
856	30
857	21
858	27
859	18
860	17
861	26
862	41
863	38
864	17
865	32
866	28
867	26
868	26
869	37
870	34
871	32
872	20
873	21
874	29
875	32
876	26
877	34
878	30
879	29
880	29
881	29
882	22
883	23
884	23
885	32
886	29
887	22
888	29
889	39
890	22
891	29
892	26
893	16
894	30
895	29
896	25
897	34
898	22
899	32
900	32
901	31
902	31
903	25
904	27
905	31
906	31
907	30
908	30
909	26
910	33
911	22
912	25
913	29
914	37
915	39
916	36
917	19
918	30
919	19
920	24
921	31
922	20
923	34
924	28
925	28
926	30
927	26
928	27
929	26
930	36
931	26
932	33
933	34
934	21
935	28
936	31
937	41
938	27
939	27
940	32
941	36
942	21
943	27
944	29
945	30
946	23
947	32
948	44
949	38
950	27
951	40
952	22
953	33
954	24
955	30
956	24
957	27
958	47
959	22
960	29
961	33
962	34
963	29
964	27
965	38
966	22
967	34
968	24
969	38
970	30
971	29
972	28
973	29
974	31
975	26
976	27
977	33
978	41
979	29
980	32
981	32
982	29
983	39
984	28
985	44
986	32
987	33
988	35
989	37
990	40
991	28
992	22
993	34
994	29
995	27
996	22
997	33
998	29
999	21
1000	24
1001	31
1002	25
1003	25
1004	27
1005	28
1006	32
1007	30
1008	29
1009	23
1010	39
1011	27
1012	32
1013	25
1014	21
1015	37
1016	28
1017	26
1018	27
1019	27
1020	29
1021	25
1022	17
1023	16
1024	25
1025	29
1026	26
1027	34
1028	40
1029	32
1030	27
1031	28
1032	40
1033	23
1034	29
1035	34
1036	24
1037	28
1038	34
1039	31
1040	25
1041	39
1042	25
1043	27
1044	31
1045	25
1046	26
1047	25
1048	29
1049	21
1050	39
1051	34
1052	37
1053	35
1054	26
1055	28
1056	29
1057	37
1058	24
1059	29
1060	28
1061	28
1062	30
1063	42
1064	33
1065	23
1066	23
1067	35
1068	34
1069	26
1070	36
1071	37
1072	36
1073	44
1074	28
1075	33
1076	33
1077	21
1078	30
1079	27
1080	27
1081	41
1082	34
1083	36
1084	31
1085	36
1086	25
1087	36
1088	34
1089	31
1090	27
1091	28
1092	35
1093	32
1094	37
1095	28
1096	47
1097	30
1098	45
1099	32
1100	27
1101	40
1102	27
1103	27
1104	38
1105	28
1106	30
1107	35
1108	27
1109	32
1110	28
1111	38
1112	34
1113	32
1114	35
1115	27
1116	33
1117	43
1118	42
1119	36
1120	38
1121	36
1122	32
1123	28
1124	31
1125	46
1126	36
1127	22
1128	33
1129	38
1130	39
1131	39
1132	35
1133	38
1134	31
1135	30
1136	32
1137	34
1138	42
1139	35
1140	43
1141	22
1142	32
1143	35
1144	32
1145	38
1146	36
1147	34
1148	28
1149	31
1150	35
1151	29
1152	37
1153	46
1154	31
1155	25
1156	37
1157	25
1158	30
1159	48
1160	32
1161	24
1162	38
1163	24
1164	42
1165	33
1166	30
1167	44
1168	31
1169	34
1170	32
1171	31
1172	28
1173	30
1174	31
1175	22
1176	28
1177	29
1178	32
1179	36
1180	20
1181	28
1182	24
1183	37
1184	30
1185	37
1186	32
1187	30
1188	35
1189	34
1190	28
1191	25
1192	22
1193	26
1194	19
1195	25
1196	27
1197	38
1198	34
1199	22
1200	30
1201	30
1202	35
1203	27
1204	41
1205	24
1206	40
1207	28
1208	27
1209	42
1210	36
1211	31
1212	31
1213	36
1214	30
1215	29
1216	36
1217	30
1218	34
1219	24
1220	33
1221	27
1222	26
1223	33
1224	29
1225	34
1226	25
1227	26
1228	30
1229	36
1230	26
1231	39
1232	36
1233	31
1234	33
1235	31
1236	39
1237	29
1238	27
1239	39
1240	21
1241	41
1242	33
1243	33
1244	39
1245	33
1246	31
1247	32
1248	43
1249	37
1250	34
1251	27
1252	44
1253	28
1254	42
1255	33
1256	32
1257	40
1258	30
1259	21
1260	33
1261	30
1262	33
1263	29
1264	31
1265	28
1266	34
1267	32
1268	39
1269	42
1270	30
1271	24
1272	31
1273	36
1274	32
1275	37
1276	27
1277	32
1278	37
1279	21
1280	29
1281	26
1282	33
1283	40
1284	33
1285	31
1286	44
1287	37
1288	25
1289	33
1290	28
1291	33
1292	31
1293	40
1294	47
1295	22
1296	31
1297	35
1298	36
1299	41
1300	35
1301	47
1302	41
1303	44
1304	25
1305	27
1306	25
1307	26
1308	32
1309	29
1310	24
1311	40
1312	32
1313	30
1314	26
1315	34
1316	26
1317	36
1318	34
1319	30
1320	37
1321	45
1322	37
1323	27
1324	35
1325	36
1326	28
1327	28
1328	35
1329	29
1330	31
1331	42
1332	32
1333	33
1334	25
1335	24
1336	17
1337	34
1338	40
1339	34
1340	35
1341	23
1342	35
1343	33
1344	32
1345	29
1346	25
1347	28
1348	37
1349	25
1350	25
1351	32
1352	36
1353	43
1354	30
1355	27
1356	44
1357	36
1358	32
1359	24
1360	36
1361	28
1362	24
1363	35
1364	30
1365	29
1366	34
1367	27
1368	31
1369	36
1370	31
1371	35
1372	22
1373	42
1374	23
1375	17
1376	38
1377	40
1378	35
1379	38
1380	30
1381	35
1382	46
1383	33
1384	27
1385	38
1386	31
1387	36
1388	29
1389	24
1390	35
1391	29
1392	36
1393	29
1394	40
1395	35
1396	29
1397	38
1398	31
1399	29
1400	33
1401	37
1402	30
1403	32
1404	26
1405	38
1406	22
1407	32
1408	31
1409	30
1410	23
1411	34
1412	34
1413	37
1414	30
1415	24
1416	37
1417	34
1418	28
1419	35
1420	27
1421	39
1422	26
1423	28
1424	35
1425	35
1426	32
1427	39
1428	30
1429	36
1430	26
1431	35
1432	23
1433	30
1434	31
1435	31
1436	33
1437	30
1438	39
1439	27
1440	28
1441	33
1442	33
1443	27
1444	37
1445	26
1446	24
1447	49
1448	28
1449	28
1450	33
1451	26
1452	33
1453	29
1454	21
1455	31
1456	32
1457	31
1458	34
1459	36
1460	36
1461	32
1462	29
1463	33
1464	22
1465	29
1466	26
1467	31
1468	31
1469	36
1470	32
1471	27
1472	29
1473	37
1474	24
1475	34
1476	33
1477	29
1478	35
1479	29
1480	21
1481	30
1482	28
1483	33
1484	23
1485	40
1486	32
1487	28
1488	32
1489	40
1490	32
1491	39
1492	32
1493	33
1494	42
1495	30
1496	28
1497	35
1498	35
1499	28
1500	30
1501	26
1502	35
1503	30
1504	29
1505	34
1506	26
1507	16
1508	22
1509	22
1510	29
1511	28
1512	31
1513	43
1514	32
1515	48
1516	28
1517	41
1518	39
1519	23
1520	25
1521	31
1522	20
1523	32
1524	33
1525	27
1526	30
1527	28
1528	30
1529	36
1530	24
1531	30
1532	35
1533	33
1534	38
1535	32
1536	28
1537	27
1538	35
1539	28
1540	32
1541	37
1542	34
1543	34
1544	28
1545	33
1546	24
1547	35
1548	37
1549	29
1550	31
1551	30
1552	30
1553	34
1554	26
1555	40
1556	36
1557	32
1558	32
1559	36
1560	37
1561	33
1562	27
1563	31
1564	34
1565	30
1566	33
1567	24
1568	55
1569	29
1570	36
1571	29
1572	25
1573	30
1574	37
1575	32
1576	36
1577	44
1578	31
1579	42
1580	35
1581	26
1582	31
1583	34
1584	28
1585	29
1586	29
1587	33
1588	29
1589	34
1590	47
1591	29
1592	25
1593	36
1594	39
1595	32
1596	30
1597	24
1598	29
1599	33
1600	26
1601	44
1602	38
1603	39
1604	27
1605	25
1606	37
1607	31
1608	48
1609	40
1610	35
1611	35
1612	29
1613	41
1614	28
1615	39
1616	42
1617	36
1618	43
1619	38
1620	30
1621	31
1622	43
1623	34
1624	26
1625	38
1626	18
1627	37
1628	27
1629	30
1630	27
1631	31
1632	37
1633	28
1634	33
1635	31
1636	28
1637	33
1638	34
1639	43
1640	32
1641	29
1642	32
1643	32
1644	39
1645	35
1646	34
1647	29
1648	32
1649	26
1650	34
1651	39
1652	37
1653	33
1654	28
1655	30
1656	31
1657	23
1658	39
1659	19
1660	32
1661	26
1662	32
1663	31
1664	26
1665	31
1666	34
1667	39
1668	37
1669	29
1670	30
1671	31
1672	38
1673	42
1674	35
1675	29
1676	40
1677	35
1678	26
1679	41
1680	31
1681	40
1682	34
1683	50
1684	37
1685	27
1686	48
1687	29
1688	21
1689	43
1690	35
1691	45
1692	30
1693	24
1694	38
1695	27
1696	34
1697	20
1698	28
1699	39
1700	36
1701	36
1702	24
1703	40
1704	23
1705	36
1706	27
1707	34
1708	35
1709	44
1710	28
1711	37
1712	34
1713	37
1714	32
1715	25
1716	36
1717	36
1718	22
1719	41
1720	21
1721	20
1722	37
1723	30
1724	36
1725	32
1726	30
1727	33
1728	22
1729	35
1730	27
1731	31
1732	38
1733	40
1734	38
1735	32
1736	26
1737	43
1738	17
1739	35
1740	35
1741	38
1742	27
1743	36
1744	29
1745	28
1746	38
1747	38
1748	30
1749	35
1750	25
1751	39
1752	26
1753	25
1754	35
1755	39
1756	37
1757	43
1758	43
1759	27
1760	30
1761	34
1762	40
1763	38
1764	36
1765	26
1766	42
1767	38
1768	26
1769	36
1770	43
1771	21
1772	46
1773	31
1774	36
1775	30
1776	27
1777	35
1778	49
1779	23
1780	36
1781	28
1782	35
1783	37
1784	33
1785	36
1786	27
1787	41
1788	28
1789	27
1790	35
1791	37
1792	22
1793	24
1794	32
1795	26
1796	37
1797	29
1798	41
1799	45
1800	26
1801	35
1802	29
1803	35
1804	34
1805	43
1806	37
1807	29
1808	38
1809	29
1810	26
1811	34
1812	32
1813	34
1814	40
1815	42
1816	26
1817	39
1818	22
1819	23
1820	30
1821	35
1822	22
1823	39
1824	29
1825	30
1826	34
1827	37
1828	26
1829	33
1830	29
1831	38
1832	23
1833	22
1834	37
1835	29
1836	38
1837	37
1838	40
1839	35
1840	27
1841	36
1842	27
1843	28
1844	39
1845	29
1846	39
1847	29
1848	34
1849	36
1850	24
1851	32
1852	37
1853	38
1854	28
1855	33
1856	29
1857	31
1858	31
1859	31
1860	39
1861	36
1862	29
1863	28
1864	29
1865	32
1866	39
1867	26
1868	23
1869	32
1870	33
1871	30
1872	28
1873	35
1874	34
1875	37
1876	29
1877	45
1878	30
1879	36
1880	29
1881	39
1882	26
1883	38
1884	32
1885	42
1886	33
1887	39
1888	24
1889	33
1890	27
1891	24
1892	30
1893	19
1894	31
1895	35
1896	30
1897	23
1898	40
1899	25
1900	22
1901	30
1902	35
1903	37
1904	34
1905	33
1906	33
1907	24
1908	32
1909	24
1910	25
1911	26
1912	39
1913	37
1914	37
1915	43
1916	32
1917	37
1918	31
1919	29
1920	33
1921	29
1922	40
1923	28
1924	36
1925	33
1926	33
1927	28
1928	39
1929	22
1930	35
1931	42
1932	23
1933	31
1934	34
1935	34
1936	36
1937	35
1938	34
1939	35
1940	29
1941	25
1942	33
1943	35
1944	33
1945	24
1946	34
1947	30
1948	38
1949	27
1950	24
1951	29
1952	35
1953	24
1954	33
1955	25
1956	22
1957	24
1958	33
1959	33
1960	42
1961	30
1962	34
1963	35
1964	29
1965	38
1966	32
1967	39
1968	35
1969	29
1970	31
1971	35
1972	43
1973	36
1974	37
1975	33
1976	28
1977	28
1978	34
1979	31
1980	45
1981	31
1982	29
1983	37
1984	33
1985	33
1986	36
1987	24
1988	25
1989	44
1990	36
1991	39
1992	32
1993	38
1994	37
1995	32
1996	25
1997	28
1998	26
1999	21
2000	33
2001	43
2002	27
2003	30
2004	32
2005	30
2006	49
2007	35
2008	53
2009	35
2010	33
2011	28
2012	29
2013	36
2014	32
2015	31
2016	30
2017	35
2018	26
2019	34
2020	30
2021	28
2022	22
2023	39
2024	33
2025	28
2026	28
2027	35
2028	34
2029	38
2030	16
2031	25
2032	45
2033	38
2034	36
2035	35
2036	43
2037	34
2038	28
2039	24
2040	33
2041	33
2042	28
2043	28
2044	43
2045	35
2046	30
2047	35
2048	28
2049	34
2050	21
2051	35
2052	43
2053	35
2054	26
2055	42
2056	23
2057	31
2058	23
2059	19
2060	35
2061	32
2062	27
2063	29
2064	32
2065	35
2066	34
2067	27
2068	25
2069	21
2070	32
2071	43
2072	34
2073	25
2074	42
2075	45
2076	27
2077	41
2078	31
2079	34
2080	38
2081	34
2082	38
2083	36
2084	36
2085	45
2086	39
2087	32
2088	31
2089	38
2090	37
2091	30
2092	36
2093	30
2094	42
2095	29
2096	32
2097	27
2098	45
2099	28
2100	41
2101	33
2102	38
2103	40
2104	33
2105	41
2106	29
2107	33
2108	34
2109	43
2110	41
2111	31
2112	29
2113	37
2114	32
2115	26
2116	32
2117	44
2118	40
2119	27
2120	30
2121	29
2122	37
2123	32
2124	28
2125	33
2126	38
2127	33
2128	32
2129	40
2130	27
2131	27
2132	19
2133	22
2134	38
2135	31
2136	32
2137	28
2138	42
2139	45
2140	42
2141	30
2142	32
2143	38
2144	38
2145	25
2146	35
2147	29
2148	28
2149	29
2150	35
2151	30
2152	28
2153	38
2154	28
2155	22
2156	32
2157	33
2158	38
2159	34
2160	32
2161	35
2162	36
2163	30
2164	38
2165	35
2166	38
2167	28
2168	21
2169	33
2170	43
2171	26
2172	28
2173	34
2174	35
2175	33
2176	26
2177	28
2178	40
2179	38
2180	29
2181	42
2182	38
2183	31
2184	29
2185	38
2186	29
2187	28
2188	30
2189	30
2190	27
2191	18
2192	39
2193	38
2194	31
2195	32
2196	29
2197	26
2198	35
2199	31
2200	39
2201	40
2202	36
2203	32
2204	26
2205	29
2206	31
2207	34
2208	38
2209	27
2210	38
2211	30
2212	31
2213	32
2214	32
2215	31
2216	33
2217	45
2218	35
2219	31
2220	44
2221	29
2222	34
2223	19
2224	29
2225	29
2226	37
2227	41
2228	31
2229	38
2230	32
2231	29
2232	37
2233	30
2234	31
2235	36
2236	38
2237	35
2238	39
2239	28
2240	26
2241	36
2242	41
2243	30
2244	45
2245	38
2246	37
2247	39
2248	27
2249	32
2250	27
2251	30
2252	26
2253	37
2254	40
2255	33
2256	35
2257	38
2258	34
2259	45
2260	33
2261	43
2262	29
2263	36
2264	36
2265	38
2266	29
2267	41
2268	34
2269	32
2270	38
2271	30
2272	30
2273	25
2274	42
2275	33
2276	31
2277	39
2278	35
2279	36
2280	48
2281	34
2282	37
2283	34
2284	28
2285	39
2286	44
2287	35
2288	38
2289	45
2290	31
2291	45
2292	31
2293	27
2294	42
2295	27
2296	33
2297	31
2298	36
2299	36
2300	44
2301	30
2302	24
2303	26
2304	31
2305	39
2306	30
2307	35
2308	44
2309	21
2310	30
2311	43
2312	34
2313	38
2314	29
2315	40
2316	34
2317	34
2318	35
2319	35
2320	38
2321	33
2322	35
2323	20
2324	39
2325	42
2326	38
2327	26
2328	29
2329	27
2330	41
2331	31
2332	41
2333	40
2334	44
2335	31
2336	33
2337	39
2338	37
2339	26
2340	40
2341	40
2342	37
2343	37
2344	43
2345	35
2346	41
2347	28
2348	30
2349	38
2350	37
2351	35
2352	35
2353	35
2354	38
2355	34
2356	40
2357	33
2358	42
2359	47
2360	33
2361	40
2362	32
2363	36
2364	43
2365	39
2366	33
2367	42
2368	31
2369	45
2370	38
2371	28
2372	32
2373	42
2374	35
2375	27
2376	38
2377	46
2378	36
2379	34
2380	42
2381	38
2382	36
2383	36
2384	38
2385	44
2386	32
2387	40
2388	35
2389	40
2390	42
2391	40
2392	52
2393	38
2394	36
2395	38
2396	37
2397	42
2398	36
2399	38
2400	44
2401	30
2402	31
2403	27
2404	40
2405	30
2406	39
2407	43
2408	46
2409	44
2410	38
2411	29
2412	43
2413	49
2414	39
2415	41
2416	30
2417	40
2418	35
2419	38
2420	36
2421	45
2422	49
2423	42
2424	45
2425	37
2426	48
2427	43
2428	36
2429	42
2430	36
2431	30
2432	36
2433	39
2434	44
2435	54
2436	42
2437	48
2438	38
2439	51
2440	51
2441	30
2442	48
2443	30
2444	40
2445	38
2446	36
2447	31
2448	64
2449	47
2450	34
2451	41
2452	34
2453	41
2454	31
2455	56
2456	42
2457	40
2458	43
2459	41
2460	39
2461	33
2462	55
2463	46
2464	41
2465	47
2466	38
2467	43
2468	42
2469	41
2470	48
2471	54
2472	40
2473	36
2474	45
2475	60
2476	51
2477	42
2478	38
2479	37
2480	50
2481	40
2482	37
2483	37
2484	51
2485	35
2486	37
2487	42
2488	47
2489	46
2490	35
2491	46
2492	48
2493	35
2494	51
2495	38
2496	40
2497	36
2498	31
2499	33
2500	45
2501	42
2502	47
2503	53
2504	48
2505	47
2506	47
2507	40
2508	31
2509	48
2510	46
2511	43
2512	39
2513	50
2514	44
2515	40
2516	39
2517	41
2518	49
2519	49
2520	52
2521	43
2522	41
2523	47
2524	49
2525	38
2526	45
2527	44
2528	56
2529	41
2530	46
2531	53
2532	52
2533	61
2534	44
2535	43
2536	49
2537	43
2538	49
2539	40
2540	31
2541	57
2542	47
2543	58
2544	42
2545	48
2546	47
2547	43
2548	38
2549	54
2550	54
2551	44
2552	42
2553	45
2554	45
2555	39
2556	36
2557	58
2558	52
2559	54
2560	40
2561	42
2562	50
2563	55
2564	43
2565	56
2566	42
2567	52
2568	43
2569	48
2570	39
2571	46
2572	39
2573	48
2574	52
2575	47
2576	39
2577	54
2578	51
2579	42
2580	43
2581	47
2582	43
2583	39
2584	51
2585	38
2586	47
2587	48
2588	62
2589	54
2590	47
2591	45
2592	57
2593	48
2594	35
2595	32
2596	42
2597	59
2598	47
2599	43
2600	44
2601	60
2602	49
2603	44
2604	59
2605	47
2606	38
2607	37
2608	38
2609	44
2610	54
2611	53
2612	56
2613	49
2614	44
2615	56
2616	46
2617	42
2618	42
2619	46
2620	48
2621	40
2622	40
2623	44
2624	46
2625	41
2626	47
2627	42
2628	37
2629	53
2630	45
2631	36
2632	47
2633	42
2634	56
2635	52
2636	55
2637	40
2638	56
2639	49
2640	51
2641	51
2642	40
2643	46
2644	40
2645	50
2646	50
2647	50
2648	45
2649	50
2650	41
2651	50
2652	57
2653	49
2654	57
2655	45
2656	54
2657	47
2658	43
2659	37
2660	57
2661	50
2662	45
2663	36
2664	47
2665	47
2666	38
2667	37
2668	43
2669	44
2670	53
2671	43
2672	49
2673	53
2674	52
2675	42
2676	41
2677	46
2678	42
2679	39
2680	47
2681	34
2682	40
2683	43
2684	57
2685	39
2686	50
2687	47
2688	39
2689	41
2690	42
2691	47
2692	46
2693	40
2694	60
2695	53
2696	46
2697	34
2698	45
2699	48
2700	50
2701	38
2702	40
2703	33
2704	42
2705	33
2706	32
2707	50
2708	40
2709	46
2710	53
2711	42
2712	44
2713	30
2714	37
2715	38
2716	45
2717	41
2718	39
2719	54
2720	33
2721	41
2722	37
2723	37
2724	45
2725	46
2726	43
2727	52
2728	40
2729	29
2730	54
2731	48
2732	39
2733	39
2734	45
2735	36
2736	36
2737	47
2738	48
2739	33
2740	43
2741	42
2742	36
2743	38
2744	30
2745	45
2746	42
2747	36
2748	46
2749	41
2750	36
2751	41
2752	31
2753	42
2754	36
2755	46
2756	27
2757	38
2758	37
2759	34
2760	44
2761	47
2762	38
2763	45
2764	39
2765	45
2766	42
2767	47
2768	38
2769	52
2770	37
2771	44
2772	45
2773	29
2774	48
2775	40
2776	48
2777	38
2778	37
2779	44
2780	32
2781	39
2782	42
2783	28
2784	23
2785	35
2786	39
2787	34
2788	50
2789	42
2790	41
2791	30
2792	45
2793	44
2794	37
2795	34
2796	44
2797	34
2798	26
2799	44
2800	38
2801	42
2802	37
2803	43
2804	33
2805	45
2806	31
2807	43
2808	37
2809	41
2810	44
2811	33
2812	33
2813	44
2814	48
2815	46
2816	52
2817	41
2818	39
2819	44
2820	45
2821	40
2822	33
2823	43
2824	37
2825	43
2826	37
2827	41
2828	41
2829	45
2830	40
2831	34
2832	40
2833	40
2834	31
2835	40
2836	30
2837	33
2838	33
2839	32
2840	36
2841	41
2842	46
2843	42
2844	30
2845	27
2846	45
2847	41
2848	34
2849	38
2850	45
2851	28
2852	35
2853	33
2854	44
2855	44
2856	47
2857	40
2858	35
2859	35
2860	39
2861	43
2862	42
2863	22
2864	41
2865	42
2866	52
2867	34
2868	29
2869	32
2870	31
2871	37
2872	34
2873	38
2874	33
2875	34
2876	24
2877	35
2878	40
2879	41
2880	44
2881	33
2882	44
2883	41
2884	41
2885	36
2886	36
2887	33
2888	39
2889	40
2890	38
2891	41
2892	49
2893	32
2894	38
2895	30
2896	33
2897	38
2898	40
2899	38
2900	46
2901	47
2902	36
2903	36
2904	30
2905	40
2906	32
2907	46
2908	25
2909	37
2910	43
2911	40
2912	36
2913	26
2914	30
2915	26
2916	33
2917	44
2918	30
2919	44
2920	35
2921	33
2922	37
2923	41
2924	35
2925	38
2926	38
2927	33
2928	40
2929	37
2930	34
2931	27
2932	39
2933	28
2934	28
2935	38
2936	24
2937	21
2938	35
2939	39
2940	30
2941	32
2942	35
2943	38
2944	33
2945	40
2946	50
2947	37
2948	42
2949	29
2950	41
2951	36
2952	25
2953	51
2954	50
2955	42
2956	28
2957	42
2958	32
2959	35
2960	33
2961	36
2962	41
2963	29
2964	36
2965	34
2966	31
2967	46
2968	27
2969	37
2970	34
2971	27
2972	33
2973	44
2974	42
2975	39
2976	39
2977	39
2978	34
2979	31
2980	41
2981	36
2982	36
2983	43
2984	37
2985	44
2986	33
2987	32
2988	30
2989	28
2990	32
2991	31
2992	31
2993	36
2994	43
2995	42
2996	43
2997	34
2998	35
2999	36
3000	52
3001	32
3002	24
3003	37
3004	37
3005	36
3006	43
3007	43
3008	36
3009	28
3010	49
3011	45
3012	34
3013	28
3014	42
3015	47
3016	40
3017	38
3018	28
3019	50
3020	35
3021	27
3022	32
3023	41
3024	31
3025	37
3026	36
3027	39
3028	45
3029	43
3030	57
3031	45
3032	39
3033	41
3034	44
3035	32
3036	28
3037	30
3038	33
3039	44
3040	38
3041	31
3042	46
3043	42
3044	50
3045	30
3046	36
3047	31
3048	27
3049	35
3050	39
3051	35
3052	29
3053	29
3054	34
3055	38
3056	32
3057	32
3058	44
3059	39
3060	32
3061	38
3062	33
3063	48
3064	37
3065	29
3066	41
3067	36
3068	35
3069	35
3070	34
3071	25
3072	38
3073	36
3074	47
3075	33
3076	36
3077	34
3078	29
3079	32
3080	30
3081	32
3082	30
3083	32
3084	27
3085	37
3086	35
3087	32
3088	39
3089	37
3090	43
3091	29
3092	44
3093	28
3094	39
3095	36
3096	31
3097	42
3098	26
3099	29
3100	33
3101	35
3102	37
3103	37
3104	42
3105	30
3106	32
3107	40
3108	53
3109	32
3110	27
3111	46
3112	38
3113	45
3114	34
3115	32
3116	37
3117	33
3118	35
3119	31
3120	33
3121	37
3122	26
3123	45
3124	33
3125	37
3126	31
3127	35
3128	34
3129	36
3130	26
3131	37
3132	33
3133	23
3134	30
3135	34
3136	26
3137	42
3138	37
3139	45
3140	34
3141	29
3142	43
3143	34
3144	41
3145	36
3146	35
3147	41
3148	41
3149	35
3150	26
3151	29
3152	42
3153	24
3154	26
3155	44
3156	34
3157	24
3158	47
3159	38
3160	42
3161	28
3162	32
3163	30
3164	45
3165	37
3166	31
3167	38
3168	27
3169	27
3170	27
3171	25
3172	38
3173	34
3174	31
3175	30
3176	30
3177	25
3178	31
3179	39
3180	29
3181	26
3182	30
3183	38
3184	38
3185	37
3186	36
3187	22
3188	32
3189	28
3190	35
3191	34
3192	45
3193	40
3194	44
3195	36
3196	37
3197	42
3198	28
3199	23
3200	30
3201	38
3202	33
3203	34
3204	41
3205	34
3206	22
3207	36
3208	31
3209	36
3210	33
3211	36
3212	33
3213	35
3214	26
3215	32
3216	31
3217	32
3218	39
3219	30
3220	20
3221	46
3222	37
3223	23
3224	42
3225	33
3226	31
3227	26
3228	27
3229	32
3230	33
3231	23
3232	33
3233	29
3234	33
3235	53
3236	33
3237	29
3238	35
3239	31
3240	30
3241	46
3242	32
3243	31
3244	31
3245	27
3246	33
3247	42
3248	23
3249	30
3250	26
3251	25
3252	37
3253	39
3254	27
3255	32
3256	37
3257	39
3258	30
3259	43
3260	26
3261	30
3262	37
3263	34
3264	34
3265	26
3266	33
3267	40
3268	31
3269	38
3270	34
3271	34
3272	30
3273	24
3274	35
3275	36
3276	29
3277	27
3278	31
3279	25
3280	41
3281	28
3282	42
3283	38
3284	34
3285	30
3286	43
3287	42
3288	33
3289	28
3290	26
3291	24
3292	39
3293	29
3294	38
3295	36
3296	29
3297	27
3298	38
3299	32
3300	38
3301	22
3302	23
3303	31
3304	32
3305	24
3306	28
3307	31
3308	24
3309	35
3310	33
3311	29
3312	32
3313	22
3314	32
3315	29
3316	25
3317	37
3318	34
3319	37
3320	23
3321	35
3322	44
3323	27
3324	29
3325	28
3326	32
3327	43
3328	36
3329	36
3330	33
3331	35
3332	29
3333	32
3334	34
3335	33
3336	39
3337	27
3338	30
3339	37
3340	25
3341	35
3342	37
3343	36
3344	44
3345	32
3346	36
3347	37
3348	32
3349	31
3350	30
3351	38
3352	37
3353	28
3354	35
3355	35
3356	40
3357	34
3358	35
3359	33
3360	28
3361	32
3362	27
3363	30
3364	33
3365	27
3366	36
3367	31
3368	37
3369	27
3370	39
3371	27
3372	35
3373	37
3374	29
3375	33
3376	34
3377	27
3378	27
3379	32
3380	38
3381	39
3382	33
3383	26
3384	29
3385	39
3386	29
3387	34
3388	35
3389	35
3390	38
3391	30
3392	34
3393	38
3394	32
3395	40
3396	33
3397	23
3398	45
3399	30
3400	31
3401	40
3402	28
3403	38
3404	38
3405	23
3406	31
3407	30
3408	24
3409	28
3410	34
3411	38
3412	32
3413	36
3414	35
3415	28
3416	29
3417	30
3418	36
3419	31
3420	28
3421	30
3422	34
3423	34
3424	27
3425	28
3426	41
3427	28
3428	36
3429	29
3430	33
3431	20
3432	31
3433	38
3434	29
3435	37
3436	31
3437	30
3438	30
3439	38
3440	40
3441	41
3442	41
3443	28
3444	36
3445	24
3446	21
3447	24
3448	36
3449	36
3450	31
3451	31
3452	29
3453	33
3454	38
3455	30
3456	30
3457	34
3458	30
3459	28
3460	27
3461	29
3462	25
3463	32
3464	26
3465	27
3466	34
3467	29
3468	24
3469	26
3470	36
3471	23
3472	38
3473	38
3474	27
3475	29
3476	24
3477	30
3478	25
3479	29
3480	36
3481	33
3482	27
3483	36
3484	36
3485	29
3486	30
3487	32
3488	37
3489	23
3490	36
3491	34
3492	29
3493	26
3494	30
3495	38
3496	32
3497	27
3498	36
3499	33
3500	41
3501	19
3502	23
3503	22
3504	30
3505	33
3506	22
3507	27
3508	25
3509	35
3510	28
3511	24
3512	26
3513	25
3514	32
3515	30
3516	35
3517	25
3518	42
3519	31
3520	25
3521	24
3522	21
3523	27
3524	32
3525	28
3526	30
3527	33
3528	29
3529	33
3530	29
3531	34
3532	31
3533	30
3534	23
3535	32
3536	20
3537	23
3538	29
3539	22
3540	14
3541	26
3542	28
3543	37
3544	30
3545	31
3546	38
3547	30
3548	25
3549	28
3550	35
3551	26
3552	34
3553	44
3554	32
3555	35
3556	31
3557	23
3558	33
3559	34
3560	24
3561	29
3562	28
3563	31
3564	26
3565	27
3566	26
3567	30
3568	30
3569	33
3570	24
3571	25
3572	24
3573	38
3574	33
3575	33
3576	31
3577	44
3578	17
3579	31
3580	31
3581	23
3582	24
3583	29
3584	31
3585	30
3586	25
3587	33
3588	25
3589	33
3590	32
3591	29
3592	27
3593	44
3594	27
3595	21
3596	20
3597	25
3598	28
3599	24
3600	19
3601	30
3602	22
3603	25
3604	29
3605	22
3606	27
3607	27
3608	23
3609	27
3610	36
3611	31
3612	39
3613	25
3614	31
3615	26
3616	33
3617	22
3618	31
3619	27
3620	23
3621	26
3622	31
3623	26
3624	42
3625	25
3626	25
3627	30
3628	41
3629	33
3630	31
3631	26
3632	29
3633	30
3634	30
3635	24
3636	26
3637	36
3638	22
3639	26
3640	21
3641	27
3642	31
3643	36
3644	36
3645	27
3646	30
3647	26
3648	23
3649	23
3650	23
3651	26
3652	35
3653	27
3654	22
3655	25
3656	26
3657	31
3658	23
3659	31
3660	32
3661	28
3662	26
3663	28
3664	28
3665	25
3666	26
3667	27
3668	25
3669	16
3670	21
3671	30
3672	29
3673	29
3674	20
3675	27
3676	25
3677	25
3678	30
3679	21
3680	27
3681	36
3682	28
3683	30
3684	31
3685	32
3686	36
3687	26
3688	26
3689	22
3690	23
3691	20
3692	26
3693	26
3694	27
3695	33
3696	30
3697	24
3698	30
3699	31
3700	28
3701	23
3702	18
3703	26
3704	21
3705	24
3706	30
3707	31
3708	27
3709	33
3710	27
3711	20
3712	25
3713	22
3714	34
3715	30
3716	34
3717	17
3718	23
3719	31
3720	26
3721	19
3722	20
3723	35
3724	27
3725	35
3726	32
3727	23
3728	26
3729	24
3730	27
3731	36
3732	21
3733	24
3734	14
3735	23
3736	24
3737	37
3738	26
3739	26
3740	28
3741	31
3742	29
3743	26
3744	31
3745	31
3746	22
3747	27
3748	32
3749	31
3750	26
3751	26
3752	22
3753	25
3754	24
3755	27
3756	24
3757	30
3758	27
3759	28
3760	29
3761	24
3762	25
3763	24
3764	26
3765	33
3766	23
3767	23
3768	25
3769	17
3770	32
3771	29
3772	31
3773	18
3774	31
3775	29
3776	27
3777	31
3778	22
3779	28
3780	19
3781	26
3782	31
3783	25
3784	25
3785	22
3786	18
3787	21
3788	27
3789	24
3790	36
3791	26
3792	23
3793	24
3794	40
3795	22
3796	32
3797	23
3798	42
3799	29
3800	35
3801	29
3802	32
3803	28
3804	31
3805	27
3806	21
3807	19
3808	26
3809	29
3810	28
3811	29
3812	19
3813	29
3814	31
3815	27
3816	23
3817	19
3818	31
3819	27
3820	17
3821	20
3822	27
3823	28
3824	25
3825	22
3826	17
3827	24
3828	31
3829	25
3830	29
3831	27
3832	25
3833	26
3834	21
3835	24
3836	28
3837	22
3838	35
3839	21
3840	25
3841	29
3842	26
3843	28
3844	23
3845	31
3846	30
3847	28
3848	19
3849	28
3850	25
3851	28
3852	19
3853	28
3854	29
3855	26
3856	17
3857	27
3858	29
3859	31
3860	25
3861	25
3862	28
3863	31
3864	32
3865	18
3866	27
3867	26
3868	36
3869	26
3870	24
3871	29
3872	24
3873	19
3874	30
3875	38
3876	21
3877	25
3878	25
3879	27
3880	25
3881	29
3882	29
3883	24
3884	17
3885	29
3886	37
3887	26
3888	29
3889	28
3890	21
3891	25
3892	26
3893	26
3894	24
3895	23
3896	37
3897	24
3898	24
3899	30
3900	24
3901	39
3902	23
3903	18
3904	28
3905	28
3906	33
3907	21
3908	24
3909	23
3910	30
3911	30
3912	23
3913	18
3914	32
3915	31
3916	27
3917	27
3918	26
3919	18
3920	20
3921	25
3922	20
3923	27
3924	23
3925	26
3926	28
3927	31
3928	30
3929	27
3930	31
3931	36
3932	28
3933	34
3934	31
3935	25
3936	24
3937	29
3938	22
3939	17
3940	26
3941	21
3942	27
3943	25
3944	30
3945	27
3946	25
3947	25
3948	23
3949	20
3950	19
3951	24
3952	26
3953	26
3954	24
3955	19
3956	25
3957	25
3958	26
3959	20
3960	22
3961	26
3962	22
3963	34
3964	13
3965	32
3966	33
3967	26
3968	31
3969	29
3970	30
3971	19
3972	26
3973	28
3974	18
3975	26
3976	17
3977	25
3978	34
3979	35
3980	33
3981	24
3982	25
3983	20
3984	22
3985	31
3986	33
3987	33
3988	24
3989	26
3990	20
3991	17
3992	25
3993	28
3994	33
3995	22
3996	32
3997	25
3998	28
3999	24
4000	23
4001	27
4002	20
4003	22
4004	22
4005	29
4006	24
4007	20
4008	32
4009	28
4010	26
4011	23
4012	29
4013	19
4014	32
4015	28
4016	26
4017	21
4018	26
4019	25
4020	19
4021	22
4022	24
4023	27
4024	21
4025	24
4026	29
4027	38
4028	25
4029	16
4030	23
4031	20
4032	24
4033	26
4034	31
4035	27
4036	34
4037	26
4038	22
4039	23
4040	24
4041	32
4042	25
4043	31
4044	21
4045	33
4046	22
4047	20
4048	25
4049	19
4050	26
4051	34
4052	22
4053	18
4054	20
4055	28
4056	22
4057	31
4058	21
4059	26
4060	26
4061	24
4062	15
4063	19
4064	25
4065	27
4066	24
4067	17
4068	31
4069	23
4070	24
4071	27
4072	24
4073	30
4074	30
4075	21
4076	25
4077	31
4078	32
4079	25
4080	14
4081	33
4082	27
4083	26
4084	25
4085	30
4086	27
4087	32
4088	35
4089	31
4090	18
4091	16
4092	30
4093	22
4094	29
4095	24
4096	24
4097	29
4098	29
4099	16
4100	31
4101	30
4102	22
4103	29
4104	13
4105	28
4106	22
4107	29
4108	23
4109	20
4110	25
4111	25
4112	26
4113	29
4114	17
4115	28
4116	39
4117	34
4118	22
4119	25
4120	17
4121	21
4122	31
4123	23
4124	37
4125	29
4126	29
4127	24
4128	22
4129	36
4130	29
4131	29
4132	13
4133	27
4134	14
4135	29
4136	32
4137	27
4138	22
4139	21
4140	23
4141	21
4142	23
4143	25
4144	20
4145	24
4146	32
4147	25
4148	29
4149	28
4150	25
4151	25
4152	21
4153	25
4154	21
4155	19
4156	21
4157	22
4158	23
4159	23
4160	27
4161	28
4162	30
4163	30
4164	28
4165	22
4166	24
4167	24
4168	24
4169	23
4170	25
4171	24
4172	26
4173	21
4174	31
4175	25
4176	21
4177	27
4178	21
4179	24
4180	21
4181	31
4182	19
4183	21
4184	25
4185	17
4186	28
4187	18
4188	29
4189	18
4190	24
4191	24
4192	22
4193	19
4194	28
4195	34
4196	24
4197	17
4198	30
4199	31
4200	32
4201	21
4202	27
4203	21
4204	29
4205	17
4206	25
4207	23
4208	34
4209	26
4210	31
4211	22
4212	29
4213	29
4214	17
4215	21
4216	21
4217	21
4218	29
4219	31
4220	35
4221	26
4222	22
4223	20
4224	22
4225	24
4226	22
4227	30
4228	29
4229	28
4230	25
4231	33
4232	16
4233	28
4234	21
4235	30
4236	18
4237	17
4238	30
4239	27
4240	17
4241	32
4242	24
4243	20
4244	21
4245	25
4246	22
4247	29
4248	36
4249	27
4250	20
4251	18
4252	26
4253	22
4254	28
4255	22
4256	20
4257	13
4258	28
4259	20
4260	21
4261	27
4262	25
4263	29
4264	30
4265	21
4266	28
4267	24
4268	28
4269	26
4270	18
4271	33
4272	24
4273	18
4274	19
4275	19
4276	27
4277	22
4278	25
4279	14
4280	27
4281	39
4282	20
4283	34
4284	26
4285	30
4286	22
4287	23
4288	23
4289	17
4290	16
4291	24
4292	29
4293	23
4294	23
4295	28
4296	21
4297	16
4298	24
4299	14
4300	25
4301	24
4302	29
4303	18
4304	24
4305	21
4306	25
4307	23
4308	13
4309	18
4310	27
4311	21
4312	26
4313	30
4314	22
4315	30
4316	28
4317	25
4318	23
4319	22
4320	26
4321	22
4322	17
4323	35
4324	26
4325	32
4326	26
4327	23
4328	23
4329	21
4330	28
4331	18
4332	30
4333	26
4334	21
4335	31
4336	24
4337	24
4338	26
4339	25
4340	29
4341	23
4342	20
4343	22
4344	30
4345	19
4346	30
4347	20
4348	24
4349	24
4350	25
4351	29
4352	28
4353	17
4354	29
4355	25
4356	18
4357	18
4358	20
4359	32
4360	24
4361	21
4362	27
4363	29
4364	29
4365	23
4366	15
4367	21
4368	32
4369	27
4370	24
4371	15
4372	39
4373	25
4374	27
4375	22
4376	24
4377	29
4378	27
4379	25
4380	25
4381	26
4382	15
4383	27
4384	27
4385	27
4386	35
4387	26
4388	18
4389	25
4390	27
4391	24
4392	17
4393	21
4394	27
4395	22
4396	21
4397	24
4398	17
4399	24
4400	32
4401	20
4402	26
4403	26
4404	21
4405	33
4406	22
4407	19
4408	25
4409	30
4410	27
4411	31
4412	21
4413	26
4414	28
4415	23
4416	30
4417	32
4418	24
4419	22
4420	24
4421	18
4422	26
4423	24
4424	22
4425	23
4426	24
4427	25
4428	25
4429	24
4430	22
4431	20
4432	36
4433	34
4434	20
4435	15
4436	17
4437	20
4438	28
4439	14
4440	28
4441	22
4442	22
4443	28
4444	22
4445	24
4446	22
4447	20
4448	27
4449	20
4450	19
4451	35
4452	28
4453	18
4454	34
4455	20
4456	21
4457	23
4458	25
4459	28
4460	40
4461	28
4462	19
4463	23
4464	30
4465	17
4466	30
4467	31
4468	22
4469	21
4470	29
4471	19
4472	25
4473	22
4474	22
4475	20
4476	22
4477	29
4478	23
4479	30
4480	32
4481	24
4482	36
4483	28
4484	22
4485	25
4486	22
4487	22
4488	34
4489	20
4490	24
4491	33
4492	27
4493	26
4494	36
4495	27
4496	14
4497	27
4498	17
4499	23
4500	24
4501	23
4502	19
4503	21
4504	25
4505	23
4506	32
4507	31
4508	21
4509	25
4510	24
4511	31
4512	20
4513	21
4514	38
4515	29
4516	20
4517	27
4518	26
4519	19
4520	20
4521	26
4522	30
4523	20
4524	23
4525	27
4526	29
4527	17
4528	20
4529	25
4530	22
4531	26
4532	20
4533	21
4534	17
4535	21
4536	30
4537	35
4538	20
4539	23
4540	14
4541	30
4542	19
4543	26
4544	22
4545	19
4546	22
4547	30
4548	31
4549	31
4550	21
4551	14
4552	28
4553	17
4554	30
4555	31
4556	24
4557	33
4558	25
4559	21
4560	31
4561	32
4562	18
4563	23
4564	25
4565	26
4566	28
4567	29
4568	25
4569	31
4570	22
4571	14
4572	23
4573	21
4574	17
4575	25
4576	23
4577	25
4578	26
4579	14
4580	25
4581	18
4582	25
4583	15
4584	28
4585	15
4586	29
4587	20
4588	27
4589	17
4590	22
4591	22
4592	19
4593	30
4594	23
4595	28
4596	24
4597	20
4598	20
4599	25
4600	24
4601	24
4602	25
4603	24
4604	25
4605	27
4606	34
4607	26
4608	24
4609	14
4610	13
4611	27
4612	26
4613	24
4614	23
4615	26
4616	27
4617	23
4618	20
4619	21
4620	28
4621	21
4622	22
4623	19
4624	20
4625	22
4626	26
4627	20
4628	28
4629	24
4630	15
4631	18
4632	32
4633	20
4634	25
4635	17
4636	20
4637	18
4638	21
4639	16
4640	17
4641	17
4642	27
4643	16
4644	28
4645	20
4646	26
4647	20
4648	24
4649	19
4650	18
4651	22
4652	22
4653	25
4654	16
4655	22
4656	14
4657	22
4658	19
4659	21
4660	21
4661	25
4662	20
4663	23
4664	11
4665	23
4666	24
4667	25
4668	35
4669	31
4670	17
4671	22
4672	25
4673	23
4674	18
4675	28
4676	26
4677	22
4678	22
4679	23
4680	22
4681	16
4682	22
4683	12
4684	25
4685	24
4686	19
4687	22
4688	22
4689	26
4690	20
4691	30
4692	13
4693	28
4694	22
4695	19
4696	28
4697	17
4698	22
4699	17
4700	18
4701	19
4702	14
4703	17
4704	33
4705	20
4706	16
4707	14
4708	22
4709	19
4710	21
4711	26
4712	19
4713	18
4714	23
4715	14
4716	21
4717	23
4718	15
4719	21
4720	23
4721	19
4722	20
4723	19
4724	17
4725	20
4726	19
4727	21
4728	16
4729	30
4730	23
4731	19
4732	24
4733	17
4734	21
4735	24
4736	21
4737	21
4738	15
4739	27
4740	14
4741	20
4742	25
4743	15
4744	30
4745	24
4746	29
4747	21
4748	24
4749	21
4750	18
4751	17
4752	19
4753	26
4754	15
4755	18
4756	25
4757	15
4758	15
4759	25
4760	16
4761	17
4762	19
4763	24
4764	16
4765	22
4766	19
4767	17
4768	20
4769	14
4770	21
4771	17
4772	17
4773	18
4774	20
4775	19
4776	16
4777	21
4778	17
4779	17
4780	18
4781	28
4782	15
4783	21
4784	23
4785	25
4786	18
4787	20
4788	22
4789	20
4790	17
4791	11
4792	26
4793	19
4794	14
4795	15
4796	22
4797	11
4798	19
4799	20
4800	21
4801	15
4802	16
4803	19
4804	11
4805	17
4806	17
4807	27
4808	19
4809	28
4810	22
4811	26
4812	19
4813	24
4814	23
4815	22
4816	21
4817	21
4818	15
4819	20
4820	16
4821	12
4822	23
4823	22
4824	13
4825	13
4826	14
4827	13
4828	10
4829	26
4830	14
4831	8
4832	15
4833	23
4834	15
4835	16
4836	19
4837	17
4838	15
4839	16
4840	16
4841	17
4842	11
4843	17
4844	17
4845	15
4846	11
4847	21
4848	15
4849	18
4850	15
4851	17
4852	14
4853	16
4854	12
4855	12
4856	13
4857	12
4858	18
4859	18
4860	20
4861	22
4862	17
4863	25
4864	18
4865	14
4866	12
4867	22
4868	17
4869	18
4870	11
4871	15
4872	22
4873	8
4874	21
4875	15
4876	15
4877	13
4878	16
4879	29
4880	7
4881	18
4882	17
4883	13
4884	19
4885	24
4886	13
4887	13
4888	16
4889	19
4890	18
4891	9
4892	8
4893	14
4894	14
4895	21
4896	15
4897	18
4898	18
4899	23
4900	13
4901	20
4902	15
4903	17
4904	17
4905	9
4906	14
4907	20
4908	13
4909	7
4910	26
4911	12
4912	16
4913	10
4914	9
4915	18
4916	14
4917	18
4918	15
4919	15
4920	13
4921	16
4922	13
4923	13
4924	17
4925	19
4926	22
4927	17
4928	18
4929	14
4930	19
4931	14
4932	15
4933	13
4934	13
4935	16
4936	19
4937	16
4938	21
4939	19
4940	19
4941	17
4942	18
4943	26
4944	14
4945	15
4946	15
4947	15
4948	18
4949	15
4950	15
4951	15
4952	8
4953	20
4954	12
4955	8
4956	17
4957	14
4958	13
4959	9
4960	12
4961	9
4962	10
4963	15
4964	12
4965	12
4966	10
4967	12
4968	15
4969	9
4970	7
4971	12
4972	15
4973	16
4974	12
4975	15
4976	14
4977	18
4978	16
4979	15
4980	17
4981	17
4982	25
4983	16
4984	13
4985	17
4986	13
4987	13
4988	13
4989	17
4990	12
4991	9
4992	10
4993	7
4994	18
4995	10
4996	13
4997	17
4998	15
4999	8
5000	11
5001	12
5002	10
5003	13
5004	16
5005	19
5006	14
5007	14
5008	11
5009	15
5010	15
5011	18
5012	13
5013	13
5014	14
5015	14
5016	12
5017	15
5018	13
5019	18
5020	10
5021	12
5022	15
5023	15
5024	7
5025	14
5026	12
5027	12
5028	14
5029	16
5030	11
5031	11
5032	17
5033	13
5034	9
5035	16
5036	8
5037	9
5038	14
5039	8
5040	13
5041	8
5042	10
5043	14
5044	15
5045	4
5046	12
5047	9
5048	12
5049	10
5050	8
5051	12
5052	10
5053	18
5054	13
5055	12
5056	12
5057	9
5058	13
5059	10
5060	14
5061	9
5062	18
5063	14
5064	10
5065	11
5066	14
5067	7
5068	8
5069	13
5070	15
5071	12
5072	8
5073	10
5074	15
5075	12
5076	11
5077	12
5078	14
5079	11
5080	11
5081	14
5082	13
5083	14
5084	12
5085	11
5086	11
5087	5
5088	13
5089	14
5090	17
5091	12
5092	15
5093	13
5094	13
5095	18
5096	9
5097	17
5098	14
5099	10
5100	15
5101	12
5102	10
5103	9
5104	15
5105	10
5106	9
5107	18
5108	9
5109	9
5110	15
5111	10
5112	9
5113	10
5114	10
5115	11
5116	12
5117	11
5118	9
5119	9
5120	7
5121	16
5122	13
5123	10
5124	9
5125	16
5126	15
5127	13
5128	10
5129	8
5130	14
5131	6
5132	16
5133	12
5134	13
5135	11
5136	10
5137	8
5138	6
5139	9
5140	11
5141	10
5142	12
5143	12
5144	14
5145	12
5146	16
5147	12
5148	6
5149	12
5150	10
5151	12
5152	13
5153	9
5154	11
5155	13
5156	8
5157	11
5158	14
5159	9
5160	6
5161	10
5162	7
5163	10
5164	9
5165	10
5166	12
5167	6
5168	20
5169	18
5170	12
5171	12
5172	12
5173	3
5174	13
5175	12
5176	7
5177	10
5178	7
5179	10
5180	19
5181	8
5182	11
5183	9
5184	16
5185	12
5186	9
5187	8
5188	7
5189	12
5190	15
5191	15
5192	11
5193	12
5194	10
5195	12
5196	10
5197	8
5198	8
5199	15
5200	11
5201	14
5202	11
5203	5
5204	9
5205	10
5206	8
5207	13
5208	12
5209	13
5210	12
5211	8
5212	16
5213	11
5214	12
5215	12
5216	6
5217	9
5218	17
5219	6
5220	14
5221	4
5222	8
5223	15
5224	5
5225	12
5226	10
5227	11
5228	9
5229	7
5230	10
5231	10
5232	13
5233	10
5234	9
5235	5
5236	8
5237	6
5238	10
5239	8
5240	9
5241	8
5242	6
5243	10
5244	9
5245	11
5246	12
5247	11
5248	13
5249	4
5250	17
5251	10
5252	12
5253	19
5254	18
5255	8
5256	12
5257	8
5258	12
5259	18
5260	15
5261	15
5262	7
5263	13
5264	8
5265	7
5266	5
5267	5
5268	10
5269	7
5270	8
5271	5
5272	12
5273	8
5274	13
5275	9
5276	14
5277	11
5278	15
5279	7
5280	8
5281	11
5282	10
5283	10
5284	5
5285	16
5286	10
5287	18
5288	5
5289	7
5290	9
5291	7
5292	16
5293	10
5294	16
5295	10
5296	8
5297	13
5298	11
5299	9
5300	6
5301	7
5302	8
5303	10
5304	7
5305	10
5306	5
5307	11
5308	8
5309	10
5310	10
5311	10
5312	11
5313	13
5314	7
5315	9
5316	8
5317	11
5318	6
5319	9
5320	11
5321	17
5322	8
5323	15
5324	7
5325	13
5326	9
5327	10
5328	13
5329	12
5330	12
5331	9
5332	12
5333	9
5334	7
5335	14
5336	10
5337	17
5338	11
5339	8
5340	12
5341	5
5342	9
5343	10
5344	14
5345	13
5346	7
5347	20
5348	10
5349	12
5350	5
5351	11
5352	8
5353	7
5354	12
5355	7
5356	7
5357	9
5358	11
5359	15
5360	9
5361	11
5362	5
5363	12
5364	15
5365	8
5366	11
5367	4
5368	10
5369	8
5370	9
5371	8
5372	9
5373	10
5374	16
5375	12
5376	7
5377	11
5378	12
5379	5
5380	12
5381	10
5382	8
5383	14
5384	18
5385	7
5386	11
5387	12
5388	9
5389	5
5390	12
5391	12
5392	10
5393	10
5394	3
5395	9
5396	13
5397	15
5398	9
5399	10
5400	10
5401	8
5402	10
5403	10
5404	15
5405	13
5406	5
5407	4
5408	4
5409	5
5410	16
5411	9
5412	8
5413	6
5414	9
5415	12
5416	10
5417	10
5418	8
5419	9
5420	7
5421	12
5422	9
5423	10
5424	6
5425	6
5426	6
5427	8
5428	17
5429	12
5430	11
5431	12
5432	6
5433	11
5434	9
5435	7
5436	10
5437	15
5438	10
5439	7
5440	11
5441	10
5442	4
5443	11
5444	12
5445	9
5446	5
5447	8
5448	4
5449	9
5450	7
5451	8
5452	5
5453	9
5454	17
5455	11
5456	14
5457	7
5458	9
5459	5
5460	10
5461	10
5462	9
5463	7
5464	10
5465	5
5466	10
5467	10
5468	4
5469	8
5470	15
5471	6
5472	5
5473	5
5474	12
5475	15
5476	9
5477	8
5478	11
5479	14
5480	10
5481	10
5482	11
5483	12
5484	6
5485	10
5486	10
5487	8
5488	5
5489	13
5490	6
5491	7
5492	10
5493	5
5494	7
5495	12
5496	10
5497	12
5498	13
5499	11
5500	7
5501	9
5502	8
5503	10
5504	7
5505	8
5506	7
5507	4
5508	8
5509	5
5510	8
5511	18
5512	7
5513	5
5514	4
5515	9
5516	8
5517	6
5518	14
5519	12
5520	11
5521	12
5522	4
5523	11
5524	11
5525	4
5526	7
5527	9
5528	15
5529	9
5530	12
5531	4
5532	10
5533	8
5534	10
5535	8
5536	5
5537	5
5538	11
5539	7
5540	6
5541	11
5542	11
5543	9
5544	7
5545	5
5546	4
5547	4
5548	9
5549	8
5550	4
5551	6
5552	7
5553	14
5554	11
5555	13
5556	12
5557	8
5558	12
5559	7
5560	9
5561	6
5562	10
5563	9
5564	11
5565	10
5566	4
5567	18
5568	11
5569	8
5570	10
5571	9
5572	8
5573	6
5574	11
5575	8
5576	8
5577	8
5578	14
5579	3
5580	5
5581	10
5582	13
5583	6
5584	8
5585	9
5586	10
5587	14
5588	15
5589	9
5590	14
5591	7
5592	11
5593	3
5594	7
5595	8
5596	10
5597	10
5598	7
5599	11
5600	12
5601	8
5602	9
5603	8
5604	7
5605	11
5606	8
5607	11
5608	8
5609	7
5610	10
5611	15
5612	11
5613	9
5614	8
5615	10
5616	10
5617	11
5618	11
5619	4
5620	13
5621	9
5622	8
5623	12
5624	11
5625	8
5626	6
5627	5
5628	10
5629	9
5630	6
5631	6
5632	13
5633	7
5634	9
5635	7
5636	5
5637	15
5638	13
5639	10
5640	8
5641	8
5642	7
5643	8
5644	10
5645	8
5646	5
5647	7
5648	9
5649	8
5650	7
5651	13
5652	10
5653	9
5654	6
5655	8
5656	7
5657	3
5658	5
5659	6
5660	13
5661	5
5662	5
5663	8
5664	6
5665	10
5666	12
5667	12
5668	11
5669	9
5670	6
5671	8
5672	5
5673	7
5674	8
5675	9
5676	8
5677	7
5678	5
5679	7
5680	3
5681	5
5682	14
5683	9
5684	6
5685	4
5686	8
5687	9
5688	14
5689	13
5690	9
5691	6
5692	4
5693	6
5694	12
5695	9
5696	4
5697	7
5698	7
5699	7
5700	2
5701	13
5702	12
5703	7
5704	9
5705	6
5706	5
5707	12
5708	5
5709	7
5710	12
5711	9
5712	10
5713	12
5714	9
5715	9
5716	9
5717	11
5718	10
5719	4
5720	6
5721	9
5722	11
5723	7
5724	7
5725	10
5726	4
5727	7
5728	8
5729	4
5730	7
5731	6
5732	6
5733	11
5734	9
5735	9
5736	7
5737	9
5738	11
5739	3
5740	12
5741	7
5742	8
5743	10
5744	8
5745	7
5746	11
5747	5
5748	9
5749	5
5750	10
5751	15
5752	9
5753	8
5754	11
5755	11
5756	12
5757	10
5758	6
5759	15
5760	12
5761	14
5762	8
5763	9
5764	6
5765	10
5766	6
5767	7
5768	11
5769	9
5770	7
5771	11
5772	7
5773	8
5774	6
5775	14
5776	17
5777	9
5778	10
5779	7
5780	8
5781	8
5782	9
5783	10
5784	4
5785	2
5786	7
5787	11
5788	14
5789	9
5790	5
5791	7
5792	7
5793	9
5794	6
5795	5
5796	4
5797	7
5798	11
5799	10
5800	11
5801	13
5802	9
5803	6
5804	9
5805	11
5806	2
5807	6
5808	12
5809	9
5810	9
5811	13
5812	11
5813	7
5814	7
5815	0
5816	9
5817	4
5818	13
5819	5
5820	7
5821	5
5822	6
5823	13
5824	9
5825	4
5826	11
5827	5
5828	5
5829	13
5830	10
5831	7
5832	11
5833	11
5834	12
5835	7
5836	11
5837	6
5838	5
5839	4
5840	6
5841	4
5842	7
5843	5
5844	5
5845	5
5846	6
5847	4
5848	9
5849	5
5850	5
5851	8
5852	8
5853	8
5854	4
5855	5
5856	10
5857	8
5858	11
5859	4
5860	7
5861	5
5862	7
5863	8
5864	8
5865	4
5866	10
5867	5
5868	9
5869	14
5870	7
5871	7
5872	8
5873	9
5874	13
5875	5
5876	5
5877	5
5878	14
5879	7
5880	10
5881	5
5882	11
5883	8
5884	5
5885	8
5886	9
5887	12
5888	7
5889	6
5890	13
5891	10
5892	7
5893	8
5894	8
5895	7
5896	7
5897	6
5898	4
5899	10
5900	6
5901	8
5902	4
5903	10
5904	5
5905	1
5906	8
5907	11
5908	10
5909	7
5910	11
5911	7
5912	7
5913	9
5914	10
5915	8
5916	5
5917	6
5918	7
5919	7
5920	9
5921	5
5922	11
5923	8
5924	5
5925	7
5926	6
5927	5
5928	9
5929	8
5930	10
5931	6
5932	7
5933	5
5934	2
5935	6
5936	5
5937	9
5938	7
5939	8
5940	3
5941	5
5942	5
5943	14
5944	11
5945	10
5946	3
5947	3
5948	6
5949	4
5950	11
5951	9
5952	11
5953	5
5954	9
5955	8
5956	9
5957	4
5958	7
5959	11
5960	9
5961	7
5962	6
5963	5
5964	6
5965	9
5966	5
5967	2
5968	9
5969	8
5970	10
5971	7
5972	8
5973	6
5974	7
5975	6
5976	8
5977	4
5978	3
5979	13
5980	11
5981	5
5982	2
5983	5
5984	8
5985	7
5986	9
5987	5
5988	9
5989	8
5990	8
5991	2
5992	6
5993	8
5994	7
5995	5
5996	11
5997	14
5998	8
5999	3
6000	6
6001	9
6002	8
6003	9
6004	6
6005	9
6006	12
6007	9
6008	9
6009	5
6010	9
6011	12
6012	10
6013	8
6014	10
6015	10
6016	11
6017	11
6018	8
6019	7
6020	5
6021	8
6022	7
6023	5
6024	11
6025	7
6026	6
6027	6
6028	7
6029	5
6030	5
6031	6
6032	8
6033	13
6034	4
6035	6
6036	3
6037	5
6038	13
6039	13
6040	13
6041	8
6042	7
6043	12
6044	6
6045	11
6046	13
6047	7
6048	8
6049	6
6050	6
6051	6
6052	3
6053	9
6054	7
6055	8
6056	11
6057	9
6058	3
6059	9
6060	9
6061	7
6062	5
6063	4
6064	10
6065	8
6066	6
6067	9
6068	11
6069	11
6070	8
6071	7
6072	8
6073	6
6074	10
6075	11
6076	9
6077	6
6078	3
6079	8
6080	8
6081	5
6082	8
6083	3
6084	4
6085	10
6086	9
6087	8
6088	5
6089	8
6090	5
6091	14
6092	10
6093	9
6094	9
6095	5
6096	6
6097	9
6098	9
6099	9
6100	9
6101	4
6102	10
6103	11
6104	4
6105	3
6106	15
6107	7
6108	11
6109	12
6110	5
6111	5
6112	4
6113	10
6114	5
6115	7
6116	13
6117	6
6118	5
6119	7
6120	3
6121	7
6122	5
6123	11
6124	6
6125	3
6126	2
6127	8
6128	5
6129	8
6130	8
6131	11
6132	6
6133	7
6134	8
6135	9
6136	7
6137	9
6138	2
6139	6
6140	4
6141	6
6142	6
6143	6
6144	5
6145	19
6146	7
6147	5
6148	8
6149	7
6150	8
6151	8
6152	9
6153	2
6154	13
6155	6
6156	7
6157	6
6158	3
6159	8
6160	9
6161	6
6162	8
6163	9
6164	7
6165	10
6166	7
6167	7
6168	6
6169	4
6170	9
6171	4
6172	10
6173	8
6174	6
6175	11
6176	3
6177	11
6178	10
6179	10
6180	7
6181	5
6182	4
6183	6
6184	3
6185	9
6186	9
6187	9
6188	10
6189	7
6190	7
6191	19
6192	8
6193	7
6194	5
6195	9
6196	9
6197	6
6198	8
6199	10
6200	8
6201	8
6202	9
6203	13
6204	11
6205	7
6206	1
6207	7
6208	6
6209	13
6210	6
6211	5
6212	6
6213	8
6214	12
6215	10
6216	4
6217	6
6218	8
6219	11
6220	12
6221	6
6222	5
6223	10
6224	6
6225	5
6226	7
6227	6
6228	3
6229	13
6230	5
6231	8
6232	14
6233	18
6234	7
6235	8
6236	6
6237	8
6238	3
6239	8
6240	6
6241	2
6242	7
6243	15
6244	6
6245	6
6246	9
6247	11
6248	10
6249	6
6250	11
6251	8
6252	10
6253	9
6254	8
6255	6
6256	3
6257	7
6258	7
6259	4
6260	11
6261	6
6262	3
6263	10
6264	6
6265	8
6266	11
6267	3
6268	4
6269	8
6270	6
6271	9
6272	6
6273	5
6274	6
6275	4
6276	7
6277	10
6278	8
6279	6
6280	6
6281	7
6282	10
6283	7
6284	11
6285	11
6286	1
6287	3
6288	2
6289	8
6290	11
6291	10
6292	10
6293	11
6294	8
6295	6
6296	5
6297	5
6298	13
6299	14
6300	6
6301	9
6302	5
6303	8
6304	5
6305	9
6306	7
6307	6
6308	7
6309	4
6310	4
6311	8
6312	8
6313	6
6314	8
6315	9
6316	7
6317	6
6318	10
6319	7
6320	9
6321	8
6322	7
6323	3
6324	7
6325	7
6326	8
6327	3
6328	5
6329	10
6330	6
6331	6
6332	12
6333	9
6334	7
6335	11
6336	7
6337	2
6338	4
6339	11
6340	7
6341	10
6342	5
6343	5
6344	6
6345	6
6346	5
6347	7
6348	8
6349	8
6350	5
6351	6
6352	5
6353	13
6354	3
6355	7
6356	9
6357	9
6358	4
6359	7
6360	6
6361	8
6362	8
6363	8
6364	14
6365	4
6366	5
6367	12
6368	12
6369	3
6370	4
6371	7
6372	3
6373	6
6374	11
6375	4
6376	6
6377	6
6378	3
6379	8
6380	7
6381	5
6382	11
6383	3
6384	10
6385	10
6386	7
6387	6
6388	7
6389	8
6390	3
6391	10
6392	10
6393	6
6394	4
6395	6
6396	7
6397	15
6398	7
6399	11
6400	8
6401	3
6402	9
6403	3
6404	9
6405	4
6406	5
6407	7
6408	9
6409	2
6410	11
6411	11
6412	14
6413	12
6414	12
6415	7
6416	6
6417	7
6418	11
6419	7
6420	5
6421	10
6422	11
6423	5
6424	10
6425	6
6426	8
6427	10
6428	10
6429	5
6430	8
6431	9
6432	8
6433	5
6434	8
6435	11
6436	5
6437	11
6438	4
6439	7
6440	4
6441	6
6442	8
6443	6
6444	9
6445	10
6446	7
6447	8
6448	9
6449	8
6450	7
6451	7
6452	10
6453	5
6454	5
6455	6
6456	2
6457	5
6458	9
6459	11
6460	9
6461	6
6462	7
6463	11
6464	9
6465	5
6466	4
6467	7
6468	6
6469	10
6470	4
6471	7
6472	8
6473	12
6474	4
6475	11
6476	5
6477	6
6478	10
6479	11
6480	5
6481	2
6482	6
6483	8
6484	8
6485	6
6486	8
6487	5
6488	5
6489	6
6490	3
6491	4
6492	10
6493	8
6494	11
6495	3
6496	6
6497	6
6498	14
6499	6
6500	10
6501	5
6502	8
6503	5
6504	8
6505	15
6506	10
6507	10
6508	8
6509	7
6510	5
6511	10
6512	7
6513	7
6514	2
6515	7
6516	5
6517	7
6518	5
6519	11
6520	10
6521	10
6522	11
6523	4
6524	7
6525	10
6526	9
6527	10
6528	8
6529	4
6530	6
6531	5
6532	7
6533	8
6534	3
6535	5
6536	11
6537	9
6538	4
6539	14
6540	7
6541	5
6542	1
6543	7
6544	5
6545	10
6546	8
6547	8
6548	7
6549	6
6550	9
6551	3
6552	6
6553	5
6554	7
6555	7
6556	8
6557	11
6558	10
6559	4
6560	8
6561	6
6562	6
6563	10
6564	2
6565	6
6566	9
6567	8
6568	9
6569	8
6570	7
6571	6
6572	6
6573	2
6574	6
6575	14
6576	11
6577	11
6578	6
6579	11
6580	8
6581	9
6582	8
6583	8
6584	4
6585	6
6586	8
6587	3
6588	8
6589	7
6590	4
6591	7
6592	6
6593	6
6594	10
6595	6
6596	8
6597	6
6598	3
6599	7
6600	9
6601	6
6602	9
6603	7
6604	13
6605	6
6606	6
6607	8
6608	5
6609	15
6610	8
6611	6
6612	8
6613	3
6614	8
6615	6
6616	5
6617	7
6618	7
6619	7
6620	7
6621	8
6622	4
6623	6
6624	6
6625	10
6626	14
6627	12
6628	6
6629	9
6630	15
6631	3
6632	6
6633	8
6634	8
6635	11
6636	7
6637	9
6638	10
6639	10
6640	6
6641	7
6642	8
6643	5
6644	7
6645	10
6646	11
6647	9
6648	12
6649	7
6650	3
6651	6
6652	14
6653	8
6654	7
6655	7
6656	7
6657	4
6658	7
6659	5
6660	5
6661	9
6662	13
6663	9
6664	9
6665	4
6666	8
6667	1
6668	9
6669	6
6670	4
6671	8
6672	10
6673	5
6674	12
6675	8
6676	9
6677	10
6678	7
6679	7
6680	13
6681	8
6682	9
6683	13
6684	10
6685	8
6686	5
6687	12
6688	6
6689	11
6690	7
6691	8
6692	9
6693	12
6694	5
6695	8
6696	6
6697	8
6698	11
6699	4
6700	12
6701	4
6702	12
6703	8
6704	10
6705	8
6706	8
6707	6
6708	7
6709	9
6710	9
6711	6
6712	8
6713	10
6714	3
6715	8
6716	10
6717	10
6718	13
6719	5
6720	10
6721	10
6722	5
6723	7
6724	8
6725	4
6726	5
6727	9
6728	8
6729	8
6730	5
6731	10
6732	12
6733	13
6734	8
6735	7
6736	5
6737	11
6738	6
6739	8
6740	16
6741	10
6742	7
6743	12
6744	8
6745	8
6746	17
6747	13
6748	9
6749	7
6750	13
6751	5
6752	8
6753	7
6754	3
6755	8
6756	8
6757	15
6758	5
6759	12
6760	5
6761	7
6762	7
6763	14
6764	14
6765	8
6766	14
6767	11
6768	10
6769	9
6770	14
6771	10
6772	14
6773	8
6774	5
6775	6
6776	11
6777	8
6778	11
6779	12
6780	9
6781	5
6782	10
6783	12
6784	15
6785	7
6786	10
6787	9
6788	6
6789	9
6790	8
6791	14
6792	13
6793	10
6794	6
6795	7
6796	14
6797	8
6798	8
6799	18
6800	12
6801	8
6802	10
6803	11
6804	15
6805	9
6806	10
6807	17
6808	6
6809	6
6810	14
6811	2
6812	10
6813	10
6814	14
6815	7
6816	14
6817	11
6818	9
6819	10
6820	11
6821	9
6822	15
6823	11
6824	9
6825	12
6826	14
6827	15
6828	7
6829	15
6830	11
6831	13
6832	16
6833	13
6834	15
6835	9
6836	8
6837	15
6838	15
6839	10
6840	19
6841	16
6842	16
6843	14
6844	13
6845	8
6846	12
6847	9
6848	10
6849	15
6850	12
6851	16
6852	18
6853	16
6854	11
6855	14
6856	15
6857	9
6858	14
6859	12
6860	15
6861	8
6862	22
6863	19
6864	16
6865	13
6866	15
6867	11
6868	19
6869	17
6870	18
6871	17
6872	17
6873	11
6874	12
6875	17
6876	13
6877	16
6878	27
6879	19
6880	23
6881	13
6882	19
6883	12
6884	23
6885	18
6886	16
6887	21
6888	15
6889	16
6890	16
6891	20
6892	20
6893	20
6894	23
6895	18
6896	16
6897	17
6898	10
6899	21
6900	16
6901	18
6902	19
6903	14
6904	22
6905	16
6906	21
6907	19
6908	24
6909	17
6910	20
6911	18
6912	25
6913	26
6914	18
6915	31
6916	17
6917	24
6918	27
6919	35
6920	19
6921	24
6922	18
6923	23
6924	27
6925	21
6926	22
6927	23
6928	22
6929	26
6930	30
6931	29
6932	24
6933	23
6934	17
6935	25
6936	27
6937	27
6938	15
6939	18
6940	23
6941	36
6942	23
6943	29
6944	20
6945	25
6946	27
6947	22
6948	26
6949	27
6950	24
6951	23
6952	16
6953	24
6954	26
6955	25
6956	26
6957	22
6958	26
6959	39
6960	21
6961	30
6962	26
6963	31
6964	18
6965	26
6966	31
6967	28
6968	29
6969	27
6970	38
6971	30
6972	24
6973	24
6974	23
6975	30
6976	29
6977	33
6978	27
6979	30
6980	44
6981	26
6982	43
6983	27
6984	40
6985	35
6986	39
6987	47
6988	33
6989	31
6990	40
6991	26
6992	31
6993	46
6994	32
6995	37
6996	38
6997	34
6998	33
6999	37
7000	38
7001	40
7002	37
7003	34
7004	36
7005	31
7006	36
7007	38
7008	51
7009	27
7010	32
7011	40
7012	42
7013	49
7014	39
7015	35
7016	27
7017	40
7018	39
7019	38
7020	36
7021	43
7022	44
7023	35
7024	34
7025	32
7026	36
7027	57
7028	41
7029	35
7030	48
7031	40
7032	40
7033	36
7034	44
7035	47
7036	50
7037	52
7038	41
7039	51
7040	43
7041	51
7042	43
7043	41
7044	48
7045	50
7046	51
7047	46
7048	45
7049	61
7050	49
7051	61
7052	59
7053	52
7054	45
7055	51
7056	51
7057	64
7058	48
7059	65
7060	53
7061	57
7062	55
7063	52
7064	60
7065	58
7066	53
7067	50
7068	65
7069	59
7070	56
7071	65
7072	66
7073	53
7074	66
7075	73
7076	46
7077	62
7078	43
7079	44
7080	49
7081	60
7082	53
7083	71
7084	56
7085	64
7086	54
7087	60
7088	60
7089	66
7090	62
7091	67
7092	70
7093	60
7094	68
7095	83
7096	58
7097	60
7098	52
7099	71
7100	52
7101	58
7102	56
7103	59
7104	60
7105	63
7106	57
7107	79
7108	64
7109	76
7110	64
7111	85
7112	80
7113	83
7114	72
7115	70
7116	76
7117	61
7118	63
7119	69
7120	77
7121	84
7122	62
7123	68
7124	68
7125	73
7126	90
7127	78
7128	82
7129	81
7130	74
7131	96
7132	87
7133	75
7134	70
7135	66
7136	79
7137	73
7138	89
7139	98
7140	88
7141	85
7142	93
7143	86
7144	89
7145	78
7146	73
7147	78
7148	76
7149	84
7150	95
7151	90
7152	95
7153	103
7154	79
7155	78
7156	101
7157	86
7158	80
7159	78
7160	99
7161	79
7162	104
7163	93
7164	77
7165	90
7166	92
7167	101
7168	90
7169	117
7170	91
7171	105
7172	105
7173	102
7174	86
7175	97
7176	101
7177	99
7178	111
7179	121
7180	85
7181	103
7182	104
7183	100
7184	102
7185	113
7186	103
7187	92
7188	105
7189	118
7190	97
7191	108
7192	95
7193	111
7194	114
7195	101
7196	107
7197	97
7198	106
7199	105
7200	114
7201	118
7202	119
7203	111
7204	105
7205	119
7206	99
7207	121
7208	94
7209	106
7210	104
7211	113
7212	107
7213	112
7214	117
7215	121
7216	129
7217	121
7218	98
7219	111
7220	119
7221	119
7222	118
7223	104
7224	108
7225	100
7226	107
7227	111
7228	105
7229	97
7230	130
7231	128
7232	112
7233	130
7234	116
7235	109
7236	112
7237	119
7238	119
7239	105
7240	135
7241	108
7242	144
7243	138
7244	121
7245	127
7246	118
7247	113
7248	134
7249	127
7250	133
7251	131
7252	118
7253	116
7254	118
7255	134
7256	123
7257	120
7258	152
7259	136
7260	125
7261	150
7262	128
7263	125
7264	147
7265	119
7266	126
7267	130
7268	135
7269	146
7270	143
7271	141
7272	160
7273	135
7274	154
7275	131
7276	147
7277	124
7278	143
7279	128
7280	136
7281	135
7282	158
7283	167
7284	171
7285	122
7286	121
7287	135
7288	130
7289	137
7290	156
7291	139
7292	146
7293	162
7294	131
7295	150
7296	149
7297	149
7298	129
7299	152
7300	135
7301	148
7302	143
7303	156
7304	146
7305	134
7306	142
7307	145
7308	142
7309	138
7310	129
7311	158
7312	157
7313	142
7314	172
7315	156
7316	140
7317	131
7318	136
7319	168
7320	147
7321	146
7322	118
7323	153
7324	149
7325	172
7326	155
7327	133
7328	140
7329	153
7330	142
7331	138
7332	151
7333	146
7334	130
7335	160
7336	139
7337	144
7338	150
7339	159
7340	164
7341	162
7342	170
7343	150
7344	174
7345	166
7346	135
7347	145
7348	171
7349	178
7350	157
7351	178
7352	156
7353	143
7354	152
7355	154
7356	169
7357	154
7358	144
7359	150
7360	149
7361	173
7362	156
7363	171
7364	161
7365	177
7366	153
7367	159
7368	159
7369	169
7370	163
7371	166
7372	146
7373	179
7374	157
7375	191
7376	164
7377	154
7378	161
7379	168
7380	165
7381	174
7382	164
7383	184
7384	169
7385	142
7386	155
7387	135
7388	167
7389	158
7390	179
7391	142
7392	172
7393	166
7394	167
7395	157
7396	155
7397	156
7398	151
7399	160
7400	184
7401	156
7402	140
7403	170
7404	159
7405	166
7406	146
7407	132
7408	149
7409	164
7410	162
7411	182
7412	163
7413	170
7414	166
7415	165
7416	162
7417	169
7418	164
7419	165
7420	176
7421	173
7422	166
7423	175
7424	188
7425	152
7426	174
7427	168
7428	157
7429	165
7430	133
7431	163
7432	177
7433	148
7434	159
7435	168
7436	161
7437	183
7438	165
7439	173
7440	166
7441	167
7442	160
7443	198
7444	141
7445	182
7446	161
7447	157
7448	178
7449	143
7450	156
7451	160
7452	184
7453	170
7454	169
7455	161
7456	147
7457	138
7458	145
7459	172
7460	162
7461	161
7462	180
7463	149
7464	155
7465	161
7466	155
7467	167
7468	155
7469	147
7470	175
7471	188
7472	149
7473	148
7474	180
7475	197
7476	182
7477	165
7478	148
7479	159
7480	161
7481	157
7482	171
7483	169
7484	149
7485	163
7486	156
7487	133
7488	178
7489	162
7490	178
7491	160
7492	139
7493	150
7494	164
7495	137
7496	129
7497	153
7498	152
7499	160
7500	132
7501	152
7502	179
7503	148
7504	158
7505	135
7506	129
7507	143
7508	158
7509	163
7510	178
7511	133
7512	162
7513	153
7514	156
7515	146
7516	147
7517	168
7518	158
7519	147
7520	143
7521	172
7522	151
7523	145
7524	177
7525	140
7526	146
7527	150
7528	160
7529	156
7530	120
7531	145
7532	153
7533	139
7534	140
7535	148
7536	133
7537	148
7538	129
7539	130
7540	147
7541	133
7542	149
7543	143
7544	143
7545	153
7546	133
7547	151
7548	140
7549	159
7550	150
7551	143
7552	152
7553	149
7554	130
7555	132
7556	128
7557	138
7558	123
7559	127
7560	130
7561	143
7562	145
7563	138
7564	148
7565	125
7566	139
7567	137
7568	136
7569	120
7570	135
7571	115
7572	116
7573	136
7574	163
7575	128
7576	116
7577	140
7578	124
7579	143
7580	143
7581	121
7582	126
7583	123
7584	131
7585	118
7586	119
7587	99
7588	123
7589	133
7590	126
7591	123
7592	131
7593	137
7594	131
7595	137
7596	123
7597	125
7598	124
7599	104
7600	102
7601	118
7602	133
7603	127
7604	117
7605	123
7606	110
7607	93
7608	113
7609	90
7610	105
7611	105
7612	98
7613	120
7614	119
7615	113
7616	123
7617	102
7618	108
7619	87
7620	114
7621	115
7622	100
7623	122
7624	107
7625	126
7626	105
7627	97
7628	111
7629	118
7630	102
7631	117
7632	101
7633	112
7634	117
7635	105
7636	93
7637	126
7638	95
7639	97
7640	103
7641	100
7642	99
7643	90
7644	99
7645	86
7646	102
7647	96
7648	98
7649	88
7650	92
7651	93
7652	83
7653	93
7654	87
7655	97
7656	96
7657	93
7658	90
7659	84
7660	96
7661	90
7662	84
7663	96
7664	94
7665	104
7666	85
7667	82
7668	88
7669	91
7670	83
7671	107
7672	86
7673	97
7674	86
7675	84
7676	71
7677	78
7678	75
7679	74
7680	92
7681	84
7682	80
7683	82
7684	70
7685	70
7686	83
7687	96
7688	69
7689	78
7690	71
7691	59
7692	72
7693	85
7694	84
7695	82
7696	75
7697	90
7698	83
7699	88
7700	62
7701	74
7702	64
7703	65
7704	68
7705	79
7706	79
7707	61
7708	73
7709	73
7710	72
7711	79
7712	85
7713	70
7714	91
7715	80
7716	70
7717	66
7718	59
7719	73
7720	52
7721	67
7722	57
7723	61
7724	53
7725	62
7726	64
7727	53
7728	67
7729	56
7730	58
7731	56
7732	69
7733	56
7734	55
7735	71
7736	65
7737	69
7738	50
7739	59
7740	57
7741	51
7742	62
7743	51
7744	65
7745	63
7746	58
7747	50
7748	53
7749	62
7750	52
7751	51
7752	45
7753	53
7754	55
7755	57
7756	59
7757	56
7758	50
7759	52
7760	55
7761	50
7762	58
7763	48
7764	56
7765	65
7766	47
7767	40
7768	63
7769	53
7770	39
7771	48
7772	50
7773	44
7774	47
7775	63
7776	49
7777	47
7778	45
7779	42
7780	49
7781	50
7782	39
7783	42
7784	45
7785	42
7786	46
7787	49
7788	52
7789	32
7790	43
7791	43
7792	45
7793	44
7794	37
7795	46
7796	48
7797	32
7798	48
7799	43
7800	38
7801	39
7802	33
7803	36
7804	37
7805	39
7806	38
7807	39
7808	40
7809	35
7810	38
7811	29
7812	36
7813	32
7814	28
7815	22
7816	32
7817	37
7818	29
7819	36
7820	35
7821	31
7822	38
7823	25
7824	35
7825	34
7826	17
7827	39
7828	32
7829	26
7830	34
7831	36
7832	31
7833	35
7834	32
7835	20
7836	28
7837	28
7838	30
7839	31
7840	33
7841	25
7842	31
7843	33
7844	26
7845	21
7846	31
7847	25
7848	41
7849	27
7850	17
7851	18
7852	33
7853	24
7854	26
7855	25
7856	14
7857	30
7858	30
7859	26
7860	30
7861	20
7862	31
7863	28
7864	19
7865	26
7866	29
7867	22
7868	16
7869	22
7870	24
7871	20
7872	25
7873	21
7874	24
7875	12
7876	17
7877	14
7878	13
7879	21
7880	23
7881	16
7882	22
7883	18
7884	16
7885	22
7886	23
7887	13
7888	20
7889	14
7890	15
7891	18
7892	17
7893	22
7894	17
7895	15
7896	17
7897	20
7898	19
7899	18
7900	20
7901	25
7902	21
7903	20
7904	20
7905	18
7906	16
7907	15
7908	10
7909	17
7910	17
7911	15
7912	13
7913	14
7914	14
7915	19
7916	9
7917	14
7918	13
7919	19
7920	16
7921	15
7922	25
7923	4
7924	14
7925	15
7926	18
7927	16
7928	15
7929	17
7930	12
7931	11
7932	11
7933	12
7934	23
7935	17
7936	15
7937	19
7938	12
7939	12
7940	15
7941	13
7942	22
7943	8
7944	8
7945	14
7946	9
7947	12
7948	12
7949	14
7950	16
7951	11
7952	17
7953	20
7954	10
7955	10
7956	9
7957	4
7958	9
7959	9
7960	10
7961	9
7962	11
7963	12
7964	12
7965	12
7966	13
7967	13
7968	11
7969	7
7970	11
7971	15
7972	5
7973	10
7974	10
7975	8
7976	14
7977	12
7978	6
7979	13
7980	8
7981	11
7982	12
7983	10
7984	7
7985	5
7986	17
7987	7
7988	11
7989	11
7990	8
7991	6
7992	8
7993	5
7994	7
7995	12
7996	8
7997	9
7998	10
7999	8
8000	17
8001	11
8002	6
8003	9
8004	7
8005	9
8006	7
8007	10
8008	9
8009	11
8010	15
8011	4
8012	7
8013	5
8014	6
8015	8
8016	11
8017	12
8018	8
8019	5
8020	11
8021	5
8022	6
8023	5
8024	7
8025	4
8026	2
8027	8
8028	10
8029	4
8030	6
8031	8
8032	4
8033	7
8034	8
8035	4
8036	5
8037	10
8038	8
8039	7
8040	6
8041	7
8042	4
8043	11
8044	8
8045	9
8046	10
8047	9
8048	7
8049	6
8050	7
8051	5
8052	6
8053	4
8054	6
8055	4
8056	5
8057	7
8058	5
8059	6
8060	4
8061	4
8062	8
8063	3
8064	7
8065	8
8066	7
8067	7
8068	8
8069	9
8070	7
8071	14
8072	5
8073	9
8074	7
8075	3
8076	3
8077	1
8078	11
8079	2
8080	2
8081	7
8082	6
8083	4
8084	7
8085	10
8086	8
8087	6
8088	4
8089	6
8090	8
8091	7
8092	2
8093	1
8094	0
8095	1
8096	0
8097	0
8098	0
8099	0
8100	0
8101	0
8102	0
8103	0
8104	0
8105	0
8106	0
8107	0
8108	0
8109	0
8110	0
8111	0
8112	0
8113	0
8114	0
8115	0
8116	0
8117	0
8118	0
8119	0
8120	0
8121	0
8122	0
8123	0
8124	0
8125	0
8126	0
8127	0
8128	0
8129	0
8130	0
8131	0
8132	0
8133	0
8134	0
8135	0
8136	0
8137	0
8138	0
8139	0
8140	0
8141	0
8142	0
8143	0
8144	0
8145	0
8146	0
8147	0
8148	0
8149	0
8150	0
8151	0
8152	0
8153	0
8154	0
8155	0
8156	0
8157	0
8158	0
8159	0
8160	0
8161	0
8162	0
8163	0
8164	0
8165	0
8166	0
8167	0
8168	0
8169	0
8170	0
8171	0
8172	0
8173	0
8174	0
8175	0
8176	0
8177	0
8178	0
8179	0
8180	0
8181	0
8182	0
8183	0
8184	0
8185	0
8186	0
8187	0
8188	0
8189	0
8190	0
8191	0
