0	0
1	0
2	0
3	0
4	0
5	0
6	0
7	0
8	0
9	0
10	0
11	0
12	0
13	0
14	0
15	0
16	0
17	0
18	0
19	0
20	0
21	0
22	0
23	0
24	0
25	0
26	0
27	0
28	0
29	0
30	0
31	0
32	0
33	0
34	0
35	0
36	0
37	0
38	0
39	0
40	0
41	0
42	0
43	0
44	0
45	0
46	0
47	0
48	0
49	0
50	0
51	0
52	0
53	0
54	0
55	0
56	0
57	0
58	0
59	0
60	0
61	0
62	0
63	0
64	0
65	0
66	0
67	0
68	0
69	0
70	0
71	0
72	0
73	0
74	0
75	0
76	0
77	0
78	0
79	0
80	0
81	0
82	0
83	0
84	0
85	0
86	0
87	0
88	0
89	0
90	0
91	0
92	0
93	0
94	0
95	0
96	0
97	0
98	0
99	0
100	0
101	0
102	0
103	0
104	0
105	0
106	0
107	0
108	0
109	0
110	0
111	0
112	0
113	0
114	0
115	0
116	0
117	0
118	0
119	0
120	0
121	0
122	0
123	0
124	0
125	0
126	0
127	0
128	0
129	0
130	0
131	0
132	0
133	0
134	0
135	0
136	0
137	0
138	0
139	0
140	0
141	0
142	0
143	0
144	0
145	0
146	0
147	0
148	0
149	0
150	0
151	0
152	0
153	0
154	0
155	0
156	0
157	0
158	0
159	0
160	0
161	0
162	0
163	0
164	0
165	0
166	0
167	0
168	0
169	0
170	0
171	0
172	0
173	0
174	0
175	0
176	0
177	0
178	0
179	0
180	0
181	0
182	0
183	0
184	0
185	0
186	0
187	0
188	0
189	0
190	0
191	0
192	0
193	0
194	0
195	0
196	0
197	0
198	0
199	0
200	1
201	0
202	0
203	0
204	1
205	1
206	1
207	8
208	5
209	5
210	5
211	5
212	3
213	12
214	6
215	13
216	10
217	9
218	7
219	10
220	8
221	4
222	7
223	3
224	4
225	9
226	7
227	8
228	14
229	10
230	5
231	10
232	6
233	8
234	7
235	12
236	10
237	7
238	10
239	14
240	13
241	10
242	14
243	7
244	9
245	8
246	7
247	15
248	11
249	8
250	15
251	7
252	13
253	13
254	7
255	14
256	8
257	7
258	10
259	14
260	6
261	8
262	20
263	11
264	8
265	9
266	14
267	11
268	13
269	18
270	12
271	24
272	13
273	16
274	17
275	8
276	19
277	17
278	16
279	14
280	12
281	14
282	18
283	13
284	14
285	12
286	14
287	11
288	18
289	16
290	24
291	17
292	10
293	15
294	19
295	18
296	13
297	17
298	7
299	20
300	21
301	15
302	15
303	13
304	22
305	13
306	17
307	15
308	14
309	27
310	22
311	16
312	24
313	18
314	25
315	22
316	21
317	19
318	18
319	17
320	12
321	21
322	22
323	17
324	17
325	11
326	17
327	13
328	17
329	17
330	15
331	22
332	12
333	26
334	18
335	18
336	17
337	20
338	26
339	14
340	21
341	21
342	21
343	24
344	16
345	25
346	17
347	21
348	29
349	21
350	23
351	14
352	19
353	20
354	22
355	23
356	12
357	20
358	22
359	27
360	29
361	28
362	35
363	23
364	23
365	26
366	23
367	22
368	22
369	17
370	20
371	27
372	18
373	26
374	29
375	28
376	26
377	25
378	29
379	30
380	27
381	25
382	29
383	22
384	25
385	23
386	37
387	28
388	36
389	36
390	34
391	26
392	30
393	20
394	23
395	36
396	22
397	27
398	38
399	25
400	19
401	36
402	33
403	23
404	38
405	29
406	29
407	32
408	32
409	40
410	28
411	26
412	33
413	41
414	31
415	30
416	33
417	27
418	43
419	41
420	48
421	32
422	41
423	27
424	43
425	37
426	45
427	39
428	27
429	34
430	40
431	33
432	39
433	37
434	46
435	38
436	31
437	41
438	34
439	29
440	37
441	33
442	47
443	38
444	53
445	37
446	37
447	38
448	42
449	30
450	49
451	33
452	39
453	36
454	42
455	47
456	32
457	34
458	33
459	32
460	31
461	46
462	43
463	27
464	49
465	28
466	40
467	47
468	52
469	42
470	36
471	42
472	41
473	38
474	27
475	37
476	34
477	48
478	50
479	44
480	54
481	38
482	46
483	47
484	38
485	45
486	46
487	51
488	55
489	36
490	38
491	45
492	44
493	55
494	40
495	50
496	50
497	63
498	63
499	41
500	40
501	55
502	44
503	51
504	59
505	32
506	44
507	40
508	56
509	40
510	47
511	49
512	52
513	59
514	49
515	48
516	44
517	52
518	41
519	49
520	46
521	51
522	50
523	48
524	53
525	50
526	39
527	72
528	45
529	49
530	52
531	58
532	59
533	54
534	66
535	52
536	66
537	49
538	52
539	51
540	53
541	52
542	56
543	38
544	54
545	52
546	62
547	61
548	63
549	55
550	48
551	53
552	55
553	47
554	56
555	69
556	55
557	51
558	73
559	54
560	53
561	55
562	66
563	63
564	75
565	57
566	56
567	57
568	58
569	67
570	65
571	66
572	56
573	57
574	57
575	62
576	62
577	61
578	50
579	49
580	59
581	63
582	51
583	61
584	66
585	63
586	60
587	60
588	61
589	60
590	58
591	59
592	70
593	62
594	68
595	64
596	66
597	65
598	79
599	58
600	45
601	60
602	58
603	55
604	66
605	69
606	57
607	46
608	69
609	76
610	66
611	73
612	70
613	84
614	57
615	69
616	68
617	71
618	84
619	59
620	54
621	70
622	67
623	64
624	74
625	89
626	59
627	85
628	82
629	62
630	54
631	60
632	72
633	83
634	60
635	63
636	73
637	55
638	71
639	85
640	70
641	75
642	76
643	61
644	75
645	79
646	73
647	64
648	68
649	73
650	90
651	81
652	73
653	78
654	60
655	66
656	76
657	72
658	61
659	75
660	77
661	84
662	84
663	72
664	59
665	74
666	76
667	86
668	86
669	75
670	76
671	87
672	79
673	67
674	86
675	85
676	88
677	77
678	60
679	76
680	79
681	71
682	76
683	64
684	78
685	74
686	68
687	71
688	63
689	70
690	82
691	74
692	79
693	65
694	69
695	82
696	82
697	74
698	87
699	80
700	80
701	68
702	91
703	72
704	96
705	78
706	67
707	83
708	76
709	79
710	79
711	73
712	81
713	69
714	87
715	84
716	75
717	93
718	88
719	82
720	63
721	79
722	94
723	78
724	80
725	71
726	85
727	68
728	88
729	79
730	88
731	90
732	70
733	76
734	86
735	86
736	89
737	89
738	58
739	84
740	67
741	70
742	88
743	79
744	96
745	84
746	88
747	74
748	80
749	80
750	76
751	88
752	96
753	66
754	89
755	75
756	84
757	89
758	74
759	77
760	98
761	80
762	77
763	80
764	84
765	80
766	103
767	92
768	74
769	76
770	94
771	71
772	91
773	93
774	71
775	82
776	80
777	91
778	99
779	88
780	89
781	85
782	75
783	65
784	79
785	68
786	78
787	89
788	75
789	82
790	93
791	84
792	112
793	98
794	78
795	79
796	82
797	95
798	83
799	87
800	81
801	89
802	93
803	77
804	104
805	78
806	76
807	95
808	86
809	92
810	92
811	92
812	86
813	83
814	91
815	72
816	97
817	79
818	88
819	84
820	87
821	114
822	88
823	87
824	95
825	92
826	91
827	96
828	95
829	101
830	94
831	107
832	93
833	88
834	94
835	88
836	87
837	86
838	97
839	101
840	83
841	90
842	70
843	97
844	88
845	85
846	72
847	84
848	91
849	89
850	88
851	76
852	85
853	80
854	83
855	90
856	79
857	93
858	77
859	75
860	102
861	85
862	99
863	101
864	63
865	103
866	90
867	75
868	93
869	70
870	81
871	94
872	91
873	91
874	87
875	105
876	97
877	96
878	95
879	94
880	89
881	106
882	71
883	104
884	99
885	110
886	64
887	67
888	89
889	90
890	111
891	98
892	77
893	79
894	83
895	101
896	91
897	91
898	82
899	91
900	80
901	77
902	84
903	91
904	90
905	88
906	98
907	92
908	85
909	102
910	67
911	77
912	92
913	90
914	84
915	89
916	83
917	101
918	85
919	66
920	90
921	77
922	100
923	74
924	98
925	84
926	88
927	82
928	84
929	110
930	92
931	88
932	73
933	77
934	84
935	80
936	75
937	104
938	87
939	95
940	93
941	81
942	105
943	92
944	93
945	86
946	89
947	85
948	93
949	89
950	89
951	90
952	89
953	89
954	87
955	86
956	86
957	75
958	86
959	84
960	95
961	87
962	84
963	76
964	83
965	76
966	86
967	93
968	81
969	85
970	100
971	83
972	88
973	89
974	98
975	96
976	81
977	87
978	87
979	109
980	77
981	81
982	60
983	84
984	86
985	87
986	82
987	77
988	89
989	84
990	87
991	93
992	100
993	87
994	92
995	85
996	107
997	87
998	100
999	79
1000	98
1001	76
1002	86
1003	87
1004	92
1005	87
1006	80
1007	96
1008	81
1009	74
1010	99
1011	87
1012	89
1013	88
1014	103
1015	73
1016	86
1017	95
1018	76
1019	111
1020	103
1021	91
1022	78
1023	102
1024	85
1025	82
1026	81
1027	80
1028	86
1029	97
1030	92
1031	80
1032	93
1033	71
1034	83
1035	88
1036	87
1037	78
1038	81
1039	79
1040	79
1041	87
1042	67
1043	81
1044	87
1045	67
1046	79
1047	100
1048	88
1049	77
1050	86
1051	86
1052	118
1053	76
1054	93
1055	95
1056	98
1057	80
1058	70
1059	108
1060	85
1061	71
1062	92
1063	84
1064	69
1065	86
1066	95
1067	95
1068	87
1069	68
1070	69
1071	96
1072	84
1073	77
1074	88
1075	64
1076	90
1077	77
1078	95
1079	80
1080	82
1081	85
1082	87
1083	88
1084	88
1085	72
1086	81
1087	90
1088	92
1089	87
1090	99
1091	86
1092	98
1093	99
1094	89
1095	87
1096	75
1097	72
1098	90
1099	86
1100	85
1101	71
1102	70
1103	92
1104	97
1105	76
1106	85
1107	95
1108	82
1109	91
1110	91
1111	110
1112	73
1113	68
1114	79
1115	88
1116	70
1117	79
1118	92
1119	86
1120	83
1121	78
1122	76
1123	76
1124	77
1125	81
1126	87
1127	85
1128	86
1129	99
1130	67
1131	72
1132	81
1133	89
1134	94
1135	85
1136	90
1137	84
1138	64
1139	67
1140	77
1141	90
1142	81
1143	68
1144	87
1145	80
1146	80
1147	70
1148	85
1149	91
1150	78
1151	72
1152	68
1153	85
1154	85
1155	88
1156	84
1157	70
1158	99
1159	89
1160	85
1161	82
1162	69
1163	76
1164	60
1165	74
1166	70
1167	83
1168	65
1169	73
1170	83
1171	72
1172	72
1173	89
1174	85
1175	61
1176	77
1177	85
1178	66
1179	77
1180	79
1181	66
1182	67
1183	83
1184	82
1185	74
1186	63
1187	70
1188	89
1189	80
1190	81
1191	91
1192	86
1193	60
1194	92
1195	90
1196	78
1197	75
1198	84
1199	70
1200	79
1201	67
1202	67
1203	65
1204	98
1205	86
1206	90
1207	75
1208	56
1209	73
1210	51
1211	62
1212	90
1213	92
1214	77
1215	75
1216	76
1217	87
1218	83
1219	73
1220	88
1221	64
1222	92
1223	66
1224	88
1225	65
1226	60
1227	86
1228	78
1229	71
1230	79
1231	74
1232	83
1233	60
1234	73
1235	90
1236	80
1237	90
1238	68
1239	96
1240	85
1241	77
1242	63
1243	78
1244	83
1245	60
1246	64
1247	74
1248	94
1249	76
1250	64
1251	59
1252	78
1253	82
1254	74
1255	69
1256	82
1257	84
1258	69
1259	75
1260	70
1261	90
1262	72
1263	60
1264	85
1265	75
1266	87
1267	64
1268	70
1269	70
1270	58
1271	81
1272	85
1273	86
1274	80
1275	82
1276	84
1277	73
1278	74
1279	77
1280	74
1281	83
1282	79
1283	88
1284	81
1285	85
1286	78
1287	76
1288	81
1289	71
1290	56
1291	69
1292	72
1293	62
1294	92
1295	72
1296	63
1297	85
1298	66
1299	65
1300	62
1301	60
1302	64
1303	86
1304	78
1305	72
1306	60
1307	72
1308	80
1309	66
1310	76
1311	63
1312	73
1313	74
1314	81
1315	80
1316	69
1317	62
1318	67
1319	82
1320	80
1321	79
1322	75
1323	83
1324	80
1325	66
1326	64
1327	54
1328	55
1329	64
1330	69
1331	74
1332	63
1333	70
1334	83
1335	76
1336	67
1337	58
1338	73
1339	73
1340	81
1341	61
1342	67
1343	78
1344	82
1345	76
1346	57
1347	72
1348	62
1349	77
1350	75
1351	77
1352	67
1353	72
1354	57
1355	72
1356	70
1357	74
1358	74
1359	69
1360	70
1361	68
1362	65
1363	59
1364	56
1365	70
1366	58
1367	67
1368	66
1369	66
1370	68
1371	62
1372	66
1373	72
1374	75
1375	67
1376	73
1377	70
1378	66
1379	60
1380	83
1381	59
1382	71
1383	53
1384	61
1385	64
1386	66
1387	61
1388	66
1389	65
1390	63
1391	72
1392	66
1393	60
1394	54
1395	61
1396	48
1397	62
1398	70
1399	58
1400	61
1401	54
1402	69
1403	70
1404	62
1405	57
1406	56
1407	63
1408	61
1409	66
1410	91
1411	60
1412	67
1413	70
1414	63
1415	63
1416	58
1417	65
1418	79
1419	62
1420	69
1421	71
1422	57
1423	66
1424	61
1425	57
1426	54
1427	66
1428	68
1429	71
1430	58
1431	57
1432	59
1433	69
1434	57
1435	61
1436	51
1437	60
1438	62
1439	69
1440	63
1441	66
1442	51
1443	53
1444	55
1445	49
1446	52
1447	51
1448	55
1449	65
1450	48
1451	65
1452	62
1453	56
1454	61
1455	48
1456	66
1457	62
1458	63
1459	46
1460	61
1461	64
1462	58
1463	72
1464	58
1465	56
1466	72
1467	61
1468	67
1469	50
1470	57
1471	55
1472	70
1473	50
1474	68
1475	57
1476	53
1477	71
1478	63
1479	60
1480	60
1481	68
1482	43
1483	57
1484	75
1485	65
1486	56
1487	37
1488	65
1489	48
1490	49
1491	50
1492	54
1493	55
1494	52
1495	57
1496	53
1497	63
1498	67
1499	56
1500	41
1501	46
1502	47
1503	46
1504	61
1505	59
1506	58
1507	61
1508	55
1509	51
1510	52
1511	59
1512	66
1513	49
1514	50
1515	68
1516	58
1517	49
1518	67
1519	64
1520	55
1521	68
1522	56
1523	56
1524	58
1525	48
1526	57
1527	53
1528	58
1529	53
1530	58
1531	59
1532	65
1533	52
1534	51
1535	54
1536	55
1537	51
1538	75
1539	51
1540	63
1541	58
1542	62
1543	56
1544	45
1545	55
1546	58
1547	46
1548	60
1549	59
1550	57
1551	55
1552	46
1553	64
1554	46
1555	55
1556	54
1557	53
1558	47
1559	60
1560	53
1561	52
1562	46
1563	48
1564	49
1565	47
1566	53
1567	49
1568	40
1569	42
1570	53
1571	46
1572	50
1573	46
1574	51
1575	46
1576	47
1577	58
1578	57
1579	43
1580	49
1581	46
1582	60
1583	54
1584	43
1585	49
1586	44
1587	47
1588	43
1589	47
1590	57
1591	44
1592	60
1593	44
1594	47
1595	51
1596	51
1597	54
1598	39
1599	50
1600	61
1601	46
1602	40
1603	55
1604	47
1605	42
1606	51
1607	58
1608	50
1609	43
1610	60
1611	40
1612	41
1613	47
1614	46
1615	47
1616	61
1617	40
1618	43
1619	33
1620	46
1621	46
1622	43
1623	40
1624	43
1625	49
1626	40
1627	48
1628	54
1629	60
1630	53
1631	60
1632	58
1633	53
1634	44
1635	57
1636	38
1637	43
1638	50
1639	52
1640	46
1641	47
1642	54
1643	54
1644	51
1645	47
1646	40
1647	54
1648	50
1649	50
1650	56
1651	41
1652	48
1653	45
1654	39
1655	54
1656	48
1657	55
1658	58
1659	55
1660	47
1661	49
1662	50
1663	51
1664	50
1665	47
1666	43
1667	53
1668	53
1669	37
1670	43
1671	48
1672	39
1673	42
1674	55
1675	57
1676	54
1677	56
1678	42
1679	50
1680	52
1681	44
1682	51
1683	45
1684	61
1685	46
1686	63
1687	55
1688	39
1689	31
1690	55
1691	47
1692	38
1693	54
1694	45
1695	41
1696	42
1697	55
1698	57
1699	42
1700	41
1701	42
1702	52
1703	54
1704	51
1705	57
1706	46
1707	54
1708	50
1709	48
1710	39
1711	38
1712	38
1713	40
1714	45
1715	43
1716	45
1717	49
1718	40
1719	45
1720	44
1721	46
1722	56
1723	39
1724	42
1725	41
1726	48
1727	49
1728	48
1729	48
1730	48
1731	50
1732	30
1733	46
1734	49
1735	52
1736	47
1737	34
1738	59
1739	36
1740	48
1741	32
1742	47
1743	43
1744	33
1745	38
1746	29
1747	36
1748	48
1749	46
1750	55
1751	47
1752	45
1753	38
1754	50
1755	43
1756	41
1757	47
1758	37
1759	36
1760	40
1761	37
1762	38
1763	38
1764	38
1765	42
1766	50
1767	30
1768	49
1769	40
1770	40
1771	43
1772	39
1773	47
1774	49
1775	43
1776	55
1777	42
1778	41
1779	48
1780	48
1781	47
1782	40
1783	38
1784	46
1785	33
1786	35
1787	47
1788	42
1789	59
1790	38
1791	35
1792	41
1793	37
1794	38
1795	34
1796	38
1797	32
1798	47
1799	47
1800	30
1801	37
1802	43
1803	40
1804	37
1805	28
1806	44
1807	41
1808	44
1809	40
1810	43
1811	44
1812	42
1813	39
1814	35
1815	38
1816	52
1817	44
1818	39
1819	30
1820	40
1821	40
1822	49
1823	30
1824	29
1825	31
1826	37
1827	32
1828	26
1829	43
1830	43
1831	39
1832	32
1833	42
1834	29
1835	40
1836	39
1837	34
1838	37
1839	24
1840	37
1841	35
1842	35
1843	27
1844	43
1845	39
1846	40
1847	35
1848	35
1849	40
1850	25
1851	33
1852	29
1853	28
1854	30
1855	33
1856	43
1857	32
1858	31
1859	33
1860	46
1861	37
1862	30
1863	26
1864	41
1865	33
1866	28
1867	29
1868	34
1869	39
1870	34
1871	40
1872	26
1873	27
1874	38
1875	31
1876	45
1877	38
1878	31
1879	41
1880	38
1881	38
1882	25
1883	23
1884	23
1885	23
1886	37
1887	27
1888	29
1889	30
1890	28
1891	35
1892	31
1893	28
1894	35
1895	26
1896	36
1897	34
1898	33
1899	36
1900	34
1901	28
1902	35
1903	31
1904	21
1905	18
1906	29
1907	28
1908	32
1909	40
1910	34
1911	27
1912	39
1913	38
1914	25
1915	32
1916	17
1917	25
1918	40
1919	35
1920	42
1921	35
1922	28
1923	22
1924	30
1925	35
1926	35
1927	31
1928	28
1929	35
1930	38
1931	32
1932	34
1933	27
1934	37
1935	25
1936	29
1937	27
1938	34
1939	31
1940	39
1941	32
1942	35
1943	29
1944	27
1945	34
1946	26
1947	31
1948	42
1949	30
1950	36
1951	36
1952	25
1953	31
1954	32
1955	31
1956	27
1957	26
1958	34
1959	24
1960	24
1961	34
1962	23
1963	29
1964	29
1965	28
1966	29
1967	38
1968	41
1969	25
1970	37
1971	25
1972	29
1973	41
1974	24
1975	36
1976	34
1977	31
1978	28
1979	40
1980	37
1981	37
1982	36
1983	24
1984	29
1985	32
1986	34
1987	36
1988	35
1989	24
1990	28
1991	39
1992	24
1993	28
1994	30
1995	21
1996	37
1997	22
1998	27
1999	26
2000	31
2001	32
2002	26
2003	42
2004	32
2005	33
2006	32
2007	24
2008	24
2009	29
2010	29
2011	32
2012	40
2013	26
2014	26
2015	40
2016	39
2017	29
2018	31
2019	26
2020	25
2021	31
2022	30
2023	27
2024	30
2025	31
2026	29
2027	28
2028	26
2029	22
2030	28
2031	35
2032	26
2033	29
2034	21
2035	35
2036	22
2037	25
2038	28
2039	27
2040	19
2041	23
2042	22
2043	27
2044	37
2045	34
2046	20
2047	23
2048	28
2049	23
2050	34
2051	34
2052	31
2053	22
2054	25
2055	29
2056	34
2057	27
2058	25
2059	26
2060	34
2061	29
2062	24
2063	31
2064	26
2065	27
2066	33
2067	35
2068	28
2069	20
2070	29
2071	30
2072	28
2073	32
2074	21
2075	22
2076	28
2077	32
2078	36
2079	30
2080	23
2081	33
2082	31
2083	24
2084	20
2085	30
2086	18
2087	33
2088	26
2089	27
2090	24
2091	29
2092	26
2093	25
2094	27
2095	25
2096	38
2097	24
2098	35
2099	30
2100	24
2101	20
2102	20
2103	27
2104	28
2105	26
2106	23
2107	22
2108	32
2109	27
2110	25
2111	22
2112	25
2113	32
2114	26
2115	22
2116	23
2117	31
2118	20
2119	24
2120	27
2121	26
2122	26
2123	25
2124	27
2125	22
2126	28
2127	23
2128	16
2129	27
2130	33
2131	25
2132	19
2133	31
2134	40
2135	24
2136	24
2137	24
2138	26
2139	30
2140	27
2141	28
2142	32
2143	27
2144	28
2145	32
2146	23
2147	21
2148	32
2149	23
2150	29
2151	26
2152	27
2153	24
2154	20
2155	22
2156	27
2157	25
2158	23
2159	33
2160	36
2161	21
2162	19
2163	26
2164	27
2165	27
2166	29
2167	20
2168	27
2169	31
2170	36
2171	21
2172	31
2173	26
2174	20
2175	27
2176	20
2177	20
2178	21
2179	29
2180	21
2181	32
2182	24
2183	21
2184	21
2185	23
2186	29
2187	17
2188	25
2189	24
2190	22
2191	22
2192	22
2193	32
2194	31
2195	19
2196	23
2197	20
2198	16
2199	22
2200	23
2201	26
2202	20
2203	24
2204	21
2205	17
2206	18
2207	23
2208	21
2209	21
2210	25
2211	28
2212	23
2213	18
2214	24
2215	18
2216	15
2217	28
2218	19
2219	23
2220	22
2221	18
2222	19
2223	19
2224	13
2225	21
2226	23
2227	24
2228	18
2229	15
2230	31
2231	22
2232	26
2233	13
2234	30
2235	16
2236	18
2237	31
2238	27
2239	23
2240	12
2241	21
2242	18
2243	16
2244	15
2245	15
2246	19
2247	13
2248	22
2249	23
2250	24
2251	21
2252	21
2253	15
2254	11
2255	17
2256	27
2257	16
2258	19
2259	18
2260	18
2261	17
2262	26
2263	27
2264	20
2265	20
2266	25
2267	16
2268	14
2269	27
2270	21
2271	20
2272	24
2273	13
2274	22
2275	22
2276	17
2277	13
2278	14
2279	15
2280	19
2281	19
2282	22
2283	17
2284	15
2285	25
2286	15
2287	26
2288	15
2289	18
2290	13
2291	14
2292	20
2293	20
2294	15
2295	13
2296	21
2297	16
2298	22
2299	14
2300	15
2301	16
2302	18
2303	17
2304	17
2305	12
2306	20
2307	13
2308	16
2309	22
2310	9
2311	21
2312	22
2313	18
2314	16
2315	14
2316	14
2317	15
2318	23
2319	16
2320	22
2321	17
2322	16
2323	18
2324	19
2325	15
2326	14
2327	17
2328	12
2329	12
2330	28
2331	16
2332	19
2333	14
2334	15
2335	18
2336	21
2337	20
2338	17
2339	22
2340	14
2341	14
2342	21
2343	19
2344	14
2345	23
2346	13
2347	15
2348	14
2349	27
2350	14
2351	17
2352	17
2353	18
2354	19
2355	19
2356	16
2357	12
2358	21
2359	15
2360	29
2361	16
2362	16
2363	16
2364	13
2365	20
2366	10
2367	22
2368	24
2369	17
2370	16
2371	18
2372	12
2373	27
2374	21
2375	15
2376	12
2377	18
2378	20
2379	15
2380	14
2381	16
2382	18
2383	16
2384	6
2385	16
2386	19
2387	19
2388	14
2389	15
2390	19
2391	14
2392	15
2393	19
2394	18
2395	17
2396	20
2397	19
2398	16
2399	14
2400	14
2401	11
2402	13
2403	17
2404	23
2405	16
2406	14
2407	12
2408	21
2409	18
2410	18
2411	20
2412	17
2413	20
2414	20
2415	13
2416	16
2417	24
2418	16
2419	16
2420	12
2421	17
2422	13
2423	16
2424	15
2425	19
2426	29
2427	11
2428	18
2429	5
2430	14
2431	14
2432	23
2433	14
2434	16
2435	13
2436	17
2437	18
2438	15
2439	19
2440	16
2441	19
2442	11
2443	15
2444	14
2445	14
2446	24
2447	13
2448	23
2449	14
2450	16
2451	10
2452	13
2453	25
2454	23
2455	16
2456	11
2457	18
2458	23
2459	16
2460	12
2461	13
2462	20
2463	13
2464	16
2465	10
2466	13
2467	15
2468	8
2469	16
2470	16
2471	15
2472	15
2473	18
2474	18
2475	13
2476	17
2477	21
2478	15
2479	14
2480	15
2481	16
2482	12
2483	17
2484	8
2485	18
2486	11
2487	17
2488	17
2489	14
2490	17
2491	18
2492	14
2493	14
2494	19
2495	10
2496	14
2497	14
2498	14
2499	10
2500	8
2501	20
2502	13
2503	13
2504	14
2505	16
2506	22
2507	19
2508	14
2509	19
2510	20
2511	11
2512	11
2513	11
2514	15
2515	14
2516	16
2517	15
2518	17
2519	20
2520	14
2521	18
2522	14
2523	13
2524	9
2525	21
2526	28
2527	16
2528	17
2529	17
2530	9
2531	25
2532	10
2533	19
2534	15
2535	21
2536	16
2537	15
2538	11
2539	19
2540	13
2541	12
2542	16
2543	18
2544	12
2545	16
2546	19
2547	24
2548	15
2549	12
2550	8
2551	11
2552	16
2553	12
2554	14
2555	17
2556	18
2557	16
2558	13
2559	10
2560	11
2561	13
2562	10
2563	15
2564	19
2565	18
2566	14
2567	15
2568	7
2569	13
2570	8
2571	11
2572	16
2573	15
2574	13
2575	8
2576	18
2577	20
2578	19
2579	12
2580	13
2581	15
2582	17
2583	12
2584	15
2585	9
2586	17
2587	11
2588	11
2589	13
2590	11
2591	12
2592	8
2593	15
2594	15
2595	13
2596	19
2597	9
2598	17
2599	15
2600	18
2601	11
2602	17
2603	10
2604	12
2605	15
2606	17
2607	13
2608	15
2609	7
2610	12
2611	13
2612	10
2613	7
2614	11
2615	8
2616	9
2617	13
2618	9
2619	14
2620	16
2621	9
2622	14
2623	16
2624	5
2625	11
2626	17
2627	14
2628	10
2629	19
2630	18
2631	11
2632	12
2633	19
2634	6
2635	8
2636	6
2637	8
2638	12
2639	18
2640	19
2641	8
2642	11
2643	9
2644	8
2645	17
2646	16
2647	19
2648	11
2649	9
2650	13
2651	18
2652	12
2653	14
2654	8
2655	19
2656	9
2657	20
2658	9
2659	12
2660	12
2661	10
2662	10
2663	7
2664	8
2665	13
2666	9
2667	7
2668	12
2669	7
2670	15
2671	15
2672	10
2673	13
2674	12
2675	9
2676	9
2677	9
2678	9
2679	10
2680	15
2681	11
2682	13
2683	13
2684	11
2685	9
2686	9
2687	13
2688	12
2689	13
2690	15
2691	7
2692	14
2693	8
2694	12
2695	7
2696	12
2697	13
2698	6
2699	7
2700	8
2701	12
2702	10
2703	11
2704	18
2705	9
2706	7
2707	10
2708	14
2709	8
2710	5
2711	2
2712	9
2713	7
2714	14
2715	12
2716	8
2717	8
2718	8
2719	9
2720	10
2721	10
2722	7
2723	14
2724	10
2725	10
2726	7
2727	10
2728	13
2729	3
2730	10
2731	12
2732	10
2733	11
2734	11
2735	11
2736	11
2737	10
2738	4
2739	8
2740	6
2741	9
2742	7
2743	4
2744	12
2745	15
2746	7
2747	13
2748	8
2749	4
2750	10
2751	10
2752	14
2753	10
2754	11
2755	9
2756	5
2757	12
2758	8
2759	11
2760	6
2761	7
2762	10
2763	5
2764	11
2765	7
2766	7
2767	11
2768	9
2769	15
2770	11
2771	11
2772	12
2773	10
2774	13
2775	7
2776	5
2777	11
2778	9
2779	6
2780	11
2781	6
2782	6
2783	9
2784	10
2785	12
2786	13
2787	12
2788	8
2789	8
2790	9
2791	7
2792	9
2793	14
2794	5
2795	7
2796	12
2797	6
2798	14
2799	10
2800	8
2801	12
2802	15
2803	7
2804	14
2805	6
2806	9
2807	6
2808	11
2809	8
2810	8
2811	13
2812	13
2813	10
2814	9
2815	9
2816	5
2817	10
2818	12
2819	8
2820	5
2821	6
2822	10
2823	7
2824	11
2825	9
2826	9
2827	10
2828	10
2829	4
2830	9
2831	9
2832	8
2833	11
2834	4
2835	4
2836	8
2837	10
2838	7
2839	13
2840	9
2841	7
2842	9
2843	6
2844	11
2845	15
2846	6
2847	7
2848	13
2849	5
2850	8
2851	9
2852	7
2853	11
2854	9
2855	6
2856	7
2857	5
2858	9
2859	12
2860	14
2861	8
2862	3
2863	10
2864	9
2865	11
2866	7
2867	11
2868	10
2869	9
2870	15
2871	10
2872	9
2873	4
2874	9
2875	8
2876	5
2877	4
2878	11
2879	9
2880	14
2881	11
2882	15
2883	8
2884	8
2885	8
2886	8
2887	9
2888	14
2889	8
2890	7
2891	3
2892	14
2893	9
2894	7
2895	4
2896	8
2897	11
2898	13
2899	12
2900	9
2901	13
2902	8
2903	10
2904	14
2905	9
2906	10
2907	18
2908	8
2909	12
2910	11
2911	6
2912	9
2913	12
2914	6
2915	4
2916	9
2917	5
2918	10
2919	10
2920	4
2921	13
2922	6
2923	2
2924	5
2925	11
2926	7
2927	8
2928	8
2929	7
2930	2
2931	4
2932	7
2933	11
2934	5
2935	7
2936	5
2937	6
2938	12
2939	2
2940	4
2941	6
2942	10
2943	8
2944	7
2945	7
2946	8
2947	4
2948	9
2949	8
2950	13
2951	6
2952	8
2953	7
2954	6
2955	10
2956	9
2957	6
2958	9
2959	6
2960	9
2961	9
2962	7
2963	9
2964	7
2965	6
2966	9
2967	9
2968	11
2969	9
2970	7
2971	10
2972	7
2973	8
2974	8
2975	8
2976	4
2977	4
2978	11
2979	10
2980	8
2981	6
2982	6
2983	3
2984	4
2985	12
2986	5
2987	11
2988	6
2989	9
2990	14
2991	2
2992	8
2993	9
2994	9
2995	8
2996	10
2997	6
2998	11
2999	3
3000	7
3001	8
3002	8
3003	9
3004	6
3005	7
3006	4
3007	5
3008	5
3009	5
3010	8
3011	7
3012	9
3013	9
3014	5
3015	8
3016	7
3017	6
3018	4
3019	7
3020	5
3021	8
3022	4
3023	10
3024	7
3025	5
3026	10
3027	10
3028	4
3029	3
3030	9
3031	6
3032	9
3033	4
3034	10
3035	6
3036	8
3037	3
3038	7
3039	8
3040	7
3041	6
3042	4
3043	7
3044	11
3045	7
3046	3
3047	14
3048	8
3049	6
3050	6
3051	3
3052	6
3053	10
3054	4
3055	7
3056	10
3057	3
3058	9
3059	8
3060	5
3061	4
3062	8
3063	10
3064	5
3065	6
3066	7
3067	6
3068	7
3069	7
3070	11
3071	8
3072	7
3073	11
3074	7
3075	4
3076	7
3077	6
3078	6
3079	9
3080	9
3081	7
3082	9
3083	5
3084	8
3085	3
3086	5
3087	8
3088	3
3089	11
3090	8
3091	5
3092	12
3093	4
3094	4
3095	3
3096	7
3097	10
3098	7
3099	6
3100	3
3101	5
3102	4
3103	4
3104	9
3105	2
3106	5
3107	9
3108	3
3109	6
3110	5
3111	7
3112	3
3113	6
3114	5
3115	7
3116	6
3117	6
3118	4
3119	3
3120	3
3121	9
3122	3
3123	7
3124	6
3125	7
3126	11
3127	5
3128	4
3129	3
3130	5
3131	4
3132	11
3133	6
3134	6
3135	10
3136	6
3137	2
3138	9
3139	8
3140	8
3141	8
3142	7
3143	11
3144	6
3145	3
3146	4
3147	3
3148	4
3149	2
3150	5
3151	8
3152	5
3153	4
3154	8
3155	9
3156	6
3157	8
3158	8
3159	4
3160	7
3161	5
3162	3
3163	2
3164	8
3165	4
3166	11
3167	4
3168	7
3169	5
3170	3
3171	3
3172	3
3173	3
3174	10
3175	7
3176	7
3177	9
3178	10
3179	8
3180	2
3181	4
3182	7
3183	7
3184	6
3185	6
3186	5
3187	4
3188	3
3189	6
3190	1
3191	2
3192	6
3193	5
3194	8
3195	3
3196	3
3197	8
3198	5
3199	7
3200	2
3201	4
3202	6
3203	11
3204	6
3205	3
3206	9
3207	5
3208	4
3209	2
3210	8
3211	4
3212	6
3213	3
3214	1
3215	5
3216	5
3217	7
3218	8
3219	5
3220	7
3221	6
3222	9
3223	3
3224	3
3225	9
3226	6
3227	11
3228	4
3229	6
3230	4
3231	2
3232	3
3233	7
3234	3
3235	7
3236	5
3237	1
3238	7
3239	4
3240	4
3241	5
3242	6
3243	3
3244	4
3245	7
3246	4
3247	6
3248	7
3249	2
3250	4
3251	3
3252	2
3253	3
3254	5
3255	4
3256	4
3257	6
3258	4
3259	3
3260	7
3261	6
3262	6
3263	1
3264	5
3265	0
3266	8
3267	4
3268	3
3269	4
3270	8
3271	3
3272	5
3273	4
3274	4
3275	4
3276	5
3277	4
3278	2
3279	4
3280	2
3281	5
3282	3
3283	7
3284	4
3285	3
3286	3
3287	3
3288	3
3289	4
3290	5
3291	4
3292	3
3293	5
3294	6
3295	5
3296	5
3297	4
3298	10
3299	5
3300	4
3301	5
3302	5
3303	2
3304	3
3305	6
3306	2
3307	6
3308	3
3309	8
3310	5
3311	3
3312	6
3313	7
3314	7
3315	1
3316	4
3317	5
3318	3
3319	4
3320	3
3321	3
3322	3
3323	8
3324	5
3325	6
3326	5
3327	0
3328	2
3329	4
3330	7
3331	7
3332	5
3333	4
3334	6
3335	4
3336	3
3337	4
3338	5
3339	8
3340	1
3341	6
3342	8
3343	0
3344	7
3345	1
3346	3
3347	6
3348	5
3349	4
3350	7
3351	2
3352	5
3353	2
3354	4
3355	7
3356	5
3357	3
3358	12
3359	5
3360	5
3361	4
3362	1
3363	3
3364	5
3365	5
3366	4
3367	6
3368	4
3369	3
3370	5
3371	2
3372	4
3373	5
3374	3
3375	2
3376	5
3377	7
3378	3
3379	2
3380	9
3381	7
3382	3
3383	3
3384	1
3385	3
3386	4
3387	4
3388	3
3389	2
3390	6
3391	3
3392	5
3393	3
3394	6
3395	2
3396	1
3397	9
3398	3
3399	6
3400	4
3401	4
3402	4
3403	4
3404	5
3405	2
3406	3
3407	4
3408	0
3409	3
3410	2
3411	2
3412	4
3413	3
3414	3
3415	3
3416	2
3417	6
3418	3
3419	7
3420	5
3421	10
3422	3
3423	5
3424	3
3425	5
3426	5
3427	4
3428	6
3429	5
3430	1
3431	2
3432	2
3433	7
3434	5
3435	5
3436	5
3437	2
3438	4
3439	5
3440	2
3441	3
3442	7
3443	6
3444	8
3445	2
3446	3
3447	6
3448	4
3449	1
3450	3
3451	7
3452	5
3453	5
3454	4
3455	5
3456	4
3457	4
3458	4
3459	2
3460	5
3461	4
3462	3
3463	6
3464	4
3465	3
3466	2
3467	5
3468	4
3469	4
3470	5
3471	4
3472	5
3473	4
3474	5
3475	5
3476	3
3477	6
3478	4
3479	0
3480	11
3481	4
3482	3
3483	7
3484	2
3485	5
3486	6
3487	6
3488	3
3489	4
3490	7
3491	5
3492	5
3493	5
3494	4
3495	5
3496	7
3497	6
3498	3
3499	2
3500	2
3501	4
3502	3
3503	6
3504	4
3505	0
3506	2
3507	4
3508	3
3509	8
3510	4
3511	3
3512	2
3513	1
3514	3
3515	1
3516	5
3517	5
3518	2
3519	2
3520	0
3521	3
3522	3
3523	3
3524	4
3525	1
3526	3
3527	4
3528	4
3529	0
3530	3
3531	1
3532	5
3533	3
3534	5
3535	2
3536	3
3537	6
3538	4
3539	6
3540	1
3541	2
3542	5
3543	5
3544	0
3545	2
3546	3
3547	2
3548	5
3549	2
3550	4
3551	4
3552	2
3553	4
3554	2
3555	3
3556	3
3557	5
3558	3
3559	4
3560	5
3561	1
3562	4
3563	2
3564	4
3565	5
3566	2
3567	1
3568	5
3569	3
3570	3
3571	3
3572	3
3573	3
3574	5
3575	1
3576	2
3577	4
3578	0
3579	6
3580	5
3581	4
3582	4
3583	4
3584	1
3585	5
3586	4
3587	6
3588	2
3589	2
3590	0
3591	2
3592	3
3593	2
3594	1
3595	2
3596	1
3597	0
3598	3
3599	5
3600	2
3601	3
3602	4
3603	4
3604	4
3605	2
3606	3
3607	0
3608	5
3609	4
3610	4
3611	2
3612	5
3613	1
3614	2
3615	1
3616	0
3617	2
3618	3
3619	0
3620	3
3621	1
3622	6
3623	2
3624	2
3625	0
3626	1
3627	3
3628	1
3629	4
3630	1
3631	4
3632	5
3633	4
3634	5
3635	3
3636	2
3637	4
3638	3
3639	3
3640	3
3641	3
3642	2
3643	0
3644	4
3645	2
3646	1
3647	4
3648	4
3649	2
3650	6
3651	3
3652	3
3653	5
3654	6
3655	2
3656	1
3657	6
3658	4
3659	5
3660	5
3661	2
3662	4
3663	3
3664	5
3665	1
3666	5
3667	2
3668	2
3669	3
3670	4
3671	3
3672	4
3673	2
3674	2
3675	3
3676	2
3677	5
3678	3
3679	2
3680	0
3681	2
3682	2
3683	1
3684	2
3685	5
3686	4
3687	4
3688	3
3689	4
3690	1
3691	4
3692	2
3693	2
3694	0
3695	1
3696	4
3697	1
3698	2
3699	7
3700	1
3701	6
3702	0
3703	5
3704	1
3705	4
3706	0
3707	1
3708	4
3709	1
3710	5
3711	3
3712	1
3713	1
3714	3
3715	1
3716	1
3717	2
3718	1
3719	4
3720	2
3721	6
3722	0
3723	2
3724	2
3725	6
3726	6
3727	3
3728	0
3729	5
3730	4
3731	0
3732	3
3733	5
3734	2
3735	3
3736	3
3737	5
3738	3
3739	2
3740	2
3741	1
3742	2
3743	4
3744	4
3745	3
3746	1
3747	0
3748	1
3749	2
3750	3
3751	5
3752	0
3753	5
3754	4
3755	2
3756	1
3757	3
3758	2
3759	2
3760	2
3761	1
3762	4
3763	0
3764	4
3765	2
3766	1
3767	1
3768	0
3769	4
3770	1
3771	0
3772	1
3773	2
3774	4
3775	1
3776	1
3777	2
3778	3
3779	2
3780	3
3781	1
3782	2
3783	3
3784	6
3785	2
3786	2
3787	2
3788	2
3789	3
3790	4
3791	3
3792	2
3793	3
3794	4
3795	1
3796	2
3797	2
3798	2
3799	6
3800	1
3801	2
3802	3
3803	1
3804	3
3805	3
3806	3
3807	3
3808	1
3809	3
3810	2
3811	5
3812	2
3813	2
3814	3
3815	2
3816	2
3817	3
3818	2
3819	2
3820	1
3821	3
3822	3
3823	3
3824	4
3825	3
3826	2
3827	1
3828	2
3829	2
3830	1
3831	4
3832	1
3833	2
3834	2
3835	3
3836	1
3837	2
3838	2
3839	4
3840	2
3841	3
3842	1
3843	2
3844	1
3845	2
3846	4
3847	3
3848	5
3849	4
3850	1
3851	2
3852	2
3853	4
3854	3
3855	1
3856	1
3857	2
3858	0
3859	3
3860	2
3861	2
3862	3
3863	3
3864	1
3865	0
3866	5
3867	3
3868	3
3869	0
3870	1
3871	1
3872	0
3873	4
3874	3
3875	3
3876	2
3877	4
3878	1
3879	3
3880	3
3881	2
3882	0
3883	2
3884	1
3885	1
3886	2
3887	2
3888	0
3889	1
3890	3
3891	1
3892	2
3893	2
3894	3
3895	2
3896	1
3897	2
3898	3
3899	3
3900	2
3901	2
3902	3
3903	2
3904	2
3905	4
3906	4
3907	1
3908	2
3909	0
3910	1
3911	1
3912	1
3913	1
3914	1
3915	0
3916	2
3917	1
3918	3
3919	2
3920	3
3921	0
3922	4
3923	3
3924	1
3925	1
3926	2
3927	2
3928	3
3929	2
3930	0
3931	3
3932	0
3933	6
3934	3
3935	4
3936	1
3937	1
3938	1
3939	2
3940	1
3941	1
3942	2
3943	3
3944	2
3945	3
3946	0
3947	2
3948	2
3949	3
3950	1
3951	0
3952	3
3953	4
3954	1
3955	0
3956	3
3957	2
3958	0
3959	2
3960	0
3961	2
3962	1
3963	2
3964	1
3965	2
3966	4
3967	0
3968	2
3969	0
3970	4
3971	1
3972	2
3973	3
3974	4
3975	2
3976	1
3977	1
3978	1
3979	3
3980	2
3981	0
3982	3
3983	1
3984	2
3985	3
3986	2
3987	3
3988	1
3989	6
3990	1
3991	2
3992	1
3993	2
3994	1
3995	1
3996	3
3997	1
3998	0
3999	1
4000	3
4001	1
4002	0
4003	1
4004	0
4005	4
4006	2
4007	4
4008	1
4009	1
4010	2
4011	3
4012	0
4013	0
4014	1
4015	3
4016	3
4017	2
4018	2
4019	1
4020	1
4021	3
4022	4
4023	1
4024	1
4025	2
4026	3
4027	0
4028	1
4029	2
4030	1
4031	0
4032	3
4033	2
4034	2
4035	2
4036	4
4037	4
4038	1
4039	2
4040	2
4041	3
4042	1
4043	2
4044	5
4045	0
4046	1
4047	1
4048	1
4049	0
4050	2
4051	2
4052	1
4053	4
4054	1
4055	0
4056	3
4057	3
4058	3
4059	0
4060	3
4061	1
4062	1
4063	2
4064	0
4065	1
4066	0
4067	2
4068	2
4069	6
4070	0
4071	0
4072	1
4073	5
4074	1
4075	4
4076	1
4077	2
4078	1
4079	2
4080	2
4081	2
4082	4
4083	0
4084	3
4085	3
4086	1
4087	3
4088	4
4089	0
4090	1
4091	3
4092	1
4093	2
4094	3
4095	0
4096	0
4097	6
4098	0
4099	2
4100	1
4101	0
4102	1
4103	0
4104	0
4105	2
4106	3
4107	2
4108	3
4109	0
4110	1
4111	2
4112	2
4113	3
4114	1
4115	1
4116	1
4117	1
4118	3
4119	1
4120	1
4121	0
4122	0
4123	4
4124	2
4125	1
4126	0
4127	3
4128	0
4129	2
4130	0
4131	1
4132	2
4133	4
4134	1
4135	2
4136	0
4137	2
4138	3
4139	4
4140	1
4141	2
4142	0
4143	3
4144	1
4145	3
4146	0
4147	2
4148	0
4149	4
4150	0
4151	2
4152	1
4153	2
4154	1
4155	0
4156	1
4157	1
4158	1
4159	0
4160	2
4161	1
4162	0
4163	1
4164	0
4165	1
4166	0
4167	1
4168	2
4169	3
4170	0
4171	4
4172	1
4173	0
4174	3
4175	0
4176	1
4177	1
4178	1
4179	2
4180	1
4181	2
4182	0
4183	2
4184	1
4185	0
4186	2
4187	0
4188	1
4189	1
4190	1
4191	2
4192	0
4193	0
4194	1
4195	1
4196	3
4197	1
4198	0
4199	1
4200	0
4201	1
4202	2
4203	3
4204	2
4205	2
4206	2
4207	3
4208	0
4209	3
4210	1
4211	0
4212	1
4213	0
4214	1
4215	1
4216	1
4217	2
4218	1
4219	3
4220	1
4221	1
4222	0
4223	1
4224	1
4225	0
4226	1
4227	0
4228	2
4229	1
4230	2
4231	2
4232	2
4233	1
4234	0
4235	1
4236	0
4237	1
4238	0
4239	2
4240	1
4241	2
4242	2
4243	2
4244	2
4245	0
4246	3
4247	2
4248	1
4249	0
4250	1
4251	1
4252	0
4253	1
4254	1
4255	1
4256	1
4257	1
4258	0
4259	1
4260	2
4261	2
4262	2
4263	2
4264	2
4265	3
4266	0
4267	6
4268	0
4269	5
4270	3
4271	2
4272	5
4273	0
4274	1
4275	3
4276	1
4277	1
4278	0
4279	0
4280	0
4281	3
4282	1
4283	0
4284	1
4285	2
4286	1
4287	1
4288	0
4289	2
4290	0
4291	1
4292	3
4293	1
4294	0
4295	2
4296	1
4297	0
4298	2
4299	2
4300	2
4301	0
4302	2
4303	1
4304	1
4305	1
4306	0
4307	0
4308	1
4309	0
4310	2
4311	1
4312	0
4313	1
4314	1
4315	0
4316	0
4317	4
4318	0
4319	4
4320	1
4321	2
4322	0
4323	0
4324	2
4325	1
4326	2
4327	1
4328	0
4329	2
4330	1
4331	0
4332	1
4333	2
4334	0
4335	1
4336	0
4337	1
4338	0
4339	2
4340	1
4341	3
4342	2
4343	1
4344	0
4345	0
4346	1
4347	1
4348	1
4349	0
4350	0
4351	1
4352	2
4353	0
4354	3
4355	0
4356	0
4357	0
4358	0
4359	0
4360	3
4361	2
4362	0
4363	1
4364	0
4365	0
4366	1
4367	2
4368	2
4369	0
4370	2
4371	0
4372	2
4373	0
4374	0
4375	0
4376	0
4377	0
4378	1
4379	1
4380	1
4381	1
4382	1
4383	1
4384	0
4385	0
4386	2
4387	2
4388	0
4389	2
4390	2
4391	3
4392	1
4393	0
4394	2
4395	1
4396	1
4397	0
4398	1
4399	2
4400	1
4401	2
4402	0
4403	2
4404	1
4405	2
4406	1
4407	1
4408	1
4409	0
4410	1
4411	0
4412	0
4413	0
4414	0
4415	0
4416	2
4417	3
4418	0
4419	0
4420	0
4421	2
4422	0
4423	1
4424	1
4425	1
4426	3
4427	3
4428	1
4429	0
4430	1
4431	0
4432	0
4433	0
4434	1
4435	3
4436	0
4437	4
4438	1
4439	1
4440	1
4441	2
4442	0
4443	2
4444	1
4445	1
4446	1
4447	1
4448	0
4449	2
4450	0
4451	2
4452	1
4453	1
4454	0
4455	3
4456	0
4457	1
4458	1
4459	0
4460	1
4461	0
4462	0
4463	1
4464	1
4465	0
4466	1
4467	0
4468	0
4469	0
4470	1
4471	0
4472	1
4473	2
4474	2
4475	2
4476	1
4477	1
4478	3
4479	1
4480	0
4481	0
4482	1
4483	0
4484	0
4485	2
4486	0
4487	1
4488	1
4489	3
4490	1
4491	0
4492	0
4493	1
4494	2
4495	0
4496	1
4497	0
4498	1
4499	0
4500	0
4501	0
4502	1
4503	3
4504	0
4505	3
4506	1
4507	1
4508	1
4509	1
4510	0
4511	1
4512	0
4513	0
4514	0
4515	2
4516	0
4517	2
4518	0
4519	0
4520	1
4521	1
4522	1
4523	1
4524	1
4525	0
4526	2
4527	1
4528	0
4529	0
4530	0
4531	0
4532	1
4533	0
4534	3
4535	2
4536	3
4537	3
4538	1
4539	2
4540	1
4541	2
4542	1
4543	1
4544	0
4545	1
4546	1
4547	1
4548	1
4549	0
4550	1
4551	1
4552	2
4553	2
4554	1
4555	1
4556	1
4557	1
4558	0
4559	2
4560	1
4561	1
4562	1
4563	1
4564	3
4565	0
4566	1
4567	2
4568	0
4569	1
4570	3
4571	3
4572	1
4573	1
4574	0
4575	1
4576	1
4577	0
4578	1
4579	0
4580	0
4581	0
4582	1
4583	0
4584	2
4585	1
4586	0
4587	1
4588	0
4589	0
4590	0
4591	0
4592	1
4593	2
4594	0
4595	0
4596	1
4597	3
4598	0
4599	0
4600	0
4601	2
4602	1
4603	2
4604	1
4605	0
4606	1
4607	2
4608	1
4609	1
4610	2
4611	0
4612	3
4613	0
4614	2
4615	1
4616	3
4617	2
4618	1
4619	0
4620	1
4621	2
4622	1
4623	1
4624	2
4625	0
4626	1
4627	1
4628	0
4629	2
4630	1
4631	1
4632	1
4633	0
4634	0
4635	0
4636	0
4637	1
4638	4
4639	1
4640	1
4641	3
4642	0
4643	1
4644	0
4645	1
4646	0
4647	1
4648	2
4649	2
4650	0
4651	0
4652	2
4653	0
4654	0
4655	0
4656	1
4657	0
4658	2
4659	0
4660	1
4661	0
4662	0
4663	1
4664	1
4665	0
4666	2
4667	0
4668	0
4669	0
4670	1
4671	0
4672	1
4673	1
4674	1
4675	3
4676	0
4677	1
4678	0
4679	0
4680	0
4681	2
4682	0
4683	0
4684	0
4685	1
4686	2
4687	2
4688	1
4689	1
4690	0
4691	0
4692	0
4693	0
4694	2
4695	0
4696	2
4697	1
4698	1
4699	1
4700	0
4701	1
4702	0
4703	1
4704	0
4705	0
4706	2
4707	1
4708	0
4709	1
4710	0
4711	1
4712	0
4713	0
4714	0
4715	1
4716	0
4717	0
4718	0
4719	1
4720	1
4721	0
4722	2
4723	0
4724	2
4725	0
4726	0
4727	1
4728	1
4729	1
4730	1
4731	0
4732	1
4733	0
4734	0
4735	1
4736	1
4737	0
4738	3
4739	1
4740	1
4741	0
4742	1
4743	0
4744	1
4745	2
4746	0
4747	0
4748	2
4749	1
4750	2
4751	1
4752	0
4753	0
4754	2
4755	0
4756	0
4757	0
4758	1
4759	0
4760	2
4761	0
4762	2
4763	2
4764	1
4765	0
4766	2
4767	1
4768	1
4769	1
4770	0
4771	1
4772	0
4773	0
4774	0
4775	2
4776	0
4777	0
4778	1
4779	2
4780	2
4781	0
4782	1
4783	0
4784	0
4785	0
4786	1
4787	0
4788	3
4789	2
4790	0
4791	0
4792	1
4793	0
4794	1
4795	0
4796	0
4797	0
4798	1
4799	1
4800	0
4801	1
4802	1
4803	0
4804	0
4805	0
4806	0
4807	1
4808	0
4809	2
4810	0
4811	1
4812	4
4813	1
4814	1
4815	1
4816	1
4817	0
4818	0
4819	0
4820	0
4821	1
4822	0
4823	0
4824	1
4825	0
4826	0
4827	1
4828	0
4829	1
4830	2
4831	0
4832	0
4833	0
4834	1
4835	1
4836	0
4837	2
4838	0
4839	0
4840	0
4841	0
4842	1
4843	2
4844	1
4845	3
4846	0
4847	1
4848	0
4849	0
4850	0
4851	0
4852	1
4853	0
4854	0
4855	0
4856	0
4857	0
4858	1
4859	0
4860	1
4861	1
4862	0
4863	2
4864	0
4865	0
4866	0
4867	0
4868	0
4869	0
4870	1
4871	1
4872	0
4873	0
4874	0
4875	0
4876	0
4877	1
4878	0
4879	0
4880	0
4881	0
4882	0
4883	0
4884	0
4885	0
4886	2
4887	1
4888	0
4889	0
4890	0
4891	0
4892	0
4893	1
4894	1
4895	1
4896	0
4897	0
4898	0
4899	0
4900	1
4901	0
4902	0
4903	0
4904	0
4905	2
4906	0
4907	0
4908	1
4909	1
4910	1
4911	0
4912	0
4913	0
4914	1
4915	0
4916	2
4917	1
4918	2
4919	0
4920	1
4921	0
4922	0
4923	0
4924	0
4925	2
4926	0
4927	1
4928	0
4929	0
4930	0
4931	0
4932	0
4933	2
4934	0
4935	0
4936	0
4937	0
4938	0
4939	0
4940	1
4941	0
4942	1
4943	0
4944	0
4945	1
4946	1
4947	0
4948	0
4949	0
4950	0
4951	0
4952	0
4953	0
4954	0
4955	1
4956	0
4957	0
4958	2
4959	0
4960	1
4961	1
4962	1
4963	0
4964	0
4965	0
4966	0
4967	0
4968	0
4969	0
4970	0
4971	4
4972	1
4973	1
4974	1
4975	0
4976	0
4977	1
4978	2
4979	0
4980	0
4981	1
4982	1
4983	0
4984	0
4985	0
4986	1
4987	0
4988	0
4989	0
4990	0
4991	0
4992	2
4993	0
4994	0
4995	3
4996	3
4997	0
4998	1
4999	1
5000	0
5001	0
5002	1
5003	0
5004	0
5005	0
5006	0
5007	0
5008	0
5009	1
5010	1
5011	0
5012	1
5013	1
5014	2
5015	0
5016	0
5017	0
5018	0
5019	1
5020	0
5021	1
5022	0
5023	2
5024	0
5025	1
5026	0
5027	0
5028	0
5029	0
5030	0
5031	1
5032	0
5033	0
5034	0
5035	0
5036	1
5037	1
5038	1
5039	1
5040	1
5041	0
5042	0
5043	0
5044	0
5045	0
5046	0
5047	0
5048	0
5049	2
5050	1
5051	0
5052	0
5053	0
5054	1
5055	1
5056	0
5057	0
5058	1
5059	0
5060	0
5061	0
5062	0
5063	0
5064	1
5065	0
5066	0
5067	2
5068	0
5069	1
5070	0
5071	0
5072	0
5073	0
5074	1
5075	0
5076	0
5077	0
5078	0
5079	0
5080	0
5081	0
5082	1
5083	1
5084	0
5085	1
5086	1
5087	0
5088	1
5089	1
5090	1
5091	3
5092	0
5093	0
5094	0
5095	2
5096	0
5097	0
5098	0
5099	1
5100	0
5101	2
5102	1
5103	0
5104	0
5105	0
5106	1
5107	0
5108	0
5109	1
5110	0
5111	2
5112	0
5113	1
5114	0
5115	0
5116	0
5117	0
5118	0
5119	0
5120	1
5121	0
5122	0
5123	0
5124	1
5125	0
5126	0
5127	1
5128	0
5129	0
5130	0
5131	1
5132	1
5133	0
5134	0
5135	0
5136	0
5137	1
5138	0
5139	0
5140	2
5141	2
5142	1
5143	0
5144	1
5145	0
5146	0
5147	1
5148	0
5149	0
5150	0
5151	0
5152	1
5153	0
5154	1
5155	0
5156	0
5157	0
5158	0
5159	0
5160	0
5161	0
5162	0
5163	0
5164	0
5165	1
5166	0
5167	1
5168	0
5169	1
5170	1
5171	0
5172	1
5173	0
5174	0
5175	1
5176	0
5177	0
5178	0
5179	0
5180	0
5181	2
5182	0
5183	0
5184	0
5185	0
5186	1
5187	0
5188	0
5189	0
5190	1
5191	0
5192	0
5193	2
5194	1
5195	1
5196	0
5197	1
5198	0
5199	0
5200	0
5201	0
5202	2
5203	0
5204	1
5205	1
5206	0
5207	0
5208	1
5209	0
5210	1
5211	1
5212	0
5213	0
5214	0
5215	1
5216	0
5217	0
5218	1
5219	0
5220	0
5221	0
5222	3
5223	0
5224	2
5225	2
5226	0
5227	0
5228	0
5229	1
5230	0
5231	0
5232	0
5233	1
5234	0
5235	0
5236	1
5237	2
5238	0
5239	0
5240	0
5241	1
5242	1
5243	0
5244	1
5245	0
5246	0
5247	0
5248	1
5249	0
5250	2
5251	0
5252	0
5253	0
5254	0
5255	0
5256	0
5257	0
5258	0
5259	0
5260	0
5261	0
5262	0
5263	0
5264	0
5265	0
5266	0
5267	0
5268	1
5269	0
5270	0
5271	0
5272	0
5273	0
5274	0
5275	0
5276	0
5277	0
5278	0
5279	0
5280	0
5281	0
5282	0
5283	1
5284	0
5285	0
5286	0
5287	0
5288	0
5289	0
5290	0
5291	1
5292	1
5293	1
5294	0
5295	0
5296	0
5297	0
5298	0
5299	0
5300	0
5301	0
5302	0
5303	1
5304	1
5305	0
5306	1
5307	0
5308	0
5309	0
5310	0
5311	0
5312	0
5313	0
5314	1
5315	0
5316	0
5317	0
5318	0
5319	1
5320	0
5321	0
5322	0
5323	0
5324	0
5325	0
5326	0
5327	1
5328	2
5329	0
5330	0
5331	1
5332	0
5333	0
5334	0
5335	0
5336	1
5337	2
5338	0
5339	0
5340	1
5341	0
5342	0
5343	1
5344	0
5345	0
5346	0
5347	0
5348	1
5349	0
5350	0
5351	0
5352	0
5353	1
5354	0
5355	0
5356	0
5357	0
5358	0
5359	0
5360	0
5361	0
5362	0
5363	0
5364	0
5365	0
5366	0
5367	0
5368	0
5369	0
5370	0
5371	0
5372	0
5373	0
5374	2
5375	0
5376	0
5377	0
5378	0
5379	0
5380	0
5381	1
5382	0
5383	1
5384	2
5385	0
5386	1
5387	0
5388	0
5389	0
5390	1
5391	0
5392	0
5393	0
5394	0
5395	1
5396	0
5397	0
5398	0
5399	0
5400	0
5401	0
5402	0
5403	0
5404	1
5405	0
5406	1
5407	0
5408	0
5409	0
5410	1
5411	0
5412	1
5413	0
5414	0
5415	0
5416	1
5417	0
5418	0
5419	0
5420	0
5421	0
5422	0
5423	1
5424	0
5425	0
5426	0
5427	0
5428	0
5429	2
5430	1
5431	0
5432	0
5433	0
5434	1
5435	0
5436	0
5437	0
5438	0
5439	1
5440	0
5441	0
5442	0
5443	0
5444	0
5445	0
5446	0
5447	0
5448	0
5449	2
5450	0
5451	0
5452	1
5453	0
5454	0
5455	1
5456	1
5457	0
5458	0
5459	0
5460	0
5461	0
5462	0
5463	0
5464	0
5465	0
5466	0
5467	0
5468	0
5469	1
5470	2
5471	0
5472	1
5473	0
5474	0
5475	0
5476	0
5477	0
5478	2
5479	0
5480	0
5481	0
5482	0
5483	0
5484	0
5485	1
5486	0
5487	1
5488	0
5489	0
5490	0
5491	0
5492	2
5493	0
5494	0
5495	0
5496	0
5497	0
5498	1
5499	1
5500	0
5501	0
5502	0
5503	0
5504	0
5505	0
5506	1
5507	0
5508	0
5509	1
5510	0
5511	0
5512	0
5513	0
5514	0
5515	0
5516	0
5517	0
5518	0
5519	0
5520	0
5521	1
5522	0
5523	0
5524	1
5525	1
5526	0
5527	1
5528	0
5529	0
5530	0
5531	1
5532	0
5533	0
5534	0
5535	0
5536	0
5537	0
5538	0
5539	0
5540	0
5541	0
5542	0
5543	0
5544	0
5545	2
5546	0
5547	0
5548	0
5549	0
5550	0
5551	0
5552	0
5553	0
5554	1
5555	0
5556	0
5557	0
5558	0
5559	0
5560	0
5561	0
5562	0
5563	0
5564	1
5565	0
5566	0
5567	0
5568	0
5569	0
5570	0
5571	0
5572	0
5573	0
5574	0
5575	0
5576	0
5577	0
5578	0
5579	2
5580	0
5581	0
5582	0
5583	0
5584	0
5585	0
5586	0
5587	0
5588	0
5589	0
5590	1
5591	0
5592	1
5593	1
5594	1
5595	0
5596	1
5597	0
5598	0
5599	0
5600	0
5601	0
5602	0
5603	1
5604	1
5605	1
5606	0
5607	0
5608	0
5609	0
5610	0
5611	0
5612	0
5613	0
5614	0
5615	0
5616	0
5617	0
5618	0
5619	1
5620	0
5621	0
5622	1
5623	0
5624	0
5625	0
5626	0
5627	0
5628	1
5629	0
5630	0
5631	0
5632	0
5633	0
5634	1
5635	0
5636	0
5637	0
5638	1
5639	0
5640	0
5641	0
5642	1
5643	0
5644	1
5645	0
5646	0
5647	0
5648	0
5649	0
5650	0
5651	1
5652	1
5653	1
5654	1
5655	0
5656	0
5657	0
5658	0
5659	0
5660	0
5661	0
5662	0
5663	1
5664	0
5665	1
5666	0
5667	0
5668	0
5669	0
5670	1
5671	0
5672	0
5673	0
5674	0
5675	0
5676	0
5677	0
5678	1
5679	1
5680	0
5681	0
5682	0
5683	0
5684	0
5685	0
5686	0
5687	0
5688	0
5689	0
5690	0
5691	0
5692	0
5693	0
5694	0
5695	0
5696	0
5697	0
5698	0
5699	0
5700	0
5701	0
5702	0
5703	1
5704	0
5705	0
5706	1
5707	1
5708	0
5709	0
5710	1
5711	0
5712	0
5713	0
5714	0
5715	0
5716	0
5717	0
5718	0
5719	0
5720	0
5721	0
5722	0
5723	0
5724	0
5725	0
5726	1
5727	0
5728	0
5729	1
5730	1
5731	0
5732	0
5733	1
5734	0
5735	0
5736	0
5737	0
5738	0
5739	0
5740	0
5741	0
5742	0
5743	0
5744	0
5745	0
5746	0
5747	0
5748	0
5749	0
5750	0
5751	0
5752	0
5753	0
5754	1
5755	0
5756	0
5757	0
5758	0
5759	0
5760	0
5761	0
5762	1
5763	0
5764	0
5765	0
5766	0
5767	0
5768	0
5769	1
5770	0
5771	0
5772	1
5773	0
5774	0
5775	1
5776	0
5777	0
5778	0
5779	0
5780	0
5781	0
5782	0
5783	1
5784	0
5785	0
5786	0
5787	0
5788	0
5789	0
5790	0
5791	0
5792	0
5793	1
5794	0
5795	0
5796	0
5797	0
5798	0
5799	0
5800	0
5801	0
5802	0
5803	0
5804	0
5805	0
5806	0
5807	0
5808	0
5809	0
5810	0
5811	0
5812	0
5813	0
5814	1
5815	0
5816	1
5817	0
5818	0
5819	1
5820	0
5821	0
5822	0
5823	0
5824	0
5825	0
5826	0
5827	0
5828	0
5829	0
5830	0
5831	0
5832	0
5833	0
5834	0
5835	0
5836	0
5837	0
5838	1
5839	0
5840	1
5841	0
5842	1
5843	0
5844	0
5845	0
5846	0
5847	0
5848	0
5849	0
5850	0
5851	1
5852	0
5853	0
5854	0
5855	0
5856	0
5857	0
5858	0
5859	0
5860	0
5861	0
5862	0
5863	0
5864	0
5865	1
5866	1
5867	0
5868	0
5869	0
5870	0
5871	0
5872	0
5873	0
5874	0
5875	0
5876	0
5877	1
5878	0
5879	0
5880	0
5881	0
5882	0
5883	0
5884	0
5885	0
5886	0
5887	0
5888	1
5889	0
5890	0
5891	0
5892	1
5893	0
5894	1
5895	0
5896	0
5897	0
5898	0
5899	0
5900	0
5901	0
5902	0
5903	0
5904	0
5905	0
5906	1
5907	0
5908	0
5909	0
5910	0
5911	1
5912	0
5913	0
5914	0
5915	0
5916	0
5917	0
5918	0
5919	0
5920	0
5921	0
5922	0
5923	0
5924	0
5925	0
5926	1
5927	0
5928	0
5929	0
5930	1
5931	0
5932	0
5933	0
5934	0
5935	0
5936	0
5937	0
5938	0
5939	0
5940	0
5941	0
5942	0
5943	0
5944	0
5945	0
5946	0
5947	0
5948	0
5949	0
5950	0
5951	0
5952	0
5953	0
5954	0
5955	0
5956	0
5957	0
5958	1
5959	0
5960	1
5961	0
5962	0
5963	0
5964	0
5965	0
5966	0
5967	0
5968	0
5969	0
5970	1
5971	0
5972	0
5973	0
5974	0
5975	0
5976	0
5977	0
5978	0
5979	0
5980	0
5981	0
5982	0
5983	0
5984	0
5985	0
5986	0
5987	0
5988	0
5989	0
5990	0
5991	0
5992	0
5993	1
5994	0
5995	0
5996	0
5997	1
5998	0
5999	0
6000	0
6001	0
6002	0
6003	1
6004	0
6005	0
6006	0
6007	0
6008	0
6009	0
6010	0
6011	0
6012	0
6013	0
6014	0
6015	0
6016	1
6017	0
6018	0
6019	0
6020	0
6021	0
6022	0
6023	0
6024	0
6025	0
6026	1
6027	1
6028	0
6029	0
6030	1
6031	0
6032	0
6033	1
6034	0
6035	0
6036	0
6037	0
6038	0
6039	0
6040	0
6041	0
6042	1
6043	0
6044	0
6045	1
6046	0
6047	0
6048	1
6049	0
6050	1
6051	0
6052	0
6053	0
6054	0
6055	0
6056	0
6057	0
6058	1
6059	0
6060	0
6061	0
6062	0
6063	1
6064	0
6065	0
6066	0
6067	0
6068	0
6069	0
6070	0
6071	0
6072	0
6073	0
6074	0
6075	0
6076	0
6077	0
6078	0
6079	0
6080	0
6081	0
6082	1
6083	0
6084	0
6085	0
6086	0
6087	0
6088	0
6089	0
6090	0
6091	1
6092	0
6093	1
6094	0
6095	0
6096	0
6097	0
6098	0
6099	0
6100	0
6101	0
6102	0
6103	0
6104	0
6105	0
6106	0
6107	0
6108	0
6109	0
6110	0
6111	0
6112	0
6113	0
6114	0
6115	0
6116	0
6117	1
6118	1
6119	0
6120	0
6121	0
6122	0
6123	0
6124	0
6125	0
6126	0
6127	0
6128	0
6129	0
6130	0
6131	0
6132	0
6133	0
6134	0
6135	0
6136	0
6137	0
6138	0
6139	0
6140	1
6141	0
6142	0
6143	0
6144	0
6145	0
6146	0
6147	0
6148	0
6149	0
6150	1
6151	1
6152	1
6153	0
6154	1
6155	1
6156	1
6157	2
6158	0
6159	0
6160	0
6161	0
6162	2
6163	0
6164	0
6165	0
6166	0
6167	0
6168	0
6169	0
6170	0
6171	0
6172	0
6173	0
6174	0
6175	0
6176	2
6177	0
6178	0
6179	0
6180	0
6181	0
6182	0
6183	0
6184	0
6185	0
6186	0
6187	0
6188	0
6189	0
6190	0
6191	0
6192	0
6193	0
6194	0
6195	0
6196	0
6197	0
6198	0
6199	0
6200	0
6201	0
6202	0
6203	0
6204	0
6205	0
6206	0
6207	0
6208	0
6209	0
6210	0
6211	0
6212	0
6213	0
6214	1
6215	0
6216	0
6217	0
6218	0
6219	0
6220	0
6221	0
6222	1
6223	0
6224	0
6225	0
6226	1
6227	0
6228	0
6229	0
6230	0
6231	1
6232	0
6233	1
6234	0
6235	0
6236	0
6237	0
6238	0
6239	0
6240	1
6241	0
6242	1
6243	0
6244	0
6245	0
6246	0
6247	0
6248	0
6249	0
6250	0
6251	0
6252	1
6253	0
6254	0
6255	0
6256	0
6257	0
6258	0
6259	0
6260	0
6261	0
6262	0
6263	0
6264	0
6265	1
6266	0
6267	0
6268	0
6269	0
6270	0
6271	0
6272	0
6273	0
6274	0
6275	0
6276	0
6277	1
6278	0
6279	0
6280	0
6281	0
6282	0
6283	0
6284	0
6285	0
6286	0
6287	0
6288	0
6289	0
6290	0
6291	0
6292	0
6293	0
6294	0
6295	0
6296	0
6297	0
6298	0
6299	0
6300	0
6301	0
6302	0
6303	0
6304	0
6305	0
6306	0
6307	0
6308	0
6309	0
6310	0
6311	0
6312	0
6313	0
6314	0
6315	0
6316	0
6317	1
6318	0
6319	0
6320	0
6321	1
6322	0
6323	0
6324	0
6325	0
6326	1
6327	1
6328	0
6329	0
6330	0
6331	0
6332	0
6333	0
6334	1
6335	0
6336	0
6337	0
6338	0
6339	0
6340	0
6341	0
6342	0
6343	0
6344	0
6345	0
6346	0
6347	0
6348	1
6349	0
6350	0
6351	0
6352	0
6353	0
6354	0
6355	0
6356	0
6357	0
6358	1
6359	0
6360	0
6361	0
6362	0
6363	0
6364	0
6365	0
6366	1
6367	0
6368	0
6369	0
6370	0
6371	0
6372	0
6373	0
6374	0
6375	0
6376	0
6377	0
6378	0
6379	1
6380	0
6381	2
6382	0
6383	0
6384	0
6385	0
6386	0
6387	0
6388	0
6389	0
6390	0
6391	0
6392	0
6393	0
6394	0
6395	0
6396	1
6397	0
6398	0
6399	0
6400	1
6401	0
6402	0
6403	0
6404	0
6405	0
6406	0
6407	0
6408	0
6409	0
6410	0
6411	0
6412	0
6413	0
6414	0
6415	0
6416	0
6417	0
6418	0
6419	1
6420	0
6421	0
6422	0
6423	0
6424	0
6425	0
6426	0
6427	1
6428	0
6429	0
6430	0
6431	0
6432	0
6433	0
6434	0
6435	0
6436	0
6437	0
6438	0
6439	0
6440	1
6441	0
6442	0
6443	0
6444	0
6445	0
6446	0
6447	0
6448	0
6449	0
6450	0
6451	0
6452	0
6453	0
6454	0
6455	0
6456	0
6457	0
6458	0
6459	0
6460	0
6461	0
6462	0
6463	0
6464	0
6465	0
6466	0
6467	0
6468	0
6469	0
6470	0
6471	0
6472	0
6473	0
6474	0
6475	0
6476	1
6477	0
6478	0
6479	0
6480	0
6481	0
6482	0
6483	0
6484	1
6485	0
6486	0
6487	0
6488	0
6489	0
6490	0
6491	0
6492	0
6493	0
6494	0
6495	0
6496	0
6497	0
6498	0
6499	0
6500	0
6501	0
6502	0
6503	0
6504	0
6505	0
6506	0
6507	0
6508	1
6509	0
6510	0
6511	0
6512	0
6513	0
6514	1
6515	0
6516	0
6517	0
6518	0
6519	0
6520	0
6521	0
6522	0
6523	0
6524	0
6525	0
6526	0
6527	0
6528	0
6529	0
6530	0
6531	0
6532	0
6533	0
6534	0
6535	0
6536	0
6537	0
6538	0
6539	0
6540	0
6541	0
6542	0
6543	0
6544	0
6545	1
6546	0
6547	0
6548	0
6549	0
6550	0
6551	0
6552	0
6553	0
6554	0
6555	0
6556	0
6557	0
6558	0
6559	0
6560	0
6561	0
6562	0
6563	0
6564	0
6565	0
6566	0
6567	0
6568	0
6569	0
6570	1
6571	0
6572	0
6573	0
6574	0
6575	0
6576	0
6577	0
6578	0
6579	0
6580	0
6581	0
6582	0
6583	0
6584	0
6585	0
6586	0
6587	0
6588	2
6589	0
6590	0
6591	1
6592	0
6593	0
6594	0
6595	0
6596	0
6597	0
6598	0
6599	0
6600	0
6601	0
6602	0
6603	0
6604	0
6605	0
6606	0
6607	0
6608	0
6609	0
6610	0
6611	0
6612	0
6613	0
6614	0
6615	0
6616	0
6617	0
6618	0
6619	0
6620	0
6621	0
6622	0
6623	0
6624	0
6625	0
6626	0
6627	0
6628	0
6629	0
6630	0
6631	0
6632	0
6633	0
6634	0
6635	0
6636	0
6637	0
6638	0
6639	0
6640	0
6641	1
6642	0
6643	0
6644	0
6645	0
6646	0
6647	0
6648	0
6649	0
6650	0
6651	0
6652	0
6653	0
6654	0
6655	0
6656	0
6657	0
6658	0
6659	0
6660	0
6661	0
6662	0
6663	0
6664	1
6665	0
6666	0
6667	0
6668	0
6669	0
6670	0
6671	0
6672	0
6673	0
6674	0
6675	0
6676	0
6677	0
6678	0
6679	0
6680	0
6681	0
6682	0
6683	0
6684	0
6685	0
6686	0
6687	0
6688	0
6689	0
6690	0
6691	0
6692	0
6693	0
6694	0
6695	0
6696	0
6697	0
6698	0
6699	0
6700	0
6701	0
6702	0
6703	0
6704	0
6705	1
6706	0
6707	0
6708	0
6709	0
6710	0
6711	0
6712	0
6713	0
6714	0
6715	0
6716	0
6717	0
6718	0
6719	0
6720	0
6721	0
6722	1
6723	0
6724	0
6725	1
6726	0
6727	0
6728	0
6729	0
6730	0
6731	0
6732	0
6733	0
6734	0
6735	0
6736	1
6737	0
6738	0
6739	0
6740	0
6741	0
6742	0
6743	0
6744	0
6745	0
6746	0
6747	0
6748	0
6749	0
6750	0
6751	0
6752	0
6753	0
6754	0
6755	0
6756	0
6757	0
6758	0
6759	0
6760	0
6761	0
6762	0
6763	0
6764	0
6765	0
6766	1
6767	0
6768	0
6769	0
6770	0
6771	0
6772	0
6773	0
6774	0
6775	0
6776	0
6777	0
6778	0
6779	0
6780	0
6781	0
6782	0
6783	0
6784	0
6785	0
6786	0
6787	0
6788	1
6789	0
6790	0
6791	0
6792	0
6793	0
6794	0
6795	0
6796	0
6797	0
6798	0
6799	0
6800	0
6801	0
6802	1
6803	0
6804	0
6805	0
6806	0
6807	0
6808	0
6809	0
6810	0
6811	0
6812	1
6813	0
6814	0
6815	0
6816	0
6817	0
6818	0
6819	0
6820	0
6821	0
6822	0
6823	0
6824	0
6825	0
6826	0
6827	0
6828	0
6829	0
6830	0
6831	0
6832	0
6833	0
6834	0
6835	0
6836	0
6837	0
6838	0
6839	0
6840	0
6841	0
6842	0
6843	0
6844	0
6845	0
6846	0
6847	0
6848	0
6849	0
6850	0
6851	0
6852	0
6853	0
6854	0
6855	0
6856	0
6857	0
6858	0
6859	0
6860	0
6861	1
6862	0
6863	1
6864	0
6865	0
6866	0
6867	0
6868	0
6869	0
6870	0
6871	0
6872	0
6873	0
6874	0
6875	0
6876	0
6877	0
6878	0
6879	0
6880	0
6881	0
6882	0
6883	0
6884	0
6885	0
6886	0
6887	0
6888	0
6889	0
6890	0
6891	0
6892	0
6893	0
6894	0
6895	0
6896	0
6897	0
6898	0
6899	0
6900	0
6901	0
6902	1
6903	0
6904	0
6905	0
6906	1
6907	0
6908	0
6909	0
6910	0
6911	0
6912	0
6913	0
6914	0
6915	0
6916	1
6917	0
6918	0
6919	0
6920	0
6921	1
6922	0
6923	0
6924	0
6925	0
6926	0
6927	0
6928	0
6929	0
6930	0
6931	0
6932	0
6933	0
6934	0
6935	0
6936	0
6937	0
6938	0
6939	0
6940	0
6941	0
6942	0
6943	0
6944	0
6945	0
6946	0
6947	0
6948	1
6949	0
6950	0
6951	0
6952	0
6953	0
6954	0
6955	0
6956	0
6957	0
6958	0
6959	0
6960	0
6961	0
6962	0
6963	0
6964	0
6965	0
6966	0
6967	1
6968	0
6969	0
6970	0
6971	0
6972	0
6973	0
6974	1
6975	0
6976	0
6977	0
6978	0
6979	0
6980	0
6981	0
6982	0
6983	0
6984	0
6985	0
6986	0
6987	0
6988	0
6989	0
6990	0
6991	0
6992	0
6993	0
6994	0
6995	0
6996	0
6997	0
6998	0
6999	0
7000	1
7001	0
7002	0
7003	0
7004	0
7005	0
7006	0
7007	0
7008	0
7009	0
7010	0
7011	0
7012	0
7013	0
7014	0
7015	0
7016	0
7017	0
7018	0
7019	0
7020	0
7021	0
7022	0
7023	0
7024	0
7025	0
7026	0
7027	0
7028	0
7029	0
7030	0
7031	1
7032	0
7033	0
7034	0
7035	0
7036	0
7037	0
7038	0
7039	0
7040	0
7041	0
7042	0
7043	0
7044	0
7045	0
7046	0
7047	0
7048	0
7049	0
7050	0
7051	0
7052	0
7053	0
7054	0
7055	0
7056	0
7057	0
7058	0
7059	0
7060	0
7061	0
7062	1
7063	0
7064	0
7065	0
7066	0
7067	0
7068	1
7069	0
7070	0
7071	0
7072	0
7073	0
7074	0
7075	0
7076	0
7077	0
7078	0
7079	0
7080	0
7081	0
7082	0
7083	1
7084	0
7085	0
7086	0
7087	0
7088	0
7089	0
7090	0
7091	0
7092	0
7093	0
7094	0
7095	0
7096	0
7097	0
7098	0
7099	0
7100	0
7101	0
7102	0
7103	0
7104	0
7105	0
7106	0
7107	0
7108	0
7109	0
7110	0
7111	0
7112	0
7113	0
7114	0
7115	0
7116	0
7117	0
7118	0
7119	0
7120	0
7121	0
7122	0
7123	0
7124	0
7125	0
7126	0
7127	0
7128	0
7129	0
7130	0
7131	0
7132	0
7133	0
7134	0
7135	0
7136	0
7137	0
7138	0
7139	0
7140	0
7141	0
7142	0
7143	0
7144	0
7145	0
7146	0
7147	0
7148	0
7149	0
7150	0
7151	0
7152	0
7153	0
7154	1
7155	0
7156	0
7157	0
7158	0
7159	0
7160	0
7161	0
7162	0
7163	2
7164	0
7165	0
7166	0
7167	0
7168	0
7169	0
7170	0
7171	1
7172	0
7173	0
7174	0
7175	0
7176	1
7177	0
7178	0
7179	0
7180	0
7181	0
7182	0
7183	0
7184	0
7185	0
7186	0
7187	0
7188	0
7189	0
7190	0
7191	0
7192	0
7193	0
7194	0
7195	0
7196	0
7197	0
7198	0
7199	0
7200	0
7201	0
7202	0
7203	0
7204	0
7205	0
7206	0
7207	0
7208	0
7209	0
7210	0
7211	0
7212	0
7213	0
7214	0
7215	0
7216	0
7217	0
7218	0
7219	0
7220	0
7221	0
7222	1
7223	0
7224	0
7225	0
7226	0
7227	0
7228	0
7229	0
7230	0
7231	0
7232	0
7233	0
7234	0
7235	0
7236	0
7237	0
7238	0
7239	0
7240	0
7241	0
7242	0
7243	0
7244	0
7245	0
7246	0
7247	0
7248	1
7249	0
7250	0
7251	0
7252	0
7253	0
7254	0
7255	0
7256	0
7257	0
7258	0
7259	0
7260	0
7261	1
7262	0
7263	0
7264	0
7265	0
7266	0
7267	0
7268	0
7269	0
7270	0
7271	1
7272	0
7273	0
7274	0
7275	0
7276	0
7277	0
7278	0
7279	0
7280	0
7281	0
7282	0
7283	0
7284	0
7285	0
7286	0
7287	0
7288	0
7289	0
7290	0
7291	0
7292	0
7293	0
7294	0
7295	0
7296	0
7297	0
7298	0
7299	0
7300	0
7301	0
7302	0
7303	0
7304	0
7305	0
7306	0
7307	0
7308	0
7309	0
7310	0
7311	0
7312	0
7313	0
7314	0
7315	0
7316	0
7317	0
7318	0
7319	0
7320	0
7321	0
7322	1
7323	0
7324	0
7325	0
7326	0
7327	0
7328	1
7329	0
7330	0
7331	0
7332	0
7333	0
7334	0
7335	0
7336	1
7337	0
7338	0
7339	0
7340	1
7341	0
7342	0
7343	0
7344	0
7345	0
7346	0
7347	0
7348	0
7349	0
7350	0
7351	0
7352	0
7353	0
7354	0
7355	0
7356	0
7357	0
7358	0
7359	0
7360	0
7361	0
7362	0
7363	0
7364	0
7365	0
7366	0
7367	0
7368	0
7369	1
7370	0
7371	0
7372	0
7373	0
7374	0
7375	0
7376	0
7377	0
7378	0
7379	0
7380	0
7381	0
7382	0
7383	1
7384	0
7385	0
7386	0
7387	0
7388	0
7389	0
7390	0
7391	0
7392	0
7393	0
7394	0
7395	0
7396	0
7397	0
7398	0
7399	0
7400	0
7401	0
7402	0
7403	0
7404	0
7405	0
7406	0
7407	0
7408	0
7409	0
7410	0
7411	0
7412	0
7413	0
7414	0
7415	0
7416	0
7417	0
7418	0
7419	0
7420	0
7421	0
7422	0
7423	0
7424	0
7425	0
7426	0
7427	0
7428	0
7429	0
7430	0
7431	0
7432	0
7433	0
7434	0
7435	0
7436	0
7437	0
7438	0
7439	0
7440	0
7441	0
7442	0
7443	0
7444	0
7445	0
7446	0
7447	0
7448	0
7449	0
7450	1
7451	0
7452	0
7453	0
7454	0
7455	0
7456	0
7457	0
7458	0
7459	0
7460	0
7461	0
7462	0
7463	0
7464	0
7465	1
7466	0
7467	0
7468	0
7469	0
7470	0
7471	0
7472	0
7473	0
7474	0
7475	0
7476	0
7477	0
7478	0
7479	0
7480	0
7481	0
7482	0
7483	0
7484	0
7485	0
7486	0
7487	0
7488	0
7489	0
7490	0
7491	0
7492	1
7493	0
7494	0
7495	0
7496	0
7497	0
7498	0
7499	0
7500	0
7501	0
7502	0
7503	0
7504	0
7505	0
7506	0
7507	0
7508	0
7509	0
7510	0
7511	0
7512	0
7513	0
7514	0
7515	0
7516	0
7517	0
7518	0
7519	0
7520	0
7521	0
7522	0
7523	0
7524	0
7525	0
7526	0
7527	0
7528	0
7529	0
7530	0
7531	0
7532	0
7533	0
7534	0
7535	2
7536	0
7537	0
7538	0
7539	0
7540	0
7541	0
7542	0
7543	0
7544	0
7545	0
7546	0
7547	0
7548	0
7549	0
7550	0
7551	0
7552	0
7553	1
7554	0
7555	0
7556	0
7557	0
7558	0
7559	0
7560	0
7561	0
7562	0
7563	0
7564	1
7565	0
7566	0
7567	0
7568	0
7569	0
7570	0
7571	0
7572	0
7573	0
7574	0
7575	0
7576	0
7577	0
7578	0
7579	0
7580	0
7581	0
7582	0
7583	0
7584	0
7585	0
7586	0
7587	0
7588	0
7589	0
7590	0
7591	0
7592	0
7593	0
7594	0
7595	0
7596	0
7597	0
7598	0
7599	0
7600	0
7601	0
7602	0
7603	0
7604	0
7605	0
7606	0
7607	0
7608	0
7609	0
7610	0
7611	0
7612	0
7613	0
7614	0
7615	0
7616	0
7617	0
7618	0
7619	0
7620	0
7621	0
7622	0
7623	0
7624	0
7625	0
7626	0
7627	0
7628	0
7629	0
7630	0
7631	0
7632	0
7633	0
7634	0
7635	0
7636	0
7637	0
7638	0
7639	0
7640	0
7641	0
7642	0
7643	0
7644	0
7645	0
7646	0
7647	0
7648	0
7649	0
7650	0
7651	0
7652	0
7653	0
7654	0
7655	0
7656	0
7657	0
7658	0
7659	0
7660	0
7661	0
7662	0
7663	0
7664	0
7665	0
7666	0
7667	0
7668	0
7669	0
7670	0
7671	1
7672	0
7673	0
7674	0
7675	0
7676	0
7677	0
7678	0
7679	0
7680	0
7681	0
7682	0
7683	0
7684	0
7685	1
7686	0
7687	0
7688	0
7689	0
7690	0
7691	0
7692	0
7693	0
7694	0
7695	0
7696	1
7697	0
7698	0
7699	0
7700	0
7701	0
7702	0
7703	0
7704	0
7705	0
7706	0
7707	0
7708	0
7709	0
7710	0
7711	0
7712	0
7713	0
7714	0
7715	0
7716	0
7717	0
7718	0
7719	0
7720	0
7721	0
7722	0
7723	0
7724	0
7725	0
7726	0
7727	0
7728	0
7729	0
7730	0
7731	0
7732	0
7733	0
7734	0
7735	0
7736	0
7737	0
7738	0
7739	0
7740	0
7741	0
7742	0
7743	0
7744	0
7745	0
7746	0
7747	0
7748	0
7749	0
7750	0
7751	0
7752	0
7753	0
7754	0
7755	0
7756	0
7757	0
7758	0
7759	1
7760	0
7761	0
7762	0
7763	0
7764	0
7765	0
7766	0
7767	0
7768	0
7769	0
7770	0
7771	0
7772	0
7773	0
7774	0
7775	0
7776	0
7777	0
7778	0
7779	0
7780	0
7781	1
7782	0
7783	0
7784	0
7785	0
7786	0
7787	0
7788	0
7789	0
7790	0
7791	0
7792	0
7793	0
7794	0
7795	0
7796	0
7797	0
7798	0
7799	0
7800	0
7801	0
7802	0
7803	0
7804	0
7805	0
7806	0
7807	0
7808	0
7809	0
7810	0
7811	0
7812	0
7813	0
7814	0
7815	0
7816	0
7817	0
7818	0
7819	0
7820	0
7821	0
7822	0
7823	0
7824	0
7825	0
7826	0
7827	0
7828	0
7829	0
7830	0
7831	0
7832	0
7833	0
7834	0
7835	0
7836	0
7837	0
7838	0
7839	0
7840	0
7841	0
7842	0
7843	0
7844	0
7845	0
7846	0
7847	0
7848	0
7849	0
7850	0
7851	0
7852	0
7853	0
7854	0
7855	0
7856	0
7857	0
7858	0
7859	0
7860	0
7861	0
7862	0
7863	0
7864	0
7865	0
7866	0
7867	0
7868	0
7869	0
7870	0
7871	0
7872	0
7873	0
7874	0
7875	0
7876	0
7877	0
7878	0
7879	0
7880	0
7881	0
7882	0
7883	0
7884	0
7885	0
7886	0
7887	0
7888	0
7889	0
7890	0
7891	0
7892	0
7893	0
7894	0
7895	0
7896	0
7897	0
7898	0
7899	1
7900	0
7901	0
7902	0
7903	0
7904	0
7905	0
7906	0
7907	0
7908	0
7909	0
7910	0
7911	0
7912	0
7913	0
7914	0
7915	0
7916	0
7917	0
7918	1
7919	0
7920	0
7921	0
7922	0
7923	0
7924	0
7925	0
7926	0
7927	0
7928	0
7929	0
7930	0
7931	0
7932	0
7933	0
7934	0
7935	0
7936	0
7937	0
7938	0
7939	0
7940	0
7941	0
7942	0
7943	0
7944	0
7945	0
7946	0
7947	0
7948	0
7949	0
7950	0
7951	0
7952	0
7953	0
7954	0
7955	0
7956	0
7957	0
7958	0
7959	0
7960	0
7961	0
7962	0
7963	0
7964	0
7965	0
7966	0
7967	0
7968	0
7969	0
7970	0
7971	0
7972	0
7973	0
7974	0
7975	0
7976	0
7977	1
7978	0
7979	0
7980	0
7981	0
7982	0
7983	0
7984	0
7985	0
7986	0
7987	0
7988	0
7989	0
7990	0
7991	0
7992	0
7993	2
7994	0
7995	0
7996	1
7997	0
7998	0
7999	0
8000	0
8001	0
8002	0
8003	0
8004	0
8005	0
8006	0
8007	0
8008	0
8009	0
8010	0
8011	0
8012	0
8013	0
8014	0
8015	0
8016	0
8017	0
8018	0
8019	0
8020	0
8021	0
8022	0
8023	0
8024	0
8025	0
8026	0
8027	0
8028	0
8029	0
8030	0
8031	0
8032	0
8033	0
8034	0
8035	0
8036	0
8037	0
8038	0
8039	0
8040	0
8041	0
8042	0
8043	0
8044	0
8045	0
8046	0
8047	0
8048	0
8049	0
8050	0
8051	0
8052	0
8053	0
8054	0
8055	0
8056	0
8057	0
8058	0
8059	0
8060	0
8061	0
8062	0
8063	0
8064	0
8065	0
8066	0
8067	0
8068	1
8069	0
8070	0
8071	0
8072	0
8073	0
8074	0
8075	0
8076	0
8077	0
8078	0
8079	0
8080	0
8081	0
8082	0
8083	0
8084	0
8085	0
8086	0
8087	0
8088	0
8089	0
8090	0
8091	0
8092	0
8093	0
8094	0
8095	0
8096	0
8097	0
8098	0
8099	0
8100	0
8101	0
8102	0
8103	0
8104	0
8105	0
8106	0
8107	0
8108	0
8109	0
8110	0
8111	0
8112	0
8113	0
8114	0
8115	0
8116	0
8117	0
8118	0
8119	0
8120	1
8121	0
8122	0
8123	0
8124	0
8125	0
8126	0
8127	0
8128	0
8129	0
8130	0
8131	0
8132	0
8133	0
8134	0
8135	0
8136	0
8137	0
8138	0
8139	0
8140	0
8141	0
8142	0
8143	0
8144	0
8145	0
8146	0
8147	0
8148	0
8149	0
8150	0
8151	0
8152	0
8153	0
8154	0
8155	0
8156	0
8157	0
8158	0
8159	0
8160	0
8161	0
8162	0
8163	0
8164	0
8165	0
8166	0
8167	0
8168	0
8169	0
8170	0
8171	0
8172	0
8173	0
8174	0
8175	0
8176	0
8177	0
8178	0
8179	0
8180	0
8181	0
8182	0
8183	0
8184	0
8185	0
8186	0
8187	0
8188	0
8189	0
8190	0
8191	0
