0	0
1	0
2	0
3	0
4	0
5	0
6	0
7	0
8	0
9	0
10	0
11	0
12	0
13	0
14	0
15	0
16	0
17	0
18	0
19	0
20	0
21	0
22	0
23	0
24	0
25	0
26	0
27	0
28	0
29	0
30	0
31	0
32	0
33	0
34	0
35	0
36	0
37	0
38	0
39	0
40	0
41	0
42	0
43	0
44	0
45	0
46	0
47	0
48	0
49	0
50	0
51	0
52	0
53	0
54	0
55	0
56	0
57	0
58	0
59	0
60	0
61	0
62	0
63	0
64	1
65	0
66	1
67	0
68	2
69	1
70	3
71	15
72	19
73	40
74	49
75	34
76	47
77	35
78	40
79	31
80	44
81	43
82	34
83	41
84	37
85	36
86	33
87	38
88	35
89	54
90	48
91	34
92	41
93	31
94	38
95	39
96	44
97	38
98	33
99	43
100	41
101	26
102	41
103	39
104	45
105	47
106	39
107	39
108	26
109	32
110	33
111	33
112	31
113	42
114	32
115	46
116	44
117	35
118	46
119	29
120	53
121	40
122	33
123	38
124	37
125	40
126	33
127	34
128	46
129	34
130	45
131	42
132	45
133	41
134	46
135	48
136	49
137	51
138	38
139	46
140	40
141	45
142	37
143	35
144	42
145	51
146	49
147	47
148	29
149	47
150	48
151	46
152	50
153	48
154	42
155	41
156	41
157	35
158	41
159	47
160	45
161	49
162	44
163	37
164	31
165	44
166	56
167	48
168	48
169	56
170	55
171	40
172	48
173	50
174	44
175	41
176	44
177	43
178	53
179	32
180	56
181	64
182	47
183	51
184	44
185	42
186	57
187	52
188	48
189	51
190	44
191	47
192	64
193	56
194	61
195	48
196	58
197	46
198	56
199	65
200	64
201	66
202	50
203	48
204	59
205	73
206	74
207	54
208	74
209	55
210	56
211	62
212	70
213	69
214	62
215	74
216	60
217	56
218	84
219	69
220	57
221	80
222	66
223	98
224	83
225	67
226	64
227	69
228	76
229	83
230	68
231	73
232	74
233	79
234	106
235	93
236	80
237	81
238	102
239	91
240	86
241	102
242	88
243	86
244	91
245	98
246	102
247	105
248	105
249	87
250	74
251	93
252	97
253	98
254	130
255	110
256	117
257	112
258	100
259	106
260	110
261	99
262	116
263	104
264	114
265	103
266	133
267	119
268	134
269	114
270	137
271	136
272	151
273	139
274	125
275	123
276	129
277	149
278	141
279	123
280	146
281	162
282	139
283	161
284	155
285	156
286	148
287	172
288	167
289	165
290	180
291	173
292	179
293	187
294	163
295	173
296	193
297	158
298	197
299	182
300	183
301	202
302	200
303	187
304	195
305	209
306	231
307	218
308	253
309	215
310	221
311	230
312	260
313	240
314	243
315	271
316	274
317	259
318	278
319	298
320	297
321	299
322	304
323	317
324	321
325	341
326	322
327	316
328	357
329	366
330	397
331	384
332	418
333	455
334	434
335	436
336	451
337	505
338	522
339	540
340	559
341	580
342	559
343	564
344	655
345	635
346	674
347	765
348	674
349	752
350	807
351	801
352	884
353	885
354	892
355	955
356	970
357	1018
358	1034
359	1063
360	1114
361	1131
362	1164
363	1178
364	1261
365	1270
366	1313
367	1381
368	1373
369	1425
370	1403
371	1612
372	1587
373	1693
374	1664
375	1712
376	1782
377	1757
378	1822
379	1865
380	2047
381	1946
382	2053
383	2089
384	2104
385	2151
386	2183
387	2222
388	2306
389	2301
390	2419
391	2371
392	2419
393	2397
394	2481
395	2509
396	2450
397	2581
398	2500
399	2575
400	2638
401	2605
402	2651
403	2590
404	2472
405	2562
406	2542
407	2609
408	2579
409	2591
410	2587
411	2612
412	2543
413	2550
414	2592
415	2515
416	2458
417	2592
418	2515
419	2447
420	2464
421	2382
422	2359
423	2253
424	2233
425	2185
426	2270
427	2143
428	2062
429	2105
430	1998
431	1961
432	1915
433	1900
434	1967
435	1832
436	1763
437	1690
438	1691
439	1630
440	1616
441	1620
442	1571
443	1487
444	1457
445	1457
446	1354
447	1360
448	1332
449	1312
450	1239
451	1271
452	1179
453	1123
454	1137
455	1045
456	1100
457	1006
458	1005
459	998
460	1002
461	962
462	907
463	843
464	893
465	864
466	822
467	759
468	786
469	755
470	729
471	722
472	694
473	728
474	690
475	628
476	650
477	649
478	605
479	627
480	636
481	602
482	583
483	571
484	570
485	554
486	528
487	517
488	497
489	471
490	517
491	454
492	501
493	483
494	431
495	447
496	432
497	427
498	390
499	412
500	448
501	378
502	386
503	320
504	325
505	341
506	307
507	295
508	285
509	307
510	283
511	275
512	255
513	261
514	277
515	236
516	230
517	224
518	209
519	211
520	234
521	193
522	192
523	195
524	188
525	189
526	176
527	183
528	190
529	149
530	141
531	144
532	132
533	133
534	137
535	132
536	110
537	117
538	114
539	114
540	107
541	96
542	96
543	109
544	93
545	97
546	92
547	100
548	95
549	107
550	78
551	88
552	80
553	94
554	80
555	69
556	76
557	68
558	77
559	77
560	81
561	75
562	52
563	68
564	54
565	71
566	68
567	74
568	64
569	63
570	64
571	78
572	60
573	70
574	67
575	59
576	69
577	59
578	63
579	51
580	71
581	72
582	58
583	61
584	76
585	50
586	68
587	55
588	51
589	55
590	71
591	71
592	85
593	66
594	67
595	70
596	66
597	59
598	75
599	82
600	51
601	60
602	72
603	80
604	61
605	64
606	78
607	62
608	65
609	77
610	62
611	56
612	84
613	63
614	69
615	66
616	63
617	76
618	85
619	88
620	72
621	68
622	68
623	87
624	62
625	67
626	73
627	75
628	64
629	75
630	97
631	73
632	68
633	83
634	75
635	89
636	90
637	68
638	82
639	88
640	81
641	100
642	91
643	84
644	86
645	104
646	89
647	89
648	97
649	98
650	90
651	101
652	85
653	100
654	85
655	108
656	88
657	114
658	97
659	99
660	112
661	95
662	98
663	109
664	98
665	108
666	123
667	110
668	94
669	92
670	113
671	103
672	101
673	108
674	101
675	108
676	103
677	123
678	123
679	124
680	148
681	119
682	139
683	97
684	113
685	113
686	117
687	94
688	125
689	131
690	138
691	132
692	112
693	123
694	141
695	122
696	125
697	135
698	123
699	118
700	142
701	131
702	131
703	123
704	145
705	109
706	124
707	138
708	137
709	136
710	133
711	116
712	133
713	136
714	128
715	135
716	128
717	126
718	128
719	120
720	153
721	145
722	136
723	157
724	153
725	162
726	145
727	139
728	143
729	136
730	135
731	137
732	137
733	141
734	135
735	140
736	141
737	136
738	166
739	145
740	157
741	143
742	150
743	140
744	147
745	150
746	137
747	143
748	157
749	140
750	120
751	141
752	130
753	133
754	165
755	165
756	154
757	159
758	154
759	149
760	151
761	151
762	161
763	139
764	135
765	150
766	158
767	152
768	138
769	154
770	146
771	143
772	148
773	144
774	137
775	128
776	123
777	139
778	151
779	148
780	140
781	131
782	122
783	154
784	136
785	150
786	148
787	149
788	125
789	131
790	130
791	133
792	131
793	126
794	146
795	129
796	132
797	120
798	160
799	143
800	126
801	125
802	139
803	126
804	138
805	127
806	124
807	112
808	146
809	132
810	115
811	121
812	131
813	121
814	110
815	107
816	101
817	108
818	118
819	128
820	110
821	117
822	113
823	110
824	114
825	121
826	111
827	95
828	121
829	105
830	128
831	97
832	109
833	114
834	97
835	111
836	111
837	112
838	101
839	123
840	107
841	114
842	126
843	109
844	132
845	106
846	122
847	114
848	112
849	101
850	89
851	119
852	117
853	121
854	113
855	143
856	121
857	110
858	103
859	114
860	122
861	141
862	136
863	138
864	133
865	121
866	133
867	124
868	107
869	124
870	118
871	131
872	147
873	137
874	136
875	153
876	156
877	141
878	130
879	145
880	134
881	141
882	133
883	138
884	148
885	132
886	146
887	157
888	124
889	161
890	146
891	150
892	150
893	161
894	138
895	176
896	149
897	160
898	143
899	152
900	188
901	160
902	160
903	170
904	159
905	185
906	166
907	167
908	161
909	148
910	185
911	160
912	169
913	166
914	189
915	191
916	183
917	164
918	167
919	178
920	174
921	161
922	164
923	190
924	178
925	170
926	196
927	169
928	172
929	171
930	204
931	179
932	174
933	185
934	165
935	168
936	172
937	176
938	175
939	166
940	169
941	166
942	152
943	193
944	170
945	191
946	182
947	171
948	179
949	185
950	169
951	207
952	174
953	180
954	174
955	164
956	172
957	177
958	162
959	175
960	145
961	177
962	152
963	167
964	167
965	187
966	180
967	165
968	183
969	152
970	183
971	171
972	169
973	162
974	163
975	163
976	149
977	145
978	193
979	153
980	166
981	171
982	177
983	149
984	165
985	158
986	173
987	159
988	157
989	154
990	151
991	182
992	152
993	155
994	129
995	149
996	158
997	161
998	150
999	147
1000	180
1001	161
1002	146
1003	186
1004	172
1005	159
1006	147
1007	160
1008	161
1009	135
1010	189
1011	149
1012	151
1013	134
1014	147
1015	146
1016	142
1017	158
1018	135
1019	140
1020	151
1021	144
1022	166
1023	155
1024	158
1025	158
1026	162
1027	147
1028	162
1029	167
1030	146
1031	153
1032	147
1033	151
1034	152
1035	141
1036	143
1037	163
1038	153
1039	169
1040	140
1041	160
1042	168
1043	148
1044	164
1045	161
1046	152
1047	165
1048	148
1049	166
1050	158
1051	159
1052	143
1053	163
1054	158
1055	159
1056	156
1057	164
1058	167
1059	174
1060	201
1061	183
1062	171
1063	196
1064	166
1065	185
1066	181
1067	167
1068	181
1069	211
1070	196
1071	191
1072	174
1073	161
1074	192
1075	202
1076	208
1077	201
1078	210
1079	192
1080	210
1081	223
1082	226
1083	209
1084	212
1085	213
1086	199
1087	236
1088	256
1089	224
1090	229
1091	254
1092	261
1093	222
1094	256
1095	247
1096	256
1097	244
1098	291
1099	245
1100	257
1101	306
1102	298
1103	276
1104	334
1105	292
1106	289
1107	308
1108	296
1109	311
1110	342
1111	353
1112	334
1113	357
1114	332
1115	325
1116	358
1117	384
1118	351
1119	343
1120	389
1121	376
1122	341
1123	419
1124	373
1125	391
1126	436
1127	388
1128	425
1129	415
1130	444
1131	442
1132	477
1133	473
1134	471
1135	502
1136	502
1137	452
1138	477
1139	507
1140	507
1141	537
1142	499
1143	521
1144	530
1145	626
1146	582
1147	585
1148	620
1149	543
1150	592
1151	559
1152	625
1153	611
1154	619
1155	611
1156	624
1157	632
1158	614
1159	729
1160	697
1161	690
1162	702
1163	737
1164	740
1165	726
1166	700
1167	844
1168	752
1169	733
1170	731
1171	747
1172	806
1173	818
1174	793
1175	806
1176	914
1177	839
1178	855
1179	845
1180	820
1181	859
1182	815
1183	919
1184	867
1185	851
1186	905
1187	896
1188	933
1189	905
1190	866
1191	889
1192	920
1193	951
1194	920
1195	989
1196	944
1197	959
1198	931
1199	999
1200	1027
1201	921
1202	977
1203	959
1204	1003
1205	998
1206	1026
1207	991
1208	946
1209	949
1210	1058
1211	966
1212	949
1213	975
1214	927
1215	985
1216	953
1217	912
1218	933
1219	897
1220	963
1221	925
1222	921
1223	969
1224	918
1225	958
1226	919
1227	874
1228	936
1229	880
1230	922
1231	888
1232	864
1233	906
1234	847
1235	873
1236	882
1237	871
1238	816
1239	812
1240	827
1241	790
1242	775
1243	826
1244	766
1245	756
1246	738
1247	739
1248	731
1249	736
1250	709
1251	726
1252	649
1253	734
1254	653
1255	625
1256	632
1257	614
1258	664
1259	612
1260	638
1261	614
1262	598
1263	564
1264	616
1265	563
1266	543
1267	501
1268	528
1269	511
1270	511
1271	505
1272	461
1273	509
1274	483
1275	450
1276	473
1277	465
1278	449
1279	412
1280	429
1281	412
1282	359
1283	341
1284	352
1285	346
1286	382
1287	336
1288	339
1289	305
1290	302
1291	313
1292	303
1293	310
1294	300
1295	275
1296	247
1297	266
1298	251
1299	252
1300	229
1301	251
1302	253
1303	214
1304	224
1305	215
1306	190
1307	233
1308	202
1309	180
1310	203
1311	204
1312	172
1313	190
1314	182
1315	152
1316	160
1317	170
1318	161
1319	129
1320	128
1321	124
1322	123
1323	109
1324	135
1325	112
1326	126
1327	130
1328	121
1329	100
1330	90
1331	109
1332	110
1333	95
1334	112
1335	82
1336	89
1337	106
1338	106
1339	118
1340	97
1341	86
1342	87
1343	80
1344	75
1345	73
1346	80
1347	77
1348	71
1349	79
1350	80
1351	65
1352	78
1353	64
1354	80
1355	76
1356	64
1357	65
1358	62
1359	65
1360	76
1361	51
1362	71
1363	64
1364	59
1365	63
1366	68
1367	56
1368	63
1369	62
1370	58
1371	59
1372	51
1373	55
1374	62
1375	56
1376	53
1377	55
1378	55
1379	49
1380	50
1381	55
1382	55
1383	51
1384	54
1385	51
1386	61
1387	53
1388	59
1389	62
1390	54
1391	51
1392	49
1393	49
1394	49
1395	59
1396	42
1397	55
1398	44
1399	59
1400	52
1401	68
1402	57
1403	55
1404	58
1405	55
1406	44
1407	46
1408	46
1409	48
1410	62
1411	49
1412	59
1413	44
1414	50
1415	60
1416	42
1417	50
1418	52
1419	57
1420	53
1421	48
1422	49
1423	45
1424	55
1425	40
1426	37
1427	53
1428	40
1429	49
1430	49
1431	53
1432	65
1433	45
1434	53
1435	53
1436	54
1437	48
1438	35
1439	47
1440	39
1441	49
1442	52
1443	51
1444	59
1445	51
1446	49
1447	53
1448	57
1449	48
1450	51
1451	50
1452	44
1453	59
1454	52
1455	49
1456	47
1457	62
1458	54
1459	47
1460	61
1461	53
1462	49
1463	50
1464	52
1465	63
1466	44
1467	58
1468	58
1469	47
1470	52
1471	51
1472	48
1473	53
1474	50
1475	50
1476	55
1477	61
1478	61
1479	53
1480	54
1481	45
1482	45
1483	51
1484	58
1485	59
1486	61
1487	45
1488	56
1489	58
1490	43
1491	45
1492	37
1493	38
1494	47
1495	48
1496	43
1497	54
1498	59
1499	61
1500	64
1501	49
1502	61
1503	57
1504	56
1505	44
1506	61
1507	58
1508	54
1509	50
1510	51
1511	72
1512	53
1513	47
1514	53
1515	47
1516	58
1517	56
1518	51
1519	54
1520	50
1521	66
1522	46
1523	59
1524	53
1525	49
1526	48
1527	46
1528	51
1529	41
1530	49
1531	59
1532	45
1533	62
1534	56
1535	46
1536	50
1537	48
1538	59
1539	70
1540	61
1541	46
1542	50
1543	56
1544	55
1545	58
1546	55
1547	42
1548	57
1549	55
1550	45
1551	56
1552	65
1553	52
1554	64
1555	68
1556	57
1557	61
1558	57
1559	52
1560	57
1561	48
1562	51
1563	67
1564	63
1565	59
1566	65
1567	58
1568	58
1569	66
1570	66
1571	61
1572	64
1573	71
1574	53
1575	41
1576	52
1577	47
1578	65
1579	71
1580	50
1581	59
1582	70
1583	95
1584	67
1585	48
1586	72
1587	66
1588	67
1589	66
1590	58
1591	76
1592	58
1593	69
1594	76
1595	57
1596	71
1597	77
1598	70
1599	75
1600	81
1601	66
1602	53
1603	70
1604	57
1605	69
1606	72
1607	62
1608	59
1609	70
1610	78
1611	72
1612	67
1613	78
1614	69
1615	83
1616	56
1617	69
1618	80
1619	76
1620	75
1621	66
1622	80
1623	68
1624	76
1625	92
1626	82
1627	81
1628	72
1629	94
1630	73
1631	76
1632	61
1633	80
1634	68
1635	75
1636	71
1637	86
1638	64
1639	70
1640	67
1641	77
1642	92
1643	77
1644	82
1645	92
1646	82
1647	77
1648	67
1649	89
1650	67
1651	104
1652	82
1653	79
1654	65
1655	85
1656	95
1657	98
1658	87
1659	88
1660	101
1661	80
1662	97
1663	89
1664	99
1665	75
1666	94
1667	93
1668	86
1669	96
1670	91
1671	93
1672	98
1673	93
1674	100
1675	93
1676	85
1677	97
1678	100
1679	105
1680	88
1681	89
1682	81
1683	75
1684	101
1685	92
1686	101
1687	118
1688	100
1689	116
1690	84
1691	114
1692	99
1693	120
1694	113
1695	100
1696	106
1697	87
1698	99
1699	107
1700	103
1701	99
1702	113
1703	119
1704	116
1705	107
1706	96
1707	112
1708	116
1709	110
1710	104
1711	105
1712	112
1713	101
1714	105
1715	117
1716	109
1717	105
1718	98
1719	109
1720	106
1721	101
1722	88
1723	107
1724	91
1725	119
1726	107
1727	105
1728	108
1729	105
1730	105
1731	115
1732	109
1733	117
1734	100
1735	111
1736	97
1737	87
1738	105
1739	98
1740	105
1741	96
1742	107
1743	94
1744	102
1745	97
1746	105
1747	103
1748	106
1749	88
1750	89
1751	96
1752	92
1753	103
1754	90
1755	107
1756	109
1757	99
1758	109
1759	105
1760	118
1761	104
1762	100
1763	109
1764	89
1765	93
1766	98
1767	90
1768	103
1769	101
1770	90
1771	103
1772	94
1773	94
1774	93
1775	92
1776	104
1777	97
1778	87
1779	95
1780	101
1781	94
1782	76
1783	83
1784	81
1785	91
1786	97
1787	77
1788	78
1789	73
1790	69
1791	89
1792	83
1793	100
1794	74
1795	83
1796	98
1797	62
1798	94
1799	93
1800	78
1801	69
1802	82
1803	73
1804	78
1805	74
1806	68
1807	80
1808	60
1809	87
1810	78
1811	80
1812	61
1813	76
1814	79
1815	58
1816	72
1817	51
1818	61
1819	63
1820	79
1821	75
1822	68
1823	79
1824	67
1825	65
1826	56
1827	68
1828	66
1829	48
1830	66
1831	59
1832	59
1833	58
1834	60
1835	73
1836	53
1837	56
1838	70
1839	69
1840	72
1841	56
1842	71
1843	58
1844	60
1845	59
1846	60
1847	61
1848	65
1849	67
1850	62
1851	57
1852	65
1853	74
1854	54
1855	49
1856	59
1857	55
1858	48
1859	57
1860	65
1861	49
1862	50
1863	66
1864	69
1865	49
1866	51
1867	60
1868	60
1869	56
1870	54
1871	61
1872	53
1873	57
1874	48
1875	58
1876	60
1877	59
1878	53
1879	52
1880	53
1881	56
1882	46
1883	57
1884	48
1885	49
1886	62
1887	57
1888	53
1889	52
1890	43
1891	61
1892	51
1893	51
1894	55
1895	60
1896	50
1897	45
1898	58
1899	60
1900	44
1901	48
1902	42
1903	54
1904	54
1905	46
1906	58
1907	56
1908	53
1909	44
1910	44
1911	48
1912	54
1913	49
1914	47
1915	51
1916	51
1917	59
1918	48
1919	50
1920	47
1921	51
1922	48
1923	59
1924	43
1925	49
1926	46
1927	48
1928	61
1929	60
1930	50
1931	53
1932	42
1933	45
1934	61
1935	54
1936	53
1937	47
1938	46
1939	62
1940	39
1941	56
1942	45
1943	52
1944	56
1945	66
1946	58
1947	48
1948	62
1949	58
1950	66
1951	54
1952	37
1953	52
1954	65
1955	50
1956	54
1957	55
1958	62
1959	47
1960	54
1961	60
1962	50
1963	37
1964	50
1965	58
1966	56
1967	36
1968	64
1969	51
1970	51
1971	43
1972	55
1973	53
1974	54
1975	51
1976	46
1977	67
1978	60
1979	52
1980	53
1981	48
1982	57
1983	54
1984	45
1985	49
1986	60
1987	64
1988	49
1989	45
1990	59
1991	47
1992	60
1993	57
1994	58
1995	52
1996	62
1997	45
1998	63
1999	55
2000	56
2001	54
2002	60
2003	41
2004	49
2005	66
2006	58
2007	63
2008	45
2009	51
2010	63
2011	64
2012	56
2013	60
2014	62
2015	64
2016	57
2017	63
2018	33
2019	51
2020	69
2021	58
2022	51
2023	64
2024	67
2025	55
2026	57
2027	60
2028	52
2029	61
2030	67
2031	44
2032	58
2033	53
2034	52
2035	60
2036	62
2037	67
2038	73
2039	48
2040	65
2041	57
2042	51
2043	55
2044	64
2045	61
2046	54
2047	47
2048	50
2049	73
2050	62
2051	57
2052	61
2053	65
2054	71
2055	79
2056	59
2057	71
2058	70
2059	56
2060	62
2061	71
2062	69
2063	65
2064	56
2065	46
2066	75
2067	67
2068	59
2069	62
2070	69
2071	51
2072	77
2073	56
2074	58
2075	70
2076	64
2077	75
2078	51
2079	69
2080	70
2081	56
2082	65
2083	58
2084	73
2085	58
2086	60
2087	66
2088	57
2089	60
2090	60
2091	63
2092	67
2093	67
2094	57
2095	60
2096	65
2097	67
2098	75
2099	65
2100	61
2101	53
2102	62
2103	76
2104	82
2105	65
2106	57
2107	72
2108	68
2109	62
2110	53
2111	62
2112	76
2113	58
2114	79
2115	67
2116	61
2117	85
2118	69
2119	64
2120	76
2121	74
2122	66
2123	64
2124	56
2125	62
2126	66
2127	71
2128	74
2129	62
2130	62
2131	69
2132	69
2133	77
2134	96
2135	67
2136	70
2137	71
2138	82
2139	52
2140	57
2141	61
2142	59
2143	76
2144	73
2145	86
2146	61
2147	75
2148	78
2149	64
2150	69
2151	64
2152	54
2153	81
2154	70
2155	72
2156	70
2157	73
2158	60
2159	66
2160	73
2161	77
2162	55
2163	56
2164	59
2165	72
2166	81
2167	80
2168	79
2169	66
2170	65
2171	72
2172	74
2173	73
2174	81
2175	65
2176	58
2177	86
2178	82
2179	87
2180	72
2181	69
2182	59
2183	76
2184	63
2185	77
2186	73
2187	45
2188	71
2189	76
2190	61
2191	67
2192	69
2193	71
2194	74
2195	79
2196	89
2197	74
2198	62
2199	79
2200	64
2201	88
2202	69
2203	65
2204	69
2205	63
2206	81
2207	83
2208	79
2209	80
2210	74
2211	78
2212	73
2213	93
2214	79
2215	69
2216	78
2217	84
2218	73
2219	70
2220	84
2221	74
2222	82
2223	61
2224	75
2225	91
2226	94
2227	88
2228	94
2229	79
2230	81
2231	68
2232	84
2233	78
2234	62
2235	91
2236	84
2237	68
2238	76
2239	78
2240	62
2241	77
2242	72
2243	70
2244	64
2245	89
2246	85
2247	92
2248	86
2249	80
2250	59
2251	77
2252	69
2253	71
2254	86
2255	80
2256	102
2257	73
2258	87
2259	74
2260	74
2261	81
2262	101
2263	90
2264	61
2265	77
2266	84
2267	89
2268	71
2269	87
2270	85
2271	77
2272	73
2273	92
2274	81
2275	93
2276	60
2277	59
2278	74
2279	97
2280	75
2281	66
2282	86
2283	109
2284	99
2285	72
2286	86
2287	82
2288	85
2289	96
2290	84
2291	86
2292	97
2293	85
2294	105
2295	71
2296	88
2297	90
2298	93
2299	82
2300	69
2301	91
2302	82
2303	74
2304	76
2305	85
2306	83
2307	77
2308	90
2309	81
2310	85
2311	78
2312	83
2313	72
2314	84
2315	97
2316	80
2317	93
2318	79
2319	81
2320	78
2321	82
2322	78
2323	85
2324	72
2325	74
2326	71
2327	85
2328	76
2329	76
2330	62
2331	89
2332	93
2333	93
2334	86
2335	70
2336	79
2337	93
2338	87
2339	81
2340	76
2341	68
2342	78
2343	71
2344	75
2345	84
2346	81
2347	75
2348	76
2349	86
2350	92
2351	80
2352	95
2353	78
2354	77
2355	79
2356	63
2357	80
2358	72
2359	82
2360	78
2361	76
2362	65
2363	93
2364	76
2365	61
2366	69
2367	71
2368	78
2369	99
2370	86
2371	82
2372	74
2373	84
2374	86
2375	82
2376	78
2377	84
2378	89
2379	88
2380	65
2381	77
2382	77
2383	73
2384	69
2385	83
2386	78
2387	84
2388	82
2389	71
2390	74
2391	85
2392	56
2393	81
2394	66
2395	83
2396	73
2397	59
2398	74
2399	49
2400	76
2401	78
2402	65
2403	78
2404	84
2405	72
2406	86
2407	73
2408	80
2409	70
2410	85
2411	76
2412	86
2413	75
2414	74
2415	70
2416	82
2417	88
2418	68
2419	70
2420	70
2421	57
2422	57
2423	70
2424	69
2425	83
2426	78
2427	74
2428	69
2429	87
2430	81
2431	61
2432	79
2433	62
2434	62
2435	61
2436	70
2437	50
2438	67
2439	69
2440	64
2441	81
2442	56
2443	74
2444	69
2445	69
2446	87
2447	75
2448	57
2449	89
2450	73
2451	72
2452	65
2453	74
2454	58
2455	78
2456	58
2457	85
2458	63
2459	71
2460	62
2461	58
2462	66
2463	71
2464	76
2465	64
2466	53
2467	68
2468	72
2469	64
2470	60
2471	71
2472	73
2473	54
2474	75
2475	73
2476	74
2477	53
2478	72
2479	74
2480	58
2481	57
2482	65
2483	82
2484	61
2485	73
2486	66
2487	70
2488	65
2489	66
2490	65
2491	66
2492	56
2493	63
2494	48
2495	61
2496	56
2497	74
2498	68
2499	78
2500	63
2501	84
2502	73
2503	80
2504	69
2505	67
2506	59
2507	74
2508	57
2509	58
2510	70
2511	66
2512	56
2513	66
2514	63
2515	69
2516	67
2517	64
2518	55
2519	64
2520	53
2521	55
2522	79
2523	66
2524	66
2525	71
2526	75
2527	57
2528	68
2529	59
2530	74
2531	71
2532	67
2533	65
2534	64
2535	51
2536	53
2537	53
2538	49
2539	39
2540	71
2541	63
2542	62
2543	61
2544	44
2545	50
2546	64
2547	51
2548	60
2549	71
2550	49
2551	50
2552	61
2553	61
2554	44
2555	53
2556	58
2557	58
2558	48
2559	67
2560	57
2561	50
2562	80
2563	44
2564	52
2565	60
2566	65
2567	67
2568	54
2569	63
2570	58
2571	60
2572	58
2573	57
2574	47
2575	49
2576	53
2577	52
2578	46
2579	56
2580	57
2581	67
2582	59
2583	44
2584	54
2585	52
2586	59
2587	66
2588	61
2589	60
2590	59
2591	62
2592	62
2593	61
2594	49
2595	57
2596	60
2597	46
2598	55
2599	50
2600	49
2601	57
2602	68
2603	56
2604	57
2605	47
2606	53
2607	57
2608	41
2609	45
2610	46
2611	55
2612	50
2613	44
2614	34
2615	52
2616	42
2617	68
2618	43
2619	48
2620	43
2621	45
2622	55
2623	55
2624	71
2625	53
2626	54
2627	63
2628	56
2629	50
2630	62
2631	49
2632	46
2633	41
2634	56
2635	39
2636	49
2637	42
2638	58
2639	52
2640	52
2641	47
2642	65
2643	50
2644	61
2645	39
2646	58
2647	40
2648	62
2649	64
2650	57
2651	50
2652	56
2653	55
2654	49
2655	44
2656	54
2657	47
2658	56
2659	52
2660	39
2661	45
2662	58
2663	54
2664	45
2665	43
2666	47
2667	33
2668	61
2669	53
2670	45
2671	62
2672	40
2673	47
2674	39
2675	58
2676	49
2677	56
2678	48
2679	47
2680	47
2681	56
2682	56
2683	49
2684	53
2685	42
2686	49
2687	45
2688	37
2689	51
2690	43
2691	42
2692	54
2693	65
2694	59
2695	52
2696	46
2697	50
2698	54
2699	49
2700	55
2701	44
2702	55
2703	48
2704	44
2705	50
2706	43
2707	46
2708	32
2709	49
2710	43
2711	46
2712	50
2713	59
2714	45
2715	48
2716	38
2717	68
2718	38
2719	64
2720	51
2721	50
2722	47
2723	49
2724	32
2725	52
2726	47
2727	36
2728	47
2729	51
2730	52
2731	50
2732	46
2733	48
2734	49
2735	47
2736	39
2737	38
2738	57
2739	48
2740	46
2741	45
2742	51
2743	53
2744	42
2745	57
2746	47
2747	50
2748	47
2749	54
2750	47
2751	48
2752	56
2753	50
2754	50
2755	55
2756	56
2757	50
2758	48
2759	39
2760	45
2761	49
2762	45
2763	49
2764	57
2765	48
2766	55
2767	58
2768	49
2769	48
2770	45
2771	50
2772	46
2773	45
2774	47
2775	48
2776	39
2777	40
2778	40
2779	48
2780	40
2781	57
2782	60
2783	50
2784	44
2785	53
2786	55
2787	42
2788	46
2789	41
2790	42
2791	46
2792	50
2793	44
2794	40
2795	49
2796	51
2797	39
2798	39
2799	55
2800	53
2801	56
2802	52
2803	29
2804	45
2805	52
2806	47
2807	52
2808	40
2809	57
2810	52
2811	44
2812	45
2813	40
2814	42
2815	40
2816	38
2817	44
2818	47
2819	37
2820	50
2821	46
2822	40
2823	50
2824	50
2825	46
2826	47
2827	48
2828	47
2829	34
2830	52
2831	49
2832	44
2833	53
2834	51
2835	41
2836	47
2837	52
2838	50
2839	41
2840	55
2841	54
2842	47
2843	50
2844	40
2845	40
2846	46
2847	49
2848	45
2849	42
2850	36
2851	48
2852	37
2853	49
2854	40
2855	27
2856	53
2857	43
2858	46
2859	51
2860	44
2861	47
2862	51
2863	33
2864	46
2865	43
2866	46
2867	40
2868	46
2869	42
2870	41
2871	48
2872	41
2873	29
2874	54
2875	40
2876	52
2877	44
2878	45
2879	46
2880	50
2881	53
2882	43
2883	41
2884	31
2885	43
2886	42
2887	41
2888	44
2889	38
2890	54
2891	43
2892	34
2893	61
2894	51
2895	26
2896	58
2897	38
2898	41
2899	39
2900	34
2901	33
2902	44
2903	51
2904	31
2905	35
2906	43
2907	44
2908	40
2909	49
2910	54
2911	30
2912	35
2913	30
2914	44
2915	39
2916	41
2917	44
2918	41
2919	38
2920	42
2921	32
2922	39
2923	38
2924	37
2925	33
2926	41
2927	34
2928	40
2929	60
2930	34
2931	39
2932	48
2933	44
2934	42
2935	40
2936	42
2937	32
2938	55
2939	37
2940	44
2941	41
2942	44
2943	39
2944	31
2945	43
2946	41
2947	44
2948	39
2949	40
2950	43
2951	34
2952	44
2953	28
2954	42
2955	46
2956	25
2957	39
2958	34
2959	23
2960	42
2961	45
2962	39
2963	45
2964	37
2965	37
2966	32
2967	35
2968	32
2969	38
2970	38
2971	46
2972	30
2973	31
2974	34
2975	28
2976	49
2977	39
2978	38
2979	44
2980	44
2981	38
2982	42
2983	28
2984	31
2985	40
2986	27
2987	39
2988	34
2989	32
2990	34
2991	40
2992	31
2993	42
2994	33
2995	28
2996	50
2997	39
2998	41
2999	29
3000	50
3001	38
3002	35
3003	46
3004	36
3005	34
3006	46
3007	34
3008	32
3009	29
3010	32
3011	36
3012	43
3013	35
3014	32
3015	36
3016	30
3017	40
3018	32
3019	33
3020	36
3021	30
3022	41
3023	39
3024	34
3025	28
3026	20
3027	32
3028	35
3029	33
3030	29
3031	27
3032	28
3033	27
3034	31
3035	35
3036	43
3037	27
3038	26
3039	31
3040	38
3041	24
3042	36
3043	33
3044	28
3045	28
3046	30
3047	31
3048	36
3049	32
3050	37
3051	37
3052	43
3053	28
3054	28
3055	36
3056	36
3057	32
3058	33
3059	38
3060	32
3061	35
3062	32
3063	25
3064	34
3065	44
3066	28
3067	36
3068	27
3069	31
3070	27
3071	35
3072	21
3073	38
3074	38
3075	27
3076	25
3077	33
3078	30
3079	37
3080	26
3081	27
3082	36
3083	36
3084	28
3085	46
3086	30
3087	34
3088	42
3089	34
3090	34
3091	28
3092	28
3093	26
3094	33
3095	28
3096	26
3097	34
3098	31
3099	36
3100	26
3101	30
3102	39
3103	27
3104	45
3105	35
3106	45
3107	39
3108	47
3109	30
3110	31
3111	21
3112	30
3113	42
3114	27
3115	19
3116	27
3117	31
3118	37
3119	29
3120	33
3121	44
3122	28
3123	41
3124	32
3125	36
3126	30
3127	29
3128	27
3129	24
3130	27
3131	31
3132	31
3133	25
3134	31
3135	29
3136	22
3137	29
3138	25
3139	35
3140	35
3141	26
3142	33
3143	25
3144	35
3145	31
3146	23
3147	22
3148	26
3149	28
3150	38
3151	37
3152	32
3153	21
3154	34
3155	30
3156	42
3157	27
3158	26
3159	32
3160	33
3161	34
3162	39
3163	31
3164	21
3165	27
3166	37
3167	41
3168	41
3169	28
3170	35
3171	29
3172	33
3173	28
3174	28
3175	35
3176	33
3177	23
3178	43
3179	25
3180	29
3181	26
3182	38
3183	35
3184	28
3185	37
3186	32
3187	27
3188	34
3189	20
3190	29
3191	25
3192	32
3193	37
3194	28
3195	32
3196	20
3197	25
3198	33
3199	29
3200	36
3201	36
3202	27
3203	34
3204	31
3205	23
3206	38
3207	29
3208	25
3209	30
3210	33
3211	27
3212	22
3213	25
3214	36
3215	28
3216	26
3217	29
3218	30
3219	47
3220	26
3221	27
3222	29
3223	29
3224	28
3225	41
3226	27
3227	21
3228	40
3229	17
3230	30
3231	29
3232	26
3233	34
3234	32
3235	20
3236	17
3237	25
3238	37
3239	33
3240	31
3241	24
3242	29
3243	31
3244	27
3245	23
3246	42
3247	29
3248	28
3249	37
3250	34
3251	30
3252	25
3253	26
3254	25
3255	26
3256	29
3257	24
3258	26
3259	37
3260	29
3261	29
3262	25
3263	26
3264	33
3265	29
3266	25
3267	25
3268	30
3269	34
3270	34
3271	35
3272	28
3273	35
3274	29
3275	29
3276	28
3277	32
3278	36
3279	35
3280	36
3281	18
3282	24
3283	35
3284	35
3285	38
3286	31
3287	24
3288	35
3289	33
3290	27
3291	29
3292	29
3293	33
3294	35
3295	29
3296	28
3297	33
3298	21
3299	26
3300	36
3301	27
3302	33
3303	23
3304	37
3305	38
3306	26
3307	33
3308	31
3309	30
3310	30
3311	25
3312	19
3313	31
3314	29
3315	33
3316	27
3317	34
3318	32
3319	30
3320	27
3321	35
3322	26
3323	34
3324	24
3325	21
3326	30
3327	36
3328	35
3329	28
3330	28
3331	31
3332	27
3333	37
3334	21
3335	20
3336	34
3337	27
3338	24
3339	19
3340	30
3341	26
3342	26
3343	30
3344	23
3345	27
3346	21
3347	20
3348	35
3349	33
3350	31
3351	21
3352	34
3353	20
3354	25
3355	30
3356	41
3357	24
3358	25
3359	15
3360	26
3361	41
3362	30
3363	22
3364	34
3365	34
3366	29
3367	22
3368	27
3369	30
3370	24
3371	29
3372	26
3373	36
3374	25
3375	27
3376	20
3377	35
3378	31
3379	26
3380	32
3381	28
3382	23
3383	38
3384	23
3385	34
3386	31
3387	25
3388	24
3389	22
3390	22
3391	19
3392	30
3393	29
3394	22
3395	31
3396	31
3397	25
3398	32
3399	21
3400	25
3401	27
3402	25
3403	23
3404	21
3405	31
3406	25
3407	23
3408	35
3409	26
3410	24
3411	25
3412	25
3413	27
3414	18
3415	34
3416	23
3417	24
3418	30
3419	23
3420	18
3421	29
3422	29
3423	33
3424	29
3425	28
3426	19
3427	23
3428	27
3429	31
3430	24
3431	26
3432	25
3433	28
3434	24
3435	20
3436	28
3437	22
3438	18
3439	19
3440	31
3441	25
3442	26
3443	34
3444	21
3445	19
3446	27
3447	25
3448	28
3449	21
3450	20
3451	20
3452	23
3453	28
3454	24
3455	30
3456	34
3457	23
3458	22
3459	20
3460	26
3461	35
3462	24
3463	20
3464	22
3465	26
3466	16
3467	28
3468	13
3469	21
3470	19
3471	28
3472	25
3473	18
3474	25
3475	27
3476	33
3477	22
3478	25
3479	23
3480	30
3481	24
3482	27
3483	14
3484	24
3485	24
3486	16
3487	31
3488	21
3489	31
3490	27
3491	19
3492	30
3493	28
3494	26
3495	22
3496	20
3497	27
3498	17
3499	28
3500	23
3501	24
3502	30
3503	12
3504	20
3505	24
3506	22
3507	28
3508	24
3509	24
3510	25
3511	25
3512	22
3513	26
3514	26
3515	19
3516	24
3517	19
3518	34
3519	30
3520	22
3521	19
3522	17
3523	19
3524	15
3525	22
3526	22
3527	20
3528	14
3529	20
3530	28
3531	26
3532	20
3533	23
3534	16
3535	29
3536	21
3537	13
3538	11
3539	34
3540	26
3541	24
3542	17
3543	20
3544	14
3545	20
3546	19
3547	21
3548	20
3549	23
3550	23
3551	22
3552	26
3553	26
3554	31
3555	29
3556	14
3557	24
3558	17
3559	38
3560	20
3561	24
3562	28
3563	23
3564	25
3565	21
3566	27
3567	21
3568	25
3569	33
3570	20
3571	16
3572	29
3573	16
3574	15
3575	25
3576	17
3577	28
3578	24
3579	23
3580	18
3581	21
3582	25
3583	25
3584	19
3585	33
3586	32
3587	21
3588	24
3589	24
3590	11
3591	20
3592	21
3593	14
3594	23
3595	21
3596	26
3597	20
3598	27
3599	20
3600	16
3601	27
3602	27
3603	20
3604	12
3605	16
3606	27
3607	20
3608	16
3609	21
3610	18
3611	24
3612	22
3613	19
3614	25
3615	24
3616	24
3617	23
3618	23
3619	28
3620	30
3621	22
3622	27
3623	21
3624	20
3625	24
3626	24
3627	23
3628	17
3629	21
3630	21
3631	25
3632	20
3633	25
3634	19
3635	15
3636	24
3637	15
3638	32
3639	19
3640	27
3641	29
3642	21
3643	22
3644	28
3645	24
3646	22
3647	19
3648	35
3649	27
3650	22
3651	20
3652	19
3653	17
3654	16
3655	17
3656	19
3657	19
3658	26
3659	28
3660	31
3661	26
3662	20
3663	21
3664	17
3665	21
3666	28
3667	23
3668	21
3669	25
3670	23
3671	18
3672	20
3673	22
3674	21
3675	12
3676	14
3677	24
3678	24
3679	21
3680	18
3681	20
3682	28
3683	23
3684	23
3685	18
3686	20
3687	24
3688	23
3689	18
3690	15
3691	20
3692	23
3693	16
3694	17
3695	23
3696	16
3697	15
3698	16
3699	19
3700	16
3701	24
3702	24
3703	27
3704	22
3705	21
3706	24
3707	22
3708	14
3709	25
3710	19
3711	28
3712	26
3713	30
3714	22
3715	21
3716	34
3717	29
3718	22
3719	25
3720	36
3721	33
3722	17
3723	31
3724	22
3725	21
3726	19
3727	23
3728	27
3729	25
3730	33
3731	28
3732	21
3733	21
3734	19
3735	27
3736	18
3737	24
3738	30
3739	29
3740	20
3741	28
3742	17
3743	30
3744	25
3745	37
3746	21
3747	23
3748	22
3749	21
3750	13
3751	28
3752	22
3753	24
3754	23
3755	22
3756	20
3757	19
3758	23
3759	26
3760	24
3761	22
3762	15
3763	36
3764	29
3765	25
3766	22
3767	23
3768	28
3769	25
3770	27
3771	18
3772	22
3773	27
3774	22
3775	34
3776	32
3777	36
3778	32
3779	35
3780	21
3781	32
3782	30
3783	24
3784	26
3785	19
3786	21
3787	33
3788	26
3789	30
3790	33
3791	38
3792	22
3793	27
3794	36
3795	26
3796	34
3797	31
3798	22
3799	37
3800	30
3801	28
3802	26
3803	28
3804	24
3805	41
3806	30
3807	30
3808	22
3809	18
3810	31
3811	45
3812	33
3813	28
3814	27
3815	20
3816	35
3817	33
3818	31
3819	32
3820	39
3821	38
3822	35
3823	34
3824	29
3825	32
3826	29
3827	37
3828	34
3829	36
3830	33
3831	32
3832	31
3833	28
3834	32
3835	28
3836	28
3837	35
3838	40
3839	32
3840	30
3841	50
3842	39
3843	23
3844	31
3845	40
3846	32
3847	36
3848	35
3849	34
3850	38
3851	39
3852	44
3853	40
3854	31
3855	43
3856	37
3857	30
3858	40
3859	40
3860	38
3861	29
3862	33
3863	40
3864	33
3865	39
3866	37
3867	43
3868	31
3869	44
3870	38
3871	44
3872	45
3873	39
3874	37
3875	42
3876	36
3877	46
3878	43
3879	39
3880	34
3881	32
3882	35
3883	34
3884	42
3885	42
3886	35
3887	39
3888	47
3889	43
3890	48
3891	39
3892	34
3893	48
3894	41
3895	32
3896	39
3897	42
3898	36
3899	44
3900	54
3901	43
3902	41
3903	40
3904	47
3905	53
3906	34
3907	56
3908	43
3909	39
3910	42
3911	48
3912	34
3913	43
3914	45
3915	45
3916	44
3917	47
3918	43
3919	49
3920	51
3921	48
3922	38
3923	40
3924	44
3925	41
3926	61
3927	34
3928	45
3929	52
3930	48
3931	38
3932	50
3933	54
3934	43
3935	65
3936	44
3937	37
3938	46
3939	65
3940	41
3941	43
3942	50
3943	43
3944	50
3945	50
3946	46
3947	50
3948	58
3949	51
3950	57
3951	47
3952	47
3953	56
3954	54
3955	41
3956	50
3957	50
3958	37
3959	52
3960	77
3961	45
3962	53
3963	43
3964	46
3965	49
3966	42
3967	52
3968	49
3969	52
3970	58
3971	47
3972	52
3973	43
3974	62
3975	54
3976	59
3977	57
3978	52
3979	51
3980	50
3981	55
3982	58
3983	50
3984	66
3985	62
3986	46
3987	52
3988	53
3989	55
3990	61
3991	51
3992	58
3993	63
3994	59
3995	60
3996	65
3997	37
3998	47
3999	61
4000	43
4001	66
4002	59
4003	70
4004	62
4005	54
4006	79
4007	70
4008	52
4009	50
4010	75
4011	65
4012	57
4013	57
4014	65
4015	50
4016	51
4017	51
4018	45
4019	50
4020	62
4021	57
4022	49
4023	53
4024	68
4025	63
4026	59
4027	55
4028	50
4029	63
4030	52
4031	52
4032	45
4033	52
4034	64
4035	52
4036	59
4037	64
4038	79
4039	66
4040	55
4041	57
4042	62
4043	62
4044	63
4045	62
4046	51
4047	44
4048	58
4049	56
4050	66
4051	59
4052	69
4053	54
4054	61
4055	57
4056	55
4057	58
4058	57
4059	59
4060	63
4061	62
4062	56
4063	62
4064	55
4065	56
4066	55
4067	64
4068	77
4069	63
4070	67
4071	80
4072	58
4073	60
4074	72
4075	72
4076	64
4077	60
4078	48
4079	57
4080	57
4081	57
4082	50
4083	65
4084	65
4085	55
4086	43
4087	63
4088	70
4089	51
4090	66
4091	50
4092	59
4093	46
4094	62
4095	60
4096	78
4097	44
4098	56
4099	66
4100	50
4101	64
4102	54
4103	50
4104	51
4105	66
4106	61
4107	59
4108	42
4109	62
4110	80
4111	56
4112	68
4113	59
4114	55
4115	58
4116	67
4117	53
4118	56
4119	68
4120	58
4121	65
4122	60
4123	58
4124	58
4125	67
4126	66
4127	72
4128	74
4129	61
4130	65
4131	60
4132	59
4133	56
4134	75
4135	55
4136	48
4137	62
4138	81
4139	49
4140	64
4141	58
4142	58
4143	81
4144	78
4145	59
4146	64
4147	69
4148	80
4149	62
4150	63
4151	65
4152	74
4153	80
4154	49
4155	57
4156	63
4157	63
4158	77
4159	65
4160	78
4161	59
4162	59
4163	61
4164	71
4165	59
4166	67
4167	68
4168	69
4169	65
4170	74
4171	75
4172	65
4173	53
4174	56
4175	58
4176	64
4177	66
4178	50
4179	57
4180	48
4181	85
4182	67
4183	64
4184	62
4185	75
4186	63
4187	62
4188	65
4189	62
4190	58
4191	66
4192	61
4193	65
4194	67
4195	71
4196	59
4197	60
4198	84
4199	88
4200	81
4201	56
4202	53
4203	62
4204	87
4205	62
4206	67
4207	57
4208	72
4209	71
4210	61
4211	70
4212	84
4213	74
4214	60
4215	81
4216	84
4217	64
4218	76
4219	74
4220	80
4221	68
4222	68
4223	71
4224	76
4225	70
4226	88
4227	79
4228	75
4229	80
4230	76
4231	98
4232	82
4233	64
4234	78
4235	76
4236	70
4237	59
4238	75
4239	78
4240	88
4241	74
4242	70
4243	81
4244	73
4245	70
4246	65
4247	89
4248	83
4249	78
4250	78
4251	80
4252	90
4253	85
4254	68
4255	87
4256	72
4257	86
4258	81
4259	98
4260	81
4261	82
4262	78
4263	63
4264	85
4265	83
4266	100
4267	79
4268	64
4269	88
4270	84
4271	92
4272	85
4273	81
4274	96
4275	103
4276	80
4277	81
4278	96
4279	75
4280	85
4281	84
4282	95
4283	81
4284	80
4285	76
4286	85
4287	78
4288	112
4289	100
4290	81
4291	95
4292	80
4293	89
4294	84
4295	78
4296	95
4297	85
4298	83
4299	97
4300	101
4301	80
4302	108
4303	93
4304	102
4305	93
4306	79
4307	83
4308	84
4309	80
4310	107
4311	88
4312	93
4313	104
4314	78
4315	97
4316	98
4317	91
4318	84
4319	72
4320	107
4321	96
4322	80
4323	103
4324	108
4325	118
4326	103
4327	87
4328	101
4329	103
4330	103
4331	79
4332	118
4333	113
4334	125
4335	101
4336	122
4337	97
4338	95
4339	103
4340	100
4341	86
4342	81
4343	99
4344	98
4345	136
4346	105
4347	116
4348	105
4349	105
4350	106
4351	106
4352	108
4353	94
4354	100
4355	109
4356	93
4357	93
4358	102
4359	99
4360	119
4361	82
4362	99
4363	116
4364	105
4365	113
4366	110
4367	105
4368	90
4369	112
4370	118
4371	141
4372	90
4373	98
4374	114
4375	112
4376	122
4377	119
4378	101
4379	129
4380	102
4381	104
4382	89
4383	102
4384	113
4385	98
4386	114
4387	132
4388	102
4389	108
4390	117
4391	93
4392	109
4393	110
4394	124
4395	127
4396	103
4397	104
4398	106
4399	115
4400	104
4401	124
4402	115
4403	120
4404	97
4405	105
4406	105
4407	101
4408	121
4409	111
4410	107
4411	102
4412	115
4413	109
4414	106
4415	121
4416	119
4417	119
4418	119
4419	127
4420	118
4421	103
4422	101
4423	100
4424	116
4425	105
4426	128
4427	104
4428	120
4429	137
4430	117
4431	107
4432	110
4433	104
4434	96
4435	108
4436	118
4437	115
4438	121
4439	102
4440	115
4441	104
4442	105
4443	115
4444	101
4445	103
4446	110
4447	113
4448	111
4449	122
4450	102
4451	124
4452	98
4453	116
4454	136
4455	97
4456	112
4457	104
4458	141
4459	116
4460	130
4461	113
4462	102
4463	118
4464	105
4465	114
4466	104
4467	97
4468	103
4469	120
4470	113
4471	115
4472	109
4473	93
4474	107
4475	106
4476	113
4477	87
4478	103
4479	107
4480	80
4481	110
4482	88
4483	101
4484	85
4485	120
4486	111
4487	114
4488	102
4489	107
4490	114
4491	100
4492	123
4493	105
4494	109
4495	111
4496	110
4497	111
4498	101
4499	106
4500	96
4501	90
4502	98
4503	103
4504	78
4505	88
4506	111
4507	108
4508	94
4509	98
4510	82
4511	117
4512	97
4513	120
4514	98
4515	97
4516	97
4517	113
4518	92
4519	117
4520	90
4521	90
4522	105
4523	95
4524	112
4525	94
4526	101
4527	101
4528	92
4529	91
4530	83
4531	104
4532	98
4533	98
4534	85
4535	93
4536	97
4537	101
4538	95
4539	88
4540	95
4541	92
4542	93
4543	88
4544	93
4545	99
4546	89
4547	95
4548	86
4549	98
4550	89
4551	80
4552	94
4553	86
4554	84
4555	84
4556	102
4557	91
4558	101
4559	99
4560	96
4561	86
4562	90
4563	78
4564	84
4565	76
4566	88
4567	79
4568	87
4569	88
4570	92
4571	88
4572	71
4573	79
4574	75
4575	68
4576	85
4577	67
4578	72
4579	83
4580	87
4581	61
4582	78
4583	88
4584	78
4585	78
4586	76
4587	58
4588	82
4589	79
4590	75
4591	73
4592	90
4593	76
4594	58
4595	82
4596	88
4597	68
4598	59
4599	90
4600	70
4601	79
4602	60
4603	78
4604	69
4605	72
4606	82
4607	76
4608	74
4609	62
4610	75
4611	75
4612	65
4613	61
4614	65
4615	71
4616	62
4617	69
4618	68
4619	61
4620	59
4621	61
4622	70
4623	69
4624	71
4625	78
4626	65
4627	69
4628	71
4629	60
4630	54
4631	66
4632	69
4633	67
4634	67
4635	60
4636	61
4637	60
4638	50
4639	65
4640	67
4641	66
4642	56
4643	53
4644	62
4645	50
4646	62
4647	45
4648	66
4649	57
4650	75
4651	41
4652	52
4653	55
4654	66
4655	65
4656	63
4657	56
4658	73
4659	61
4660	47
4661	59
4662	52
4663	58
4664	44
4665	53
4666	49
4667	55
4668	49
4669	47
4670	46
4671	45
4672	52
4673	53
4674	50
4675	45
4676	49
4677	45
4678	44
4679	50
4680	43
4681	39
4682	43
4683	58
4684	48
4685	44
4686	51
4687	50
4688	57
4689	64
4690	45
4691	41
4692	58
4693	52
4694	38
4695	49
4696	46
4697	45
4698	56
4699	49
4700	39
4701	58
4702	46
4703	40
4704	48
4705	41
4706	55
4707	58
4708	37
4709	40
4710	41
4711	48
4712	50
4713	44
4714	51
4715	44
4716	33
4717	39
4718	33
4719	45
4720	50
4721	50
4722	60
4723	46
4724	43
4725	41
4726	44
4727	41
4728	46
4729	38
4730	35
4731	41
4732	40
4733	56
4734	46
4735	39
4736	44
4737	40
4738	41
4739	32
4740	49
4741	49
4742	30
4743	48
4744	38
4745	50
4746	47
4747	37
4748	47
4749	37
4750	43
4751	41
4752	34
4753	41
4754	51
4755	43
4756	38
4757	45
4758	46
4759	42
4760	35
4761	50
4762	30
4763	51
4764	32
4765	41
4766	38
4767	47
4768	35
4769	45
4770	33
4771	42
4772	39
4773	35
4774	40
4775	37
4776	28
4777	48
4778	33
4779	42
4780	47
4781	34
4782	41
4783	36
4784	51
4785	48
4786	39
4787	48
4788	41
4789	43
4790	41
4791	36
4792	35
4793	39
4794	45
4795	37
4796	58
4797	41
4798	50
4799	47
4800	44
4801	53
4802	47
4803	43
4804	48
4805	50
4806	55
4807	41
4808	48
4809	46
4810	59
4811	56
4812	56
4813	45
4814	42
4815	38
4816	47
4817	51
4818	49
4819	64
4820	68
4821	61
4822	52
4823	66
4824	41
4825	50
4826	50
4827	60
4828	47
4829	59
4830	44
4831	58
4832	47
4833	55
4834	48
4835	67
4836	62
4837	68
4838	49
4839	50
4840	52
4841	62
4842	59
4843	60
4844	66
4845	57
4846	66
4847	54
4848	61
4849	51
4850	57
4851	66
4852	62
4853	51
4854	70
4855	73
4856	63
4857	76
4858	74
4859	72
4860	73
4861	63
4862	69
4863	72
4864	77
4865	79
4866	76
4867	53
4868	63
4869	66
4870	78
4871	83
4872	66
4873	82
4874	60
4875	74
4876	57
4877	66
4878	70
4879	79
4880	87
4881	68
4882	58
4883	70
4884	78
4885	95
4886	74
4887	84
4888	91
4889	74
4890	77
4891	98
4892	67
4893	83
4894	99
4895	76
4896	88
4897	89
4898	61
4899	78
4900	84
4901	82
4902	95
4903	85
4904	78
4905	95
4906	83
4907	76
4908	111
4909	89
4910	85
4911	109
4912	95
4913	97
4914	100
4915	109
4916	113
4917	91
4918	103
4919	105
4920	76
4921	88
4922	85
4923	98
4924	107
4925	113
4926	96
4927	102
4928	103
4929	111
4930	114
4931	105
4932	118
4933	108
4934	113
4935	125
4936	109
4937	115
4938	107
4939	113
4940	120
4941	119
4942	103
4943	123
4944	125
4945	113
4946	114
4947	114
4948	111
4949	113
4950	100
4951	130
4952	141
4953	110
4954	121
4955	117
4956	103
4957	112
4958	135
4959	126
4960	110
4961	129
4962	124
4963	145
4964	129
4965	111
4966	134
4967	138
4968	123
4969	132
4970	151
4971	161
4972	128
4973	120
4974	115
4975	157
4976	166
4977	144
4978	135
4979	116
4980	152
4981	151
4982	142
4983	158
4984	139
4985	138
4986	147
4987	155
4988	157
4989	155
4990	160
4991	128
4992	157
4993	147
4994	143
4995	167
4996	160
4997	167
4998	170
4999	159
5000	160
5001	156
5002	178
5003	166
5004	165
5005	155
5006	157
5007	143
5008	158
5009	164
5010	156
5011	179
5012	186
5013	176
5014	189
5015	172
5016	159
5017	169
5018	184
5019	185
5020	157
5021	181
5022	190
5023	178
5024	179
5025	161
5026	182
5027	188
5028	188
5029	196
5030	171
5031	179
5032	176
5033	177
5034	166
5035	183
5036	197
5037	181
5038	201
5039	191
5040	195
5041	204
5042	180
5043	203
5044	209
5045	207
5046	203
5047	216
5048	204
5049	175
5050	210
5051	219
5052	232
5053	179
5054	217
5055	175
5056	216
5057	191
5058	197
5059	202
5060	221
5061	203
5062	236
5063	193
5064	227
5065	215
5066	207
5067	227
5068	232
5069	227
5070	225
5071	220
5072	201
5073	213
5074	190
5075	212
5076	207
5077	203
5078	221
5079	226
5080	203
5081	228
5082	233
5083	213
5084	230
5085	203
5086	250
5087	220
5088	187
5089	247
5090	228
5091	256
5092	213
5093	254
5094	214
5095	224
5096	228
5097	193
5098	217
5099	216
5100	222
5101	245
5102	218
5103	239
5104	220
5105	208
5106	267
5107	205
5108	248
5109	220
5110	266
5111	242
5112	262
5113	235
5114	238
5115	265
5116	249
5117	241
5118	257
5119	249
5120	240
5121	272
5122	264
5123	252
5124	232
5125	245
5126	237
5127	245
5128	266
5129	253
5130	245
5131	254
5132	262
5133	273
5134	255
5135	262
5136	224
5137	234
5138	254
5139	248
5140	296
5141	258
5142	267
5143	238
5144	231
5145	241
5146	255
5147	270
5148	239
5149	251
5150	228
5151	265
5152	263
5153	268
5154	266
5155	309
5156	243
5157	268
5158	253
5159	267
5160	274
5161	274
5162	280
5163	257
5164	269
5165	259
5166	260
5167	263
5168	223
5169	247
5170	279
5171	277
5172	262
5173	285
5174	258
5175	262
5176	267
5177	255
5178	252
5179	279
5180	268
5181	250
5182	286
5183	251
5184	275
5185	244
5186	275
5187	235
5188	257
5189	281
5190	236
5191	278
5192	246
5193	324
5194	283
5195	269
5196	274
5197	248
5198	269
5199	242
5200	268
5201	262
5202	289
5203	251
5204	254
5205	288
5206	242
5207	263
5208	279
5209	271
5210	268
5211	259
5212	247
5213	276
5214	276
5215	250
5216	283
5217	281
5218	276
5219	278
5220	271
5221	294
5222	272
5223	262
5224	277
5225	258
5226	264
5227	269
5228	256
5229	248
5230	247
5231	305
5232	284
5233	263
5234	266
5235	279
5236	240
5237	249
5238	275
5239	243
5240	265
5241	301
5242	273
5243	259
5244	272
5245	242
5246	254
5247	240
5248	271
5249	266
5250	253
5251	245
5252	244
5253	260
5254	250
5255	272
5256	238
5257	271
5258	265
5259	247
5260	271
5261	277
5262	243
5263	244
5264	272
5265	255
5266	233
5267	241
5268	239
5269	236
5270	272
5271	232
5272	269
5273	226
5274	258
5275	252
5276	279
5277	241
5278	233
5279	259
5280	251
5281	248
5282	232
5283	225
5284	245
5285	231
5286	294
5287	258
5288	248
5289	245
5290	236
5291	204
5292	223
5293	228
5294	216
5295	243
5296	221
5297	240
5298	237
5299	228
5300	232
5301	250
5302	236
5303	221
5304	232
5305	218
5306	250
5307	237
5308	260
5309	242
5310	209
5311	211
5312	236
5313	249
5314	218
5315	241
5316	221
5317	227
5318	222
5319	232
5320	217
5321	224
5322	232
5323	233
5324	216
5325	212
5326	245
5327	207
5328	237
5329	232
5330	225
5331	231
5332	219
5333	233
5334	239
5335	209
5336	212
5337	234
5338	206
5339	200
5340	191
5341	208
5342	205
5343	188
5344	212
5345	217
5346	207
5347	206
5348	225
5349	194
5350	224
5351	218
5352	243
5353	194
5354	237
5355	170
5356	201
5357	207
5358	182
5359	178
5360	187
5361	196
5362	176
5363	207
5364	212
5365	227
5366	225
5367	189
5368	167
5369	191
5370	198
5371	200
5372	196
5373	175
5374	184
5375	172
5376	197
5377	178
5378	179
5379	191
5380	172
5381	188
5382	194
5383	168
5384	174
5385	204
5386	195
5387	171
5388	186
5389	197
5390	180
5391	168
5392	158
5393	177
5394	175
5395	158
5396	183
5397	202
5398	164
5399	157
5400	166
5401	163
5402	167
5403	180
5404	158
5405	151
5406	146
5407	153
5408	158
5409	183
5410	158
5411	148
5412	160
5413	174
5414	177
5415	177
5416	173
5417	172
5418	180
5419	155
5420	157
5421	167
5422	168
5423	161
5424	145
5425	181
5426	151
5427	168
5428	162
5429	159
5430	139
5431	147
5432	138
5433	162
5434	128
5435	157
5436	147
5437	150
5438	144
5439	146
5440	159
5441	142
5442	123
5443	146
5444	134
5445	144
5446	137
5447	149
5448	136
5449	133
5450	136
5451	154
5452	129
5453	115
5454	121
5455	144
5456	138
5457	151
5458	152
5459	148
5460	134
5461	136
5462	154
5463	141
5464	150
5465	127
5466	116
5467	136
5468	121
5469	114
5470	128
5471	138
5472	113
5473	133
5474	127
5475	109
5476	118
5477	139
5478	138
5479	100
5480	114
5481	115
5482	119
5483	122
5484	129
5485	141
5486	116
5487	111
5488	127
5489	121
5490	109
5491	104
5492	152
5493	112
5494	94
5495	108
5496	122
5497	113
5498	93
5499	96
5500	116
5501	112
5502	118
5503	113
5504	108
5505	109
5506	106
5507	111
5508	110
5509	106
5510	116
5511	105
5512	120
5513	105
5514	125
5515	123
5516	107
5517	99
5518	123
5519	101
5520	97
5521	113
5522	101
5523	109
5524	116
5525	121
5526	98
5527	100
5528	78
5529	89
5530	128
5531	89
5532	98
5533	100
5534	106
5535	114
5536	104
5537	97
5538	119
5539	103
5540	122
5541	102
5542	105
5543	105
5544	110
5545	87
5546	112
5547	106
5548	95
5549	96
5550	100
5551	87
5552	103
5553	96
5554	110
5555	105
5556	94
5557	94
5558	79
5559	103
5560	72
5561	84
5562	85
5563	85
5564	100
5565	92
5566	90
5567	81
5568	82
5569	116
5570	91
5571	92
5572	82
5573	80
5574	84
5575	94
5576	90
5577	85
5578	123
5579	83
5580	85
5581	108
5582	79
5583	79
5584	99
5585	89
5586	99
5587	86
5588	80
5589	106
5590	91
5591	101
5592	85
5593	95
5594	87
5595	77
5596	92
5597	91
5598	87
5599	71
5600	96
5601	96
5602	84
5603	83
5604	88
5605	80
5606	99
5607	97
5608	100
5609	99
5610	86
5611	83
5612	106
5613	93
5614	91
5615	88
5616	76
5617	80
5618	72
5619	80
5620	71
5621	78
5622	89
5623	78
5624	96
5625	80
5626	72
5627	89
5628	90
5629	79
5630	79
5631	83
5632	84
5633	92
5634	96
5635	76
5636	100
5637	83
5638	97
5639	71
5640	82
5641	72
5642	81
5643	90
5644	85
5645	90
5646	82
5647	84
5648	76
5649	82
5650	66
5651	94
5652	71
5653	75
5654	68
5655	82
5656	74
5657	84
5658	80
5659	82
5660	65
5661	79
5662	64
5663	85
5664	80
5665	80
5666	76
5667	79
5668	85
5669	70
5670	68
5671	76
5672	81
5673	61
5674	91
5675	75
5676	76
5677	90
5678	69
5679	77
5680	79
5681	93
5682	75
5683	68
5684	83
5685	84
5686	84
5687	73
5688	74
5689	82
5690	84
5691	61
5692	78
5693	63
5694	82
5695	69
5696	81
5697	65
5698	69
5699	82
5700	75
5701	81
5702	83
5703	74
5704	78
5705	61
5706	70
5707	73
5708	83
5709	61
5710	64
5711	69
5712	96
5713	84
5714	69
5715	83
5716	71
5717	70
5718	70
5719	70
5720	74
5721	66
5722	64
5723	81
5724	67
5725	63
5726	78
5727	69
5728	85
5729	68
5730	51
5731	85
5732	69
5733	62
5734	79
5735	78
5736	67
5737	66
5738	79
5739	58
5740	62
5741	76
5742	58
5743	75
5744	71
5745	57
5746	64
5747	60
5748	81
5749	65
5750	70
5751	64
5752	57
5753	60
5754	62
5755	74
5756	64
5757	72
5758	75
5759	67
5760	70
5761	66
5762	64
5763	55
5764	70
5765	58
5766	60
5767	55
5768	69
5769	78
5770	52
5771	84
5772	61
5773	66
5774	60
5775	65
5776	67
5777	55
5778	53
5779	62
5780	58
5781	65
5782	62
5783	57
5784	61
5785	66
5786	62
5787	66
5788	54
5789	71
5790	62
5791	66
5792	65
5793	69
5794	67
5795	69
5796	52
5797	66
5798	54
5799	61
5800	69
5801	44
5802	50
5803	67
5804	54
5805	67
5806	71
5807	52
5808	59
5809	58
5810	73
5811	62
5812	57
5813	52
5814	65
5815	61
5816	50
5817	55
5818	57
5819	60
5820	68
5821	53
5822	52
5823	51
5824	52
5825	64
5826	55
5827	57
5828	52
5829	46
5830	65
5831	41
5832	45
5833	45
5834	61
5835	67
5836	54
5837	65
5838	49
5839	45
5840	46
5841	49
5842	44
5843	57
5844	44
5845	45
5846	43
5847	59
5848	43
5849	48
5850	39
5851	58
5852	44
5853	54
5854	52
5855	39
5856	47
5857	49
5858	48
5859	44
5860	48
5861	55
5862	38
5863	63
5864	45
5865	58
5866	53
5867	50
5868	42
5869	48
5870	53
5871	45
5872	43
5873	40
5874	40
5875	34
5876	54
5877	35
5878	51
5879	50
5880	36
5881	43
5882	48
5883	46
5884	41
5885	45
5886	35
5887	39
5888	43
5889	44
5890	35
5891	52
5892	32
5893	38
5894	38
5895	41
5896	31
5897	45
5898	30
5899	43
5900	38
5901	36
5902	57
5903	39
5904	43
5905	32
5906	36
5907	37
5908	42
5909	37
5910	29
5911	33
5912	37
5913	35
5914	34
5915	40
5916	32
5917	42
5918	49
5919	35
5920	40
5921	37
5922	40
5923	42
5924	32
5925	38
5926	34
5927	32
5928	45
5929	29
5930	35
5931	38
5932	29
5933	32
5934	29
5935	32
5936	36
5937	30
5938	30
5939	37
5940	33
5941	39
5942	28
5943	26
5944	19
5945	34
5946	22
5947	26
5948	38
5949	27
5950	38
5951	37
5952	21
5953	29
5954	34
5955	23
5956	34
5957	19
5958	30
5959	22
5960	30
5961	44
5962	41
5963	28
5964	36
5965	25
5966	42
5967	29
5968	30
5969	34
5970	21
5971	27
5972	25
5973	25
5974	35
5975	29
5976	27
5977	36
5978	25
5979	35
5980	34
5981	24
5982	31
5983	33
5984	31
5985	16
5986	20
5987	30
5988	23
5989	22
5990	25
5991	19
5992	21
5993	17
5994	19
5995	25
5996	22
5997	34
5998	23
5999	33
6000	19
6001	21
6002	17
6003	16
6004	20
6005	25
6006	23
6007	26
6008	34
6009	26
6010	20
6011	25
6012	24
6013	28
6014	23
6015	19
6016	15
6017	22
6018	18
6019	23
6020	20
6021	26
6022	18
6023	21
6024	25
6025	18
6026	26
6027	26
6028	15
6029	23
6030	22
6031	20
6032	34
6033	19
6034	22
6035	21
6036	16
6037	17
6038	26
6039	18
6040	12
6041	27
6042	23
6043	25
6044	28
6045	15
6046	21
6047	25
6048	24
6049	22
6050	13
6051	21
6052	6
6053	23
6054	20
6055	25
6056	15
6057	18
6058	23
6059	23
6060	21
6061	25
6062	20
6063	23
6064	19
6065	23
6066	16
6067	20
6068	17
6069	12
6070	14
6071	17
6072	21
6073	18
6074	15
6075	17
6076	22
6077	15
6078	15
6079	15
6080	22
6081	10
6082	19
6083	20
6084	17
6085	8
6086	18
6087	22
6088	24
6089	14
6090	24
6091	13
6092	20
6093	19
6094	7
6095	21
6096	15
6097	13
6098	17
6099	15
6100	21
6101	20
6102	16
6103	18
6104	15
6105	20
6106	8
6107	19
6108	16
6109	17
6110	12
6111	16
6112	12
6113	17
6114	10
6115	17
6116	16
6117	26
6118	16
6119	20
6120	15
6121	24
6122	22
6123	9
6124	14
6125	16
6126	12
6127	15
6128	20
6129	17
6130	17
6131	19
6132	10
6133	18
6134	14
6135	12
6136	14
6137	10
6138	13
6139	12
6140	15
6141	17
6142	17
6143	15
6144	21
6145	24
6146	11
6147	16
6148	10
6149	8
6150	19
6151	17
6152	17
6153	11
6154	15
6155	18
6156	14
6157	19
6158	11
6159	19
6160	17
6161	16
6162	20
6163	17
6164	15
6165	14
6166	15
6167	22
6168	11
6169	13
6170	15
6171	10
6172	17
6173	13
6174	18
6175	13
6176	11
6177	17
6178	15
6179	19
6180	15
6181	20
6182	22
6183	18
6184	14
6185	15
6186	17
6187	16
6188	15
6189	15
6190	19
6191	11
6192	15
6193	17
6194	19
6195	16
6196	21
6197	17
6198	13
6199	18
6200	15
6201	13
6202	13
6203	17
6204	11
6205	17
6206	14
6207	19
6208	17
6209	25
6210	15
6211	10
6212	11
6213	13
6214	25
6215	22
6216	12
6217	13
6218	21
6219	13
6220	16
6221	10
6222	7
6223	13
6224	15
6225	12
6226	14
6227	28
6228	11
6229	22
6230	19
6231	14
6232	20
6233	23
6234	12
6235	18
6236	19
6237	15
6238	17
6239	21
6240	12
6241	11
6242	13
6243	14
6244	17
6245	14
6246	18
6247	13
6248	17
6249	14
6250	22
6251	18
6252	17
6253	10
6254	16
6255	15
6256	13
6257	17
6258	18
6259	10
6260	14
6261	18
6262	14
6263	30
6264	17
6265	17
6266	23
6267	17
6268	14
6269	24
6270	12
6271	17
6272	19
6273	19
6274	26
6275	18
6276	18
6277	22
6278	14
6279	16
6280	19
6281	12
6282	17
6283	20
6284	20
6285	19
6286	16
6287	23
6288	17
6289	14
6290	26
6291	14
6292	23
6293	17
6294	25
6295	18
6296	20
6297	15
6298	15
6299	14
6300	17
6301	18
6302	20
6303	22
6304	15
6305	11
6306	19
6307	16
6308	29
6309	10
6310	19
6311	17
6312	14
6313	24
6314	17
6315	17
6316	18
6317	24
6318	26
6319	23
6320	16
6321	13
6322	20
6323	21
6324	19
6325	28
6326	15
6327	16
6328	20
6329	12
6330	11
6331	9
6332	11
6333	18
6334	23
6335	16
6336	20
6337	19
6338	22
6339	31
6340	15
6341	29
6342	25
6343	24
6344	21
6345	13
6346	18
6347	21
6348	19
6349	16
6350	21
6351	20
6352	15
6353	21
6354	19
6355	19
6356	14
6357	18
6358	18
6359	22
6360	14
6361	32
6362	21
6363	18
6364	20
6365	29
6366	16
6367	12
6368	19
6369	17
6370	18
6371	25
6372	25
6373	22
6374	17
6375	19
6376	22
6377	22
6378	29
6379	22
6380	22
6381	19
6382	19
6383	19
6384	24
6385	21
6386	24
6387	22
6388	17
6389	18
6390	27
6391	30
6392	30
6393	18
6394	26
6395	22
6396	20
6397	22
6398	30
6399	29
6400	18
6401	25
6402	27
6403	17
6404	16
6405	35
6406	24
6407	28
6408	22
6409	22
6410	21
6411	25
6412	27
6413	16
6414	23
6415	20
6416	19
6417	30
6418	20
6419	25
6420	26
6421	27
6422	27
6423	29
6424	23
6425	22
6426	25
6427	17
6428	24
6429	15
6430	21
6431	20
6432	25
6433	18
6434	27
6435	21
6436	14
6437	17
6438	27
6439	15
6440	19
6441	17
6442	21
6443	25
6444	17
6445	24
6446	23
6447	26
6448	16
6449	21
6450	24
6451	19
6452	27
6453	20
6454	23
6455	26
6456	15
6457	20
6458	25
6459	13
6460	27
6461	17
6462	26
6463	15
6464	31
6465	21
6466	20
6467	28
6468	22
6469	20
6470	31
6471	13
6472	26
6473	28
6474	25
6475	21
6476	14
6477	26
6478	23
6479	31
6480	13
6481	16
6482	14
6483	24
6484	22
6485	24
6486	28
6487	23
6488	24
6489	27
6490	29
6491	22
6492	15
6493	30
6494	32
6495	25
6496	20
6497	21
6498	33
6499	27
6500	30
6501	18
6502	26
6503	21
6504	26
6505	26
6506	24
6507	29
6508	21
6509	33
6510	25
6511	24
6512	18
6513	24
6514	24
6515	27
6516	20
6517	25
6518	22
6519	24
6520	20
6521	17
6522	32
6523	23
6524	22
6525	24
6526	27
6527	20
6528	28
6529	20
6530	17
6531	31
6532	32
6533	24
6534	21
6535	23
6536	17
6537	32
6538	27
6539	16
6540	17
6541	19
6542	24
6543	14
6544	22
6545	11
6546	23
6547	16
6548	24
6549	22
6550	20
6551	21
6552	20
6553	17
6554	24
6555	17
6556	17
6557	16
6558	15
6559	16
6560	30
6561	25
6562	17
6563	24
6564	27
6565	14
6566	26
6567	19
6568	22
6569	21
6570	19
6571	19
6572	29
6573	25
6574	25
6575	24
6576	21
6577	32
6578	17
6579	16
6580	23
6581	20
6582	21
6583	36
6584	19
6585	25
6586	8
6587	29
6588	21
6589	27
6590	18
6591	17
6592	16
6593	25
6594	25
6595	14
6596	14
6597	23
6598	14
6599	26
6600	15
6601	16
6602	22
6603	23
6604	23
6605	16
6606	19
6607	16
6608	25
6609	25
6610	15
6611	14
6612	13
6613	17
6614	20
6615	21
6616	21
6617	21
6618	16
6619	13
6620	8
6621	23
6622	19
6623	23
6624	15
6625	20
6626	12
6627	26
6628	14
6629	22
6630	18
6631	15
6632	15
6633	15
6634	14
6635	18
6636	18
6637	18
6638	27
6639	14
6640	12
6641	18
6642	19
6643	19
6644	27
6645	10
6646	20
6647	21
6648	16
6649	15
6650	20
6651	17
6652	12
6653	21
6654	22
6655	20
6656	13
6657	17
6658	18
6659	19
6660	16
6661	16
6662	18
6663	19
6664	24
6665	22
6666	20
6667	14
6668	18
6669	20
6670	18
6671	16
6672	14
6673	14
6674	16
6675	13
6676	16
6677	14
6678	14
6679	17
6680	20
6681	16
6682	16
6683	10
6684	14
6685	17
6686	11
6687	15
6688	20
6689	20
6690	13
6691	10
6692	18
6693	8
6694	14
6695	16
6696	18
6697	10
6698	13
6699	15
6700	21
6701	18
6702	10
6703	15
6704	18
6705	10
6706	19
6707	12
6708	13
6709	17
6710	11
6711	13
6712	12
6713	14
6714	10
6715	14
6716	12
6717	14
6718	17
6719	12
6720	15
6721	19
6722	13
6723	13
6724	15
6725	10
6726	9
6727	18
6728	17
6729	12
6730	12
6731	8
6732	15
6733	10
6734	6
6735	10
6736	9
6737	13
6738	11
6739	20
6740	8
6741	11
6742	19
6743	11
6744	14
6745	9
6746	6
6747	11
6748	18
6749	12
6750	8
6751	19
6752	12
6753	12
6754	8
6755	12
6756	13
6757	9
6758	8
6759	9
6760	4
6761	11
6762	9
6763	10
6764	12
6765	9
6766	15
6767	11
6768	15
6769	13
6770	7
6771	11
6772	10
6773	15
6774	11
6775	5
6776	14
6777	8
6778	6
6779	10
6780	14
6781	6
6782	10
6783	6
6784	5
6785	8
6786	14
6787	3
6788	11
6789	9
6790	10
6791	7
6792	5
6793	11
6794	6
6795	5
6796	6
6797	9
6798	9
6799	8
6800	5
6801	8
6802	7
6803	6
6804	7
6805	7
6806	9
6807	8
6808	10
6809	7
6810	4
6811	9
6812	4
6813	8
6814	8
6815	11
6816	6
6817	12
6818	13
6819	7
6820	12
6821	4
6822	10
6823	11
6824	13
6825	4
6826	8
6827	10
6828	5
6829	6
6830	8
6831	1
6832	11
6833	2
6834	5
6835	5
6836	6
6837	10
6838	3
6839	8
6840	3
6841	8
6842	12
6843	8
6844	13
6845	10
6846	4
6847	5
6848	4
6849	8
6850	10
6851	10
6852	5
6853	9
6854	4
6855	4
6856	7
6857	7
6858	6
6859	9
6860	9
6861	6
6862	7
6863	5
6864	5
6865	4
6866	4
6867	6
6868	7
6869	7
6870	1
6871	8
6872	5
6873	5
6874	3
6875	4
6876	8
6877	4
6878	5
6879	6
6880	6
6881	5
6882	4
6883	5
6884	4
6885	3
6886	5
6887	7
6888	5
6889	4
6890	7
6891	2
6892	4
6893	5
6894	5
6895	3
6896	4
6897	4
6898	3
6899	7
6900	5
6901	6
6902	2
6903	4
6904	5
6905	1
6906	2
6907	6
6908	4
6909	1
6910	2
6911	5
6912	2
6913	4
6914	5
6915	3
6916	7
6917	5
6918	6
6919	6
6920	3
6921	5
6922	7
6923	6
6924	6
6925	5
6926	8
6927	8
6928	4
6929	10
6930	1
6931	4
6932	6
6933	3
6934	4
6935	8
6936	3
6937	5
6938	7
6939	5
6940	2
6941	8
6942	5
6943	3
6944	6
6945	3
6946	2
6947	3
6948	4
6949	4
6950	8
6951	6
6952	4
6953	2
6954	4
6955	3
6956	2
6957	5
6958	4
6959	0
6960	5
6961	4
6962	3
6963	3
6964	2
6965	1
6966	3
6967	5
6968	1
6969	4
6970	4
6971	3
6972	3
6973	1
6974	1
6975	4
6976	3
6977	4
6978	2
6979	3
6980	5
6981	2
6982	2
6983	7
6984	3
6985	2
6986	4
6987	1
6988	2
6989	9
6990	3
6991	4
6992	2
6993	6
6994	6
6995	1
6996	1
6997	4
6998	3
6999	4
7000	4
7001	1
7002	5
7003	0
7004	4
7005	5
7006	2
7007	2
7008	2
7009	5
7010	2
7011	3
7012	3
7013	5
7014	6
7015	2
7016	3
7017	3
7018	2
7019	1
7020	3
7021	2
7022	2
7023	1
7024	3
7025	2
7026	5
7027	0
7028	3
7029	4
7030	2
7031	4
7032	5
7033	2
7034	3
7035	5
7036	1
7037	4
7038	3
7039	3
7040	4
7041	6
7042	3
7043	5
7044	2
7045	5
7046	3
7047	1
7048	3
7049	6
7050	2
7051	3
7052	2
7053	3
7054	6
7055	1
7056	1
7057	5
7058	7
7059	6
7060	1
7061	1
7062	8
7063	1
7064	3
7065	3
7066	3
7067	0
7068	3
7069	3
7070	4
7071	2
7072	4
7073	1
7074	1
7075	1
7076	2
7077	0
7078	1
7079	6
7080	3
7081	3
7082	1
7083	3
7084	4
7085	1
7086	4
7087	1
7088	2
7089	2
7090	4
7091	2
7092	2
7093	1
7094	4
7095	3
7096	3
7097	4
7098	5
7099	4
7100	4
7101	2
7102	2
7103	6
7104	0
7105	3
7106	3
7107	1
7108	3
7109	2
7110	2
7111	3
7112	3
7113	3
7114	0
7115	4
7116	4
7117	3
7118	0
7119	2
7120	2
7121	0
7122	4
7123	2
7124	4
7125	1
7126	3
7127	1
7128	1
7129	2
7130	3
7131	2
7132	3
7133	5
7134	2
7135	1
7136	2
7137	3
7138	3
7139	4
7140	0
7141	2
7142	6
7143	2
7144	4
7145	2
7146	3
7147	1
7148	1
7149	1
7150	3
7151	3
7152	5
7153	3
7154	1
7155	2
7156	4
7157	2
7158	1
7159	3
7160	1
7161	0
7162	2
7163	1
7164	3
7165	3
7166	2
7167	1
7168	0
7169	0
7170	4
7171	2
7172	3
7173	3
7174	3
7175	1
7176	4
7177	3
7178	1
7179	3
7180	2
7181	2
7182	1
7183	1
7184	1
7185	2
7186	1
7187	1
7188	2
7189	2
7190	4
7191	6
7192	3
7193	0
7194	0
7195	2
7196	3
7197	2
7198	4
7199	4
7200	1
7201	2
7202	2
7203	2
7204	3
7205	1
7206	1
7207	4
7208	4
7209	0
7210	3
7211	2
7212	3
7213	3
7214	1
7215	1
7216	0
7217	4
7218	3
7219	2
7220	2
7221	2
7222	2
7223	4
7224	2
7225	1
7226	3
7227	4
7228	3
7229	3
7230	1
7231	0
7232	1
7233	2
7234	1
7235	2
7236	1
7237	1
7238	1
7239	2
7240	2
7241	4
7242	2
7243	1
7244	1
7245	2
7246	0
7247	3
7248	1
7249	2
7250	1
7251	1
7252	0
7253	1
7254	3
7255	2
7256	2
7257	4
7258	0
7259	1
7260	3
7261	0
7262	0
7263	1
7264	2
7265	2
7266	2
7267	3
7268	1
7269	2
7270	1
7271	4
7272	2
7273	3
7274	2
7275	1
7276	5
7277	1
7278	1
7279	4
7280	2
7281	3
7282	2
7283	3
7284	4
7285	3
7286	1
7287	1
7288	3
7289	5
7290	3
7291	0
7292	5
7293	4
7294	3
7295	3
7296	1
7297	1
7298	4
7299	0
7300	3
7301	0
7302	1
7303	0
7304	0
7305	2
7306	2
7307	2
7308	5
7309	1
7310	1
7311	1
7312	0
7313	2
7314	1
7315	0
7316	5
7317	1
7318	1
7319	0
7320	1
7321	1
7322	0
7323	2
7324	2
7325	1
7326	2
7327	1
7328	2
7329	2
7330	0
7331	4
7332	0
7333	2
7334	0
7335	2
7336	2
7337	2
7338	1
7339	0
7340	1
7341	2
7342	2
7343	2
7344	0
7345	4
7346	0
7347	1
7348	1
7349	2
7350	1
7351	0
7352	1
7353	1
7354	2
7355	1
7356	1
7357	0
7358	1
7359	2
7360	1
7361	2
7362	1
7363	1
7364	0
7365	2
7366	0
7367	3
7368	2
7369	2
7370	2
7371	2
7372	3
7373	2
7374	2
7375	1
7376	3
7377	1
7378	2
7379	1
7380	0
7381	3
7382	1
7383	2
7384	1
7385	2
7386	3
7387	1
7388	1
7389	2
7390	0
7391	1
7392	0
7393	1
7394	0
7395	0
7396	1
7397	0
7398	1
7399	0
7400	4
7401	2
7402	0
7403	1
7404	1
7405	0
7406	1
7407	1
7408	3
7409	1
7410	1
7411	0
7412	0
7413	0
7414	0
7415	3
7416	0
7417	2
7418	1
7419	0
7420	1
7421	2
7422	0
7423	1
7424	3
7425	2
7426	2
7427	0
7428	0
7429	2
7430	1
7431	0
7432	0
7433	0
7434	3
7435	1
7436	1
7437	1
7438	1
7439	0
7440	3
7441	0
7442	0
7443	1
7444	2
7445	1
7446	0
7447	0
7448	1
7449	1
7450	1
7451	1
7452	1
7453	2
7454	2
7455	0
7456	2
7457	3
7458	3
7459	2
7460	1
7461	2
7462	1
7463	3
7464	1
7465	2
7466	1
7467	0
7468	2
7469	1
7470	1
7471	0
7472	0
7473	1
7474	2
7475	2
7476	0
7477	1
7478	1
7479	2
7480	1
7481	3
7482	0
7483	1
7484	1
7485	1
7486	1
7487	1
7488	0
7489	0
7490	1
7491	1
7492	0
7493	5
7494	1
7495	1
7496	1
7497	4
7498	0
7499	2
7500	1
7501	0
7502	3
7503	1
7504	1
7505	1
7506	1
7507	0
7508	0
7509	1
7510	5
7511	0
7512	2
7513	1
7514	2
7515	0
7516	2
7517	0
7518	0
7519	2
7520	1
7521	1
7522	1
7523	0
7524	2
7525	1
7526	2
7527	0
7528	1
7529	1
7530	2
7531	1
7532	2
7533	0
7534	1
7535	1
7536	1
7537	0
7538	1
7539	1
7540	1
7541	0
7542	0
7543	1
7544	0
7545	1
7546	0
7547	0
7548	0
7549	1
7550	0
7551	3
7552	2
7553	0
7554	3
7555	0
7556	0
7557	3
7558	1
7559	4
7560	2
7561	1
7562	4
7563	0
7564	2
7565	0
7566	0
7567	2
7568	0
7569	1
7570	3
7571	0
7572	1
7573	1
7574	1
7575	0
7576	0
7577	1
7578	1
7579	0
7580	4
7581	2
7582	0
7583	1
7584	0
7585	0
7586	0
7587	0
7588	3
7589	1
7590	2
7591	1
7592	0
7593	1
7594	1
7595	1
7596	1
7597	0
7598	1
7599	1
7600	0
7601	1
7602	0
7603	2
7604	0
7605	0
7606	2
7607	1
7608	1
7609	0
7610	1
7611	3
7612	3
7613	2
7614	2
7615	0
7616	2
7617	1
7618	1
7619	0
7620	0
7621	0
7622	0
7623	0
7624	0
7625	1
7626	0
7627	1
7628	0
7629	0
7630	1
7631	1
7632	0
7633	1
7634	3
7635	1
7636	1
7637	0
7638	1
7639	2
7640	0
7641	2
7642	1
7643	1
7644	2
7645	1
7646	1
7647	2
7648	1
7649	0
7650	2
7651	0
7652	1
7653	0
7654	1
7655	0
7656	2
7657	2
7658	0
7659	0
7660	0
7661	0
7662	0
7663	3
7664	0
7665	0
7666	0
7667	1
7668	0
7669	1
7670	0
7671	1
7672	1
7673	2
7674	1
7675	0
7676	3
7677	1
7678	0
7679	1
7680	0
7681	1
7682	1
7683	1
7684	0
7685	0
7686	2
7687	4
7688	1
7689	1
7690	0
7691	1
7692	0
7693	0
7694	1
7695	1
7696	0
7697	1
7698	0
7699	1
7700	1
7701	2
7702	0
7703	1
7704	0
7705	0
7706	1
7707	1
7708	2
7709	2
7710	1
7711	1
7712	1
7713	0
7714	1
7715	1
7716	2
7717	2
7718	1
7719	0
7720	1
7721	2
7722	0
7723	1
7724	1
7725	1
7726	0
7727	0
7728	0
7729	0
7730	0
7731	1
7732	0
7733	0
7734	1
7735	1
7736	1
7737	0
7738	1
7739	0
7740	0
7741	0
7742	1
7743	1
7744	2
7745	1
7746	1
7747	0
7748	1
7749	3
7750	1
7751	3
7752	2
7753	2
7754	1
7755	0
7756	0
7757	0
7758	1
7759	1
7760	2
7761	2
7762	1
7763	0
7764	0
7765	0
7766	1
7767	2
7768	1
7769	0
7770	1
7771	1
7772	1
7773	0
7774	1
7775	0
7776	1
7777	3
7778	0
7779	2
7780	0
7781	0
7782	0
7783	0
7784	2
7785	0
7786	1
7787	0
7788	1
7789	0
7790	1
7791	0
7792	2
7793	2
7794	1
7795	1
7796	0
7797	1
7798	2
7799	0
7800	0
7801	0
7802	0
7803	0
7804	0
7805	0
7806	0
7807	2
7808	1
7809	0
7810	1
7811	0
7812	1
7813	0
7814	1
7815	1
7816	0
7817	0
7818	3
7819	0
7820	3
7821	1
7822	0
7823	2
7824	1
7825	0
7826	2
7827	1
7828	0
7829	0
7830	0
7831	1
7832	2
7833	0
7834	0
7835	0
7836	0
7837	1
7838	0
7839	0
7840	0
7841	0
7842	0
7843	2
7844	0
7845	0
7846	2
7847	1
7848	0
7849	0
7850	1
7851	1
7852	1
7853	1
7854	3
7855	1
7856	1
7857	0
7858	0
7859	1
7860	0
7861	0
7862	0
7863	2
7864	2
7865	2
7866	0
7867	0
7868	1
7869	1
7870	0
7871	0
7872	1
7873	3
7874	1
7875	1
7876	0
7877	0
7878	1
7879	0
7880	1
7881	1
7882	1
7883	1
7884	1
7885	2
7886	2
7887	0
7888	0
7889	0
7890	0
7891	2
7892	0
7893	2
7894	2
7895	0
7896	0
7897	1
7898	0
7899	1
7900	0
7901	1
7902	1
7903	2
7904	1
7905	0
7906	0
7907	1
7908	3
7909	0
7910	0
7911	0
7912	1
7913	0
7914	2
7915	1
7916	0
7917	1
7918	2
7919	1
7920	0
7921	2
7922	0
7923	0
7924	1
7925	1
7926	0
7927	1
7928	2
7929	1
7930	0
7931	1
7932	0
7933	1
7934	2
7935	1
7936	0
7937	1
7938	2
7939	0
7940	1
7941	2
7942	1
7943	1
7944	1
7945	0
7946	0
7947	1
7948	1
7949	1
7950	1
7951	0
7952	1
7953	0
7954	2
7955	0
7956	0
7957	2
7958	0
7959	1
7960	2
7961	2
7962	2
7963	0
7964	0
7965	1
7966	2
7967	1
7968	0
7969	0
7970	1
7971	1
7972	0
7973	0
7974	1
7975	0
7976	1
7977	1
7978	1
7979	1
7980	0
7981	2
7982	0
7983	1
7984	2
7985	0
7986	0
7987	1
7988	0
7989	1
7990	1
7991	0
7992	1
7993	0
7994	1
7995	1
7996	0
7997	0
7998	0
7999	0
8000	1
8001	2
8002	0
8003	0
8004	1
8005	0
8006	1
8007	1
8008	0
8009	0
8010	3
8011	3
8012	1
8013	1
8014	0
8015	1
8016	0
8017	3
8018	1
8019	2
8020	0
8021	0
8022	0
8023	0
8024	0
8025	0
8026	0
8027	0
8028	0
8029	3
8030	0
8031	0
8032	0
8033	2
8034	1
8035	0
8036	0
8037	2
8038	2
8039	0
8040	1
8041	0
8042	0
8043	1
8044	1
8045	0
8046	1
8047	0
8048	0
8049	0
8050	0
8051	0
8052	3
8053	0
8054	0
8055	1
8056	0
8057	0
8058	0
8059	0
8060	1
8061	1
8062	0
8063	0
8064	2
8065	2
8066	0
8067	0
8068	0
8069	0
8070	0
8071	0
8072	0
8073	1
8074	0
8075	0
8076	0
8077	2
8078	0
8079	0
8080	0
8081	0
8082	0
8083	0
8084	0
8085	0
8086	1
8087	3
8088	0
8089	2
8090	0
8091	0
8092	0
8093	0
8094	0
8095	0
8096	0
8097	0
8098	0
8099	0
8100	1
8101	1
8102	0
8103	0
8104	0
8105	1
8106	0
8107	1
8108	0
8109	0
8110	0
8111	1
8112	0
8113	1
8114	1
8115	0
8116	0
8117	0
8118	0
8119	0
8120	0
8121	0
8122	0
8123	0
8124	0
8125	0
8126	0
8127	0
8128	0
8129	0
8130	0
8131	1
8132	0
8133	0
8134	0
8135	0
8136	0
8137	0
8138	0
8139	0
8140	0
8141	0
8142	0
8143	0
8144	0
8145	0
8146	0
8147	0
8148	0
8149	0
8150	0
8151	0
8152	0
8153	0
8154	0
8155	0
8156	0
8157	0
8158	0
8159	0
8160	0
8161	0
8162	0
8163	0
8164	0
8165	0
8166	0
8167	0
8168	0
8169	0
8170	0
8171	0
8172	0
8173	0
8174	0
8175	0
8176	0
8177	0
8178	0
8179	0
8180	0
8181	0
8182	0
8183	0
8184	0
8185	0
8186	0
8187	0
8188	0
8189	0
8190	0
8191	0
