0	0
1	0
2	0
3	0
4	0
5	0
6	0
7	0
8	0
9	0
10	0
11	0
12	0
13	0
14	0
15	0
16	0
17	0
18	0
19	0
20	0
21	0
22	0
23	0
24	0
25	0
26	0
27	0
28	0
29	0
30	0
31	0
32	0
33	0
34	0
35	0
36	0
37	0
38	0
39	0
40	0
41	0
42	0
43	0
44	0
45	0
46	0
47	0
48	0
49	0
50	0
51	0
52	0
53	0
54	0
55	0
56	0
57	0
58	0
59	0
60	0
61	0
62	0
63	0
64	0
65	0
66	0
67	0
68	0
69	0
70	0
71	0
72	0
73	0
74	0
75	0
76	0
77	0
78	0
79	0
80	0
81	0
82	0
83	1
84	0
85	0
86	0
87	0
88	0
89	0
90	0
91	0
92	0
93	0
94	0
95	0
96	1
97	0
98	0
99	0
100	0
101	0
102	0
103	0
104	0
105	0
106	0
107	0
108	0
109	0
110	0
111	1
112	0
113	0
114	0
115	0
116	0
117	0
118	0
119	0
120	0
121	0
122	0
123	0
124	0
125	0
126	1
127	0
128	0
129	0
130	0
131	0
132	0
133	0
134	0
135	1
136	0
137	1
138	0
139	0
140	0
141	0
142	1
143	0
144	0
145	0
146	0
147	1
148	0
149	0
150	0
151	0
152	1
153	0
154	0
155	0
156	1
157	0
158	0
159	0
160	0
161	0
162	0
163	0
164	0
165	2
166	0
167	1
168	1
169	0
170	0
171	1
172	2
173	0
174	3
175	1
176	0
177	0
178	0
179	0
180	0
181	0
182	1
183	1
184	0
185	3
186	2
187	0
188	0
189	0
190	2
191	3
192	3
193	1
194	1
195	2
196	1
197	1
198	2
199	3
200	2
201	0
202	1
203	0
204	1
205	3
206	1
207	2
208	4
209	0
210	0
211	1
212	1
213	2
214	3
215	2
216	1
217	1
218	1
219	4
220	1
221	4
222	1
223	3
224	1
225	0
226	2
227	3
228	1
229	5
230	2
231	3
232	2
233	2
234	2
235	0
236	1
237	2
238	2
239	0
240	0
241	4
242	1
243	2
244	4
245	1
246	2
247	1
248	0
249	1
250	3
251	2
252	1
253	0
254	2
255	0
256	1
257	3
258	0
259	0
260	0
261	0
262	3
263	0
264	1
265	0
266	0
267	1
268	0
269	0
270	1
271	0
272	0
273	2
274	1
275	1
276	0
277	0
278	0
279	1
280	3
281	0
282	0
283	1
284	0
285	0
286	0
287	2
288	0
289	1
290	0
291	1
292	0
293	3
294	0
295	0
296	1
297	1
298	2
299	0
300	0
301	0
302	0
303	0
304	0
305	0
306	0
307	1
308	0
309	0
310	0
311	0
312	1
313	0
314	0
315	0
316	0
317	1
318	0
319	0
320	1
321	1
322	0
323	0
324	0
325	0
326	0
327	0
328	0
329	1
330	0
331	1
332	0
333	0
334	0
335	0
336	0
337	0
338	0
339	0
340	1
341	0
342	0
343	0
344	0
345	0
346	0
347	0
348	1
349	0
350	0
351	0
352	0
353	0
354	0
355	1
356	0
357	0
358	0
359	0
360	0
361	0
362	0
363	1
364	0
365	0
366	0
367	0
368	0
369	0
370	0
371	0
372	0
373	0
374	0
375	0
376	2
377	0
378	0
379	0
380	0
381	0
382	0
383	0
384	0
385	0
386	0
387	0
388	0
389	0
390	0
391	0
392	1
393	0
394	1
395	5
396	14
397	39
398	52
399	90
400	71
401	71
402	60
403	68
404	66
405	66
406	63
407	66
408	63
409	84
410	86
411	75
412	75
413	77
414	75
415	75
416	62
417	80
418	89
419	94
420	69
421	87
422	102
423	83
424	92
425	87
426	84
427	73
428	89
429	86
430	108
431	86
432	96
433	95
434	99
435	83
436	108
437	93
438	123
439	89
440	110
441	87
442	87
443	105
444	78
445	107
446	93
447	121
448	102
449	113
450	86
451	95
452	106
453	123
454	104
455	103
456	120
457	118
458	94
459	99
460	98
461	105
462	105
463	133
464	106
465	104
466	108
467	127
468	121
469	136
470	120
471	107
472	115
473	127
474	117
475	112
476	123
477	126
478	141
479	144
480	117
481	130
482	129
483	127
484	134
485	136
486	132
487	130
488	151
489	144
490	131
491	138
492	141
493	141
494	140
495	122
496	148
497	141
498	150
499	150
500	149
501	118
502	143
503	140
504	125
505	148
506	154
507	146
508	148
509	138
510	162
511	136
512	148
513	177
514	146
515	164
516	169
517	176
518	135
519	154
520	144
521	153
522	160
523	150
524	165
525	157
526	152
527	162
528	171
529	149
530	166
531	156
532	151
533	145
534	146
535	151
536	163
537	158
538	159
539	161
540	150
541	167
542	132
543	158
544	138
545	153
546	165
547	154
548	145
549	154
550	175
551	151
552	152
553	163
554	153
555	144
556	159
557	170
558	141
559	127
560	150
561	136
562	158
563	148
564	158
565	160
566	161
567	175
568	147
569	167
570	143
571	162
572	144
573	168
574	155
575	157
576	134
577	153
578	150
579	147
580	140
581	150
582	139
583	129
584	134
585	137
586	160
587	148
588	139
589	141
590	137
591	128
592	126
593	139
594	113
595	124
596	137
597	109
598	125
599	140
600	123
601	119
602	147
603	123
604	131
605	126
606	141
607	103
608	118
609	126
610	140
611	132
612	122
613	137
614	112
615	135
616	128
617	117
618	128
619	109
620	132
621	129
622	121
623	117
624	114
625	114
626	141
627	140
628	135
629	101
630	120
631	116
632	124
633	123
634	109
635	118
636	106
637	114
638	129
639	136
640	108
641	125
642	117
643	132
644	103
645	112
646	131
647	115
648	132
649	115
650	142
651	125
652	123
653	105
654	133
655	124
656	124
657	142
658	128
659	148
660	127
661	147
662	127
663	121
664	127
665	165
666	132
667	136
668	144
669	130
670	164
671	147
672	139
673	172
674	152
675	153
676	147
677	156
678	156
679	169
680	163
681	151
682	134
683	136
684	148
685	163
686	168
687	167
688	162
689	174
690	163
691	154
692	169
693	180
694	165
695	175
696	174
697	197
698	164
699	163
700	177
701	190
702	183
703	167
704	172
705	196
706	186
707	182
708	197
709	175
710	179
711	200
712	196
713	197
714	177
715	226
716	202
717	165
718	190
719	190
720	200
721	199
722	171
723	185
724	186
725	195
726	190
727	169
728	195
729	201
730	185
731	205
732	182
733	191
734	198
735	196
736	196
737	208
738	186
739	164
740	204
741	195
742	175
743	183
744	182
745	177
746	166
747	169
748	199
749	201
750	189
751	179
752	178
753	161
754	186
755	188
756	177
757	199
758	167
759	179
760	161
761	172
762	197
763	194
764	157
765	186
766	173
767	194
768	178
769	170
770	169
771	167
772	167
773	176
774	215
775	172
776	174
777	169
778	189
779	171
780	171
781	166
782	174
783	150
784	174
785	154
786	178
787	148
788	160
789	160
790	160
791	159
792	159
793	147
794	161
795	157
796	158
797	145
798	142
799	148
800	155
801	154
802	166
803	152
804	146
805	154
806	164
807	161
808	132
809	174
810	146
811	142
812	171
813	140
814	172
815	153
816	133
817	162
818	143
819	157
820	163
821	143
822	149
823	159
824	153
825	148
826	140
827	165
828	129
829	170
830	142
831	168
832	152
833	148
834	145
835	181
836	151
837	159
838	174
839	169
840	170
841	178
842	166
843	168
844	174
845	171
846	177
847	176
848	166
849	181
850	200
851	189
852	172
853	187
854	174
855	203
856	177
857	178
858	191
859	186
860	206
861	171
862	203
863	232
864	213
865	193
866	206
867	210
868	198
869	196
870	226
871	252
872	236
873	221
874	258
875	252
876	240
877	243
878	247
879	245
880	251
881	244
882	256
883	251
884	278
885	264
886	269
887	278
888	282
889	300
890	293
891	279
892	335
893	298
894	322
895	308
896	312
897	319
898	330
899	381
900	344
901	339
902	321
903	325
904	351
905	376
906	351
907	365
908	406
909	403
910	449
911	407
912	407
913	407
914	401
915	419
916	445
917	422
918	474
919	480
920	441
921	480
922	499
923	506
924	496
925	496
926	489
927	515
928	475
929	547
930	546
931	529
932	572
933	614
934	563
935	599
936	571
937	636
938	631
939	658
940	647
941	647
942	643
943	680
944	613
945	702
946	653
947	675
948	697
949	702
950	747
951	749
952	752
953	806
954	779
955	777
956	796
957	823
958	816
959	870
960	815
961	841
962	876
963	832
964	889
965	909
966	880
967	899
968	959
969	905
970	969
971	1000
972	922
973	955
974	990
975	987
976	981
977	962
978	940
979	1005
980	969
981	953
982	1068
983	1039
984	1059
985	1043
986	1066
987	966
988	1065
989	1106
990	1050
991	1108
992	1041
993	1090
994	985
995	1021
996	1081
997	1046
998	1046
999	1038
1000	1066
1001	1053
1002	1033
1003	1105
1004	1058
1005	1004
1006	1040
1007	1020
1008	1098
1009	1036
1010	1001
1011	1039
1012	988
1013	971
1014	991
1015	1006
1016	980
1017	935
1018	965
1019	898
1020	943
1021	888
1022	936
1023	951
1024	957
1025	927
1026	904
1027	902
1028	906
1029	895
1030	825
1031	878
1032	783
1033	812
1034	815
1035	783
1036	774
1037	832
1038	805
1039	773
1040	749
1041	718
1042	719
1043	699
1044	739
1045	755
1046	666
1047	616
1048	617
1049	617
1050	647
1051	616
1052	613
1053	568
1054	586
1055	556
1056	555
1057	538
1058	531
1059	487
1060	509
1061	476
1062	495
1063	460
1064	472
1065	462
1066	457
1067	455
1068	444
1069	433
1070	398
1071	370
1072	384
1073	369
1074	376
1075	367
1076	358
1077	323
1078	337
1079	326
1080	293
1081	301
1082	287
1083	256
1084	277
1085	294
1086	232
1087	264
1088	291
1089	232
1090	222
1091	216
1092	227
1093	214
1094	230
1095	216
1096	211
1097	223
1098	196
1099	184
1100	180
1101	196
1102	169
1103	163
1104	184
1105	166
1106	165
1107	151
1108	143
1109	139
1110	135
1111	135
1112	155
1113	114
1114	122
1115	104
1116	112
1117	113
1118	124
1119	116
1120	129
1121	142
1122	87
1123	104
1124	90
1125	89
1126	93
1127	83
1128	101
1129	95
1130	84
1131	99
1132	83
1133	79
1134	104
1135	82
1136	68
1137	66
1138	69
1139	96
1140	89
1141	79
1142	65
1143	66
1144	77
1145	61
1146	48
1147	76
1148	66
1149	61
1150	73
1151	62
1152	53
1153	69
1154	65
1155	67
1156	55
1157	59
1158	61
1159	73
1160	71
1161	71
1162	57
1163	50
1164	55
1165	54
1166	53
1167	61
1168	54
1169	54
1170	56
1171	68
1172	48
1173	61
1174	61
1175	64
1176	75
1177	62
1178	76
1179	54
1180	56
1181	49
1182	56
1183	63
1184	57
1185	63
1186	61
1187	47
1188	54
1189	54
1190	39
1191	63
1192	64
1193	52
1194	58
1195	64
1196	50
1197	53
1198	45
1199	52
1200	46
1201	48
1202	56
1203	56
1204	50
1205	61
1206	52
1207	59
1208	52
1209	57
1210	52
1211	41
1212	58
1213	57
1214	58
1215	41
1216	47
1217	73
1218	43
1219	49
1220	61
1221	62
1222	51
1223	48
1224	61
1225	55
1226	55
1227	48
1228	58
1229	67
1230	60
1231	47
1232	65
1233	61
1234	52
1235	41
1236	52
1237	72
1238	59
1239	49
1240	53
1241	54
1242	54
1243	62
1244	54
1245	57
1246	53
1247	54
1248	60
1249	54
1250	59
1251	54
1252	51
1253	47
1254	68
1255	66
1256	51
1257	62
1258	67
1259	56
1260	59
1261	67
1262	53
1263	64
1264	43
1265	56
1266	41
1267	56
1268	59
1269	58
1270	63
1271	65
1272	61
1273	57
1274	51
1275	48
1276	66
1277	53
1278	60
1279	53
1280	49
1281	61
1282	69
1283	52
1284	73
1285	48
1286	56
1287	66
1288	68
1289	55
1290	55
1291	50
1292	46
1293	44
1294	67
1295	61
1296	49
1297	68
1298	48
1299	47
1300	59
1301	57
1302	62
1303	59
1304	47
1305	55
1306	61
1307	55
1308	45
1309	59
1310	67
1311	52
1312	68
1313	49
1314	69
1315	49
1316	61
1317	61
1318	58
1319	71
1320	54
1321	62
1322	53
1323	64
1324	58
1325	61
1326	54
1327	54
1328	51
1329	58
1330	68
1331	63
1332	48
1333	53
1334	54
1335	72
1336	65
1337	53
1338	60
1339	62
1340	64
1341	70
1342	47
1343	59
1344	62
1345	57
1346	48
1347	63
1348	58
1349	49
1350	74
1351	63
1352	58
1353	72
1354	49
1355	58
1356	64
1357	49
1358	59
1359	67
1360	65
1361	58
1362	67
1363	44
1364	68
1365	72
1366	52
1367	64
1368	64
1369	61
1370	70
1371	74
1372	64
1373	65
1374	49
1375	62
1376	69
1377	57
1378	58
1379	76
1380	66
1381	81
1382	62
1383	73
1384	70
1385	53
1386	54
1387	61
1388	82
1389	70
1390	83
1391	73
1392	74
1393	68
1394	68
1395	83
1396	63
1397	70
1398	78
1399	76
1400	91
1401	76
1402	67
1403	67
1404	64
1405	94
1406	69
1407	81
1408	75
1409	73
1410	67
1411	83
1412	81
1413	78
1414	99
1415	88
1416	78
1417	77
1418	75
1419	77
1420	86
1421	89
1422	76
1423	77
1424	77
1425	71
1426	90
1427	86
1428	84
1429	65
1430	96
1431	81
1432	95
1433	92
1434	86
1435	86
1436	86
1437	86
1438	94
1439	89
1440	92
1441	105
1442	94
1443	100
1444	92
1445	88
1446	83
1447	92
1448	89
1449	92
1450	97
1451	100
1452	93
1453	109
1454	92
1455	100
1456	119
1457	103
1458	83
1459	91
1460	106
1461	105
1462	124
1463	92
1464	102
1465	95
1466	97
1467	127
1468	87
1469	112
1470	116
1471	106
1472	118
1473	116
1474	87
1475	115
1476	119
1477	95
1478	101
1479	104
1480	84
1481	117
1482	119
1483	107
1484	121
1485	99
1486	103
1487	121
1488	116
1489	123
1490	115
1491	123
1492	104
1493	131
1494	110
1495	140
1496	109
1497	120
1498	96
1499	132
1500	113
1501	129
1502	117
1503	112
1504	112
1505	119
1506	114
1507	103
1508	109
1509	103
1510	121
1511	128
1512	124
1513	116
1514	113
1515	115
1516	106
1517	99
1518	107
1519	108
1520	102
1521	117
1522	125
1523	120
1524	103
1525	126
1526	116
1527	102
1528	129
1529	109
1530	87
1531	114
1532	121
1533	107
1534	118
1535	111
1536	119
1537	123
1538	121
1539	93
1540	111
1541	119
1542	130
1543	91
1544	108
1545	107
1546	106
1547	97
1548	124
1549	83
1550	76
1551	101
1552	92
1553	94
1554	100
1555	104
1556	110
1557	101
1558	85
1559	118
1560	107
1561	108
1562	107
1563	102
1564	95
1565	98
1566	113
1567	75
1568	100
1569	99
1570	85
1571	114
1572	80
1573	88
1574	92
1575	83
1576	61
1577	96
1578	112
1579	93
1580	86
1581	88
1582	88
1583	79
1584	81
1585	87
1586	104
1587	91
1588	82
1589	88
1590	73
1591	70
1592	90
1593	81
1594	63
1595	74
1596	80
1597	73
1598	66
1599	101
1600	69
1601	83
1602	86
1603	89
1604	68
1605	76
1606	71
1607	75
1608	66
1609	67
1610	68
1611	82
1612	67
1613	76
1614	71
1615	75
1616	71
1617	79
1618	68
1619	66
1620	60
1621	62
1622	58
1623	68
1624	59
1625	69
1626	54
1627	72
1628	89
1629	65
1630	61
1631	62
1632	65
1633	65
1634	57
1635	59
1636	57
1637	58
1638	56
1639	59
1640	69
1641	56
1642	52
1643	58
1644	59
1645	51
1646	55
1647	67
1648	56
1649	67
1650	56
1651	57
1652	60
1653	59
1654	51
1655	74
1656	65
1657	54
1658	58
1659	53
1660	66
1661	52
1662	41
1663	51
1664	62
1665	58
1666	57
1667	51
1668	45
1669	66
1670	66
1671	46
1672	64
1673	56
1674	66
1675	58
1676	63
1677	55
1678	67
1679	57
1680	67
1681	53
1682	49
1683	57
1684	61
1685	61
1686	48
1687	53
1688	51
1689	60
1690	60
1691	62
1692	45
1693	56
1694	65
1695	49
1696	50
1697	55
1698	51
1699	53
1700	56
1701	56
1702	67
1703	54
1704	51
1705	46
1706	43
1707	51
1708	50
1709	59
1710	38
1711	68
1712	40
1713	41
1714	41
1715	56
1716	47
1717	51
1718	54
1719	60
1720	55
1721	59
1722	62
1723	62
1724	54
1725	68
1726	69
1727	66
1728	70
1729	45
1730	59
1731	69
1732	58
1733	49
1734	40
1735	55
1736	51
1737	55
1738	45
1739	69
1740	63
1741	48
1742	66
1743	55
1744	59
1745	63
1746	48
1747	49
1748	44
1749	57
1750	54
1751	67
1752	47
1753	53
1754	49
1755	59
1756	42
1757	63
1758	68
1759	51
1760	59
1761	61
1762	65
1763	48
1764	47
1765	60
1766	66
1767	58
1768	42
1769	52
1770	60
1771	55
1772	54
1773	49
1774	43
1775	60
1776	59
1777	56
1778	53
1779	66
1780	55
1781	49
1782	58
1783	53
1784	56
1785	56
1786	48
1787	51
1788	56
1789	69
1790	59
1791	71
1792	69
1793	64
1794	61
1795	61
1796	58
1797	46
1798	63
1799	71
1800	72
1801	49
1802	60
1803	58
1804	67
1805	48
1806	77
1807	69
1808	61
1809	60
1810	73
1811	61
1812	57
1813	77
1814	59
1815	69
1816	64
1817	65
1818	69
1819	62
1820	45
1821	58
1822	64
1823	53
1824	62
1825	63
1826	64
1827	62
1828	66
1829	53
1830	60
1831	55
1832	73
1833	64
1834	61
1835	77
1836	67
1837	63
1838	54
1839	53
1840	70
1841	64
1842	60
1843	67
1844	68
1845	70
1846	77
1847	56
1848	80
1849	70
1850	67
1851	54
1852	61
1853	67
1854	52
1855	50
1856	67
1857	74
1858	69
1859	73
1860	55
1861	65
1862	73
1863	79
1864	57
1865	80
1866	68
1867	62
1868	67
1869	68
1870	71
1871	75
1872	60
1873	77
1874	68
1875	71
1876	71
1877	68
1878	66
1879	68
1880	65
1881	61
1882	62
1883	63
1884	82
1885	72
1886	72
1887	71
1888	66
1889	68
1890	67
1891	67
1892	70
1893	69
1894	95
1895	78
1896	68
1897	73
1898	61
1899	57
1900	71
1901	62
1902	86
1903	68
1904	67
1905	71
1906	80
1907	65
1908	78
1909	76
1910	64
1911	67
1912	63
1913	68
1914	64
1915	60
1916	89
1917	80
1918	82
1919	74
1920	76
1921	66
1922	86
1923	72
1924	75
1925	70
1926	86
1927	76
1928	83
1929	66
1930	82
1931	72
1932	76
1933	61
1934	61
1935	67
1936	88
1937	72
1938	80
1939	74
1940	79
1941	71
1942	81
1943	66
1944	73
1945	81
1946	65
1947	90
1948	66
1949	84
1950	76
1951	95
1952	80
1953	72
1954	72
1955	76
1956	78
1957	83
1958	84
1959	81
1960	75
1961	94
1962	104
1963	78
1964	88
1965	71
1966	73
1967	70
1968	70
1969	83
1970	73
1971	65
1972	89
1973	76
1974	81
1975	87
1976	82
1977	71
1978	86
1979	67
1980	82
1981	62
1982	80
1983	89
1984	91
1985	90
1986	70
1987	78
1988	98
1989	86
1990	74
1991	78
1992	92
1993	84
1994	81
1995	99
1996	74
1997	76
1998	82
1999	92
2000	87
2001	86
2002	83
2003	81
2004	82
2005	79
2006	81
2007	83
2008	65
2009	92
2010	98
2011	74
2012	72
2013	73
2014	76
2015	77
2016	87
2017	82
2018	99
2019	91
2020	62
2021	95
2022	92
2023	72
2024	81
2025	94
2026	74
2027	83
2028	80
2029	80
2030	89
2031	84
2032	81
2033	102
2034	101
2035	64
2036	90
2037	82
2038	85
2039	75
2040	84
2041	73
2042	112
2043	88
2044	68
2045	74
2046	83
2047	90
2048	87
2049	83
2050	77
2051	86
2052	111
2053	60
2054	83
2055	76
2056	85
2057	90
2058	72
2059	92
2060	72
2061	94
2062	95
2063	112
2064	97
2065	87
2066	93
2067	107
2068	99
2069	69
2070	99
2071	92
2072	85
2073	105
2074	97
2075	92
2076	98
2077	108
2078	92
2079	85
2080	82
2081	99
2082	67
2083	88
2084	81
2085	90
2086	82
2087	87
2088	91
2089	69
2090	78
2091	76
2092	81
2093	100
2094	94
2095	91
2096	90
2097	87
2098	73
2099	97
2100	92
2101	92
2102	91
2103	81
2104	87
2105	110
2106	78
2107	84
2108	104
2109	88
2110	82
2111	79
2112	82
2113	74
2114	84
2115	93
2116	93
2117	86
2118	95
2119	80
2120	82
2121	96
2122	83
2123	81
2124	93
2125	85
2126	112
2127	99
2128	72
2129	83
2130	85
2131	88
2132	110
2133	85
2134	93
2135	78
2136	79
2137	81
2138	77
2139	66
2140	98
2141	87
2142	81
2143	86
2144	82
2145	70
2146	83
2147	89
2148	78
2149	86
2150	70
2151	95
2152	91
2153	101
2154	81
2155	85
2156	78
2157	93
2158	93
2159	99
2160	93
2161	80
2162	78
2163	70
2164	96
2165	77
2166	84
2167	92
2168	99
2169	98
2170	72
2171	70
2172	72
2173	83
2174	82
2175	70
2176	85
2177	80
2178	94
2179	89
2180	73
2181	84
2182	76
2183	79
2184	78
2185	76
2186	83
2187	80
2188	84
2189	80
2190	81
2191	83
2192	85
2193	78
2194	75
2195	79
2196	58
2197	71
2198	72
2199	83
2200	79
2201	83
2202	86
2203	90
2204	85
2205	63
2206	72
2207	74
2208	84
2209	75
2210	77
2211	87
2212	87
2213	87
2214	68
2215	68
2216	78
2217	67
2218	64
2219	70
2220	73
2221	75
2222	69
2223	82
2224	80
2225	72
2226	71
2227	74
2228	74
2229	76
2230	64
2231	75
2232	69
2233	73
2234	63
2235	85
2236	74
2237	88
2238	83
2239	77
2240	74
2241	70
2242	81
2243	63
2244	74
2245	65
2246	66
2247	70
2248	67
2249	69
2250	69
2251	60
2252	65
2253	78
2254	70
2255	65
2256	61
2257	81
2258	72
2259	71
2260	91
2261	68
2262	70
2263	82
2264	76
2265	67
2266	68
2267	52
2268	67
2269	60
2270	65
2271	82
2272	64
2273	64
2274	73
2275	58
2276	70
2277	59
2278	72
2279	58
2280	68
2281	82
2282	65
2283	78
2284	69
2285	76
2286	70
2287	74
2288	75
2289	71
2290	83
2291	55
2292	68
2293	66
2294	63
2295	56
2296	63
2297	54
2298	64
2299	65
2300	82
2301	62
2302	66
2303	68
2304	59
2305	87
2306	53
2307	58
2308	64
2309	70
2310	63
2311	53
2312	54
2313	67
2314	66
2315	67
2316	57
2317	48
2318	55
2319	64
2320	61
2321	69
2322	54
2323	59
2324	63
2325	61
2326	75
2327	59
2328	56
2329	72
2330	58
2331	68
2332	53
2333	63
2334	59
2335	65
2336	68
2337	57
2338	64
2339	75
2340	59
2341	69
2342	57
2343	77
2344	68
2345	51
2346	55
2347	58
2348	67
2349	57
2350	65
2351	56
2352	54
2353	60
2354	64
2355	61
2356	49
2357	52
2358	59
2359	61
2360	40
2361	52
2362	66
2363	59
2364	59
2365	64
2366	61
2367	64
2368	65
2369	61
2370	72
2371	63
2372	65
2373	56
2374	60
2375	62
2376	61
2377	66
2378	55
2379	56
2380	57
2381	49
2382	58
2383	72
2384	48
2385	67
2386	51
2387	60
2388	60
2389	63
2390	49
2391	67
2392	61
2393	66
2394	44
2395	55
2396	51
2397	61
2398	47
2399	60
2400	60
2401	52
2402	53
2403	48
2404	54
2405	49
2406	65
2407	61
2408	58
2409	52
2410	50
2411	50
2412	58
2413	50
2414	64
2415	63
2416	70
2417	73
2418	69
2419	46
2420	50
2421	47
2422	58
2423	48
2424	59
2425	43
2426	62
2427	47
2428	52
2429	50
2430	49
2431	64
2432	45
2433	71
2434	48
2435	56
2436	59
2437	63
2438	60
2439	59
2440	61
2441	67
2442	56
2443	44
2444	58
2445	62
2446	57
2447	59
2448	68
2449	41
2450	58
2451	38
2452	44
2453	51
2454	64
2455	56
2456	69
2457	52
2458	55
2459	40
2460	63
2461	50
2462	42
2463	52
2464	65
2465	55
2466	65
2467	54
2468	39
2469	51
2470	67
2471	46
2472	52
2473	53
2474	65
2475	49
2476	47
2477	51
2478	56
2479	44
2480	48
2481	52
2482	52
2483	60
2484	63
2485	62
2486	43
2487	50
2488	43
2489	46
2490	44
2491	58
2492	55
2493	51
2494	47
2495	60
2496	53
2497	49
2498	52
2499	41
2500	44
2501	43
2502	45
2503	57
2504	56
2505	50
2506	35
2507	59
2508	51
2509	42
2510	58
2511	49
2512	53
2513	54
2514	49
2515	47
2516	46
2517	54
2518	60
2519	48
2520	52
2521	56
2522	52
2523	50
2524	52
2525	56
2526	49
2527	48
2528	48
2529	64
2530	46
2531	43
2532	49
2533	45
2534	54
2535	39
2536	56
2537	50
2538	54
2539	60
2540	51
2541	58
2542	49
2543	40
2544	51
2545	41
2546	51
2547	62
2548	49
2549	53
2550	50
2551	53
2552	52
2553	49
2554	52
2555	48
2556	53
2557	50
2558	57
2559	47
2560	53
2561	59
2562	46
2563	49
2564	58
2565	55
2566	56
2567	56
2568	46
2569	50
2570	55
2571	55
2572	49
2573	49
2574	61
2575	57
2576	53
2577	50
2578	54
2579	48
2580	62
2581	48
2582	50
2583	43
2584	46
2585	53
2586	44
2587	56
2588	59
2589	43
2590	42
2591	59
2592	55
2593	44
2594	47
2595	51
2596	67
2597	62
2598	44
2599	59
2600	51
2601	58
2602	48
2603	61
2604	60
2605	48
2606	47
2607	47
2608	46
2609	47
2610	46
2611	55
2612	44
2613	64
2614	50
2615	43
2616	39
2617	41
2618	61
2619	36
2620	50
2621	41
2622	50
2623	41
2624	52
2625	38
2626	44
2627	50
2628	50
2629	54
2630	53
2631	43
2632	43
2633	46
2634	53
2635	28
2636	38
2637	43
2638	37
2639	43
2640	50
2641	47
2642	45
2643	46
2644	41
2645	58
2646	38
2647	42
2648	53
2649	34
2650	42
2651	42
2652	49
2653	44
2654	41
2655	51
2656	41
2657	42
2658	50
2659	47
2660	50
2661	41
2662	61
2663	44
2664	49
2665	44
2666	50
2667	57
2668	42
2669	50
2670	33
2671	55
2672	49
2673	43
2674	54
2675	58
2676	29
2677	48
2678	55
2679	40
2680	45
2681	40
2682	43
2683	34
2684	45
2685	44
2686	48
2687	34
2688	50
2689	53
2690	39
2691	49
2692	50
2693	43
2694	45
2695	38
2696	44
2697	56
2698	28
2699	48
2700	33
2701	34
2702	54
2703	49
2704	32
2705	45
2706	36
2707	42
2708	35
2709	47
2710	31
2711	39
2712	40
2713	26
2714	44
2715	42
2716	35
2717	42
2718	32
2719	44
2720	31
2721	44
2722	38
2723	43
2724	44
2725	32
2726	37
2727	36
2728	40
2729	41
2730	44
2731	41
2732	32
2733	53
2734	30
2735	43
2736	43
2737	39
2738	34
2739	38
2740	38
2741	37
2742	54
2743	40
2744	45
2745	30
2746	44
2747	46
2748	46
2749	25
2750	39
2751	46
2752	42
2753	34
2754	53
2755	50
2756	32
2757	34
2758	35
2759	37
2760	45
2761	38
2762	47
2763	40
2764	38
2765	32
2766	46
2767	39
2768	34
2769	40
2770	40
2771	37
2772	42
2773	38
2774	37
2775	30
2776	37
2777	49
2778	42
2779	54
2780	35
2781	41
2782	37
2783	29
2784	41
2785	37
2786	28
2787	30
2788	39
2789	39
2790	35
2791	44
2792	46
2793	29
2794	36
2795	41
2796	41
2797	41
2798	40
2799	32
2800	36
2801	42
2802	37
2803	27
2804	31
2805	29
2806	39
2807	36
2808	41
2809	38
2810	37
2811	25
2812	36
2813	52
2814	34
2815	38
2816	36
2817	33
2818	37
2819	43
2820	37
2821	43
2822	37
2823	40
2824	42
2825	36
2826	32
2827	36
2828	33
2829	22
2830	42
2831	33
2832	32
2833	30
2834	47
2835	35
2836	37
2837	40
2838	43
2839	34
2840	43
2841	36
2842	30
2843	30
2844	35
2845	41
2846	32
2847	29
2848	33
2849	37
2850	37
2851	30
2852	35
2853	31
2854	31
2855	38
2856	48
2857	35
2858	24
2859	29
2860	25
2861	34
2862	40
2863	51
2864	29
2865	48
2866	35
2867	24
2868	43
2869	30
2870	25
2871	38
2872	33
2873	27
2874	40
2875	28
2876	31
2877	32
2878	30
2879	31
2880	30
2881	39
2882	26
2883	29
2884	26
2885	34
2886	32
2887	34
2888	33
2889	31
2890	30
2891	35
2892	34
2893	36
2894	35
2895	34
2896	45
2897	33
2898	40
2899	36
2900	40
2901	34
2902	32
2903	25
2904	35
2905	36
2906	45
2907	26
2908	33
2909	38
2910	23
2911	24
2912	33
2913	25
2914	28
2915	30
2916	28
2917	24
2918	31
2919	36
2920	35
2921	34
2922	31
2923	31
2924	32
2925	33
2926	25
2927	38
2928	32
2929	30
2930	46
2931	39
2932	32
2933	24
2934	36
2935	28
2936	34
2937	44
2938	29
2939	33
2940	28
2941	30
2942	28
2943	34
2944	32
2945	37
2946	31
2947	41
2948	26
2949	37
2950	27
2951	26
2952	24
2953	36
2954	37
2955	36
2956	30
2957	24
2958	38
2959	26
2960	36
2961	29
2962	39
2963	29
2964	31
2965	43
2966	32
2967	37
2968	32
2969	35
2970	34
2971	30
2972	39
2973	38
2974	26
2975	36
2976	34
2977	39
2978	35
2979	25
2980	35
2981	29
2982	43
2983	29
2984	26
2985	36
2986	30
2987	29
2988	30
2989	46
2990	36
2991	23
2992	32
2993	31
2994	27
2995	25
2996	36
2997	31
2998	34
2999	26
3000	35
3001	30
3002	35
3003	25
3004	44
3005	33
3006	27
3007	22
3008	22
3009	31
3010	39
3011	28
3012	30
3013	26
3014	43
3015	31
3016	27
3017	26
3018	36
3019	39
3020	27
3021	26
3022	35
3023	37
3024	39
3025	25
3026	33
3027	33
3028	38
3029	35
3030	27
3031	22
3032	36
3033	35
3034	21
3035	37
3036	35
3037	30
3038	31
3039	29
3040	24
3041	31
3042	29
3043	28
3044	28
3045	42
3046	28
3047	33
3048	41
3049	30
3050	30
3051	31
3052	26
3053	43
3054	27
3055	32
3056	37
3057	34
3058	28
3059	35
3060	37
3061	38
3062	26
3063	30
3064	30
3065	36
3066	38
3067	25
3068	31
3069	31
3070	28
3071	27
3072	28
3073	26
3074	34
3075	38
3076	30
3077	24
3078	25
3079	38
3080	29
3081	38
3082	27
3083	31
3084	21
3085	23
3086	30
3087	29
3088	39
3089	35
3090	32
3091	24
3092	32
3093	26
3094	27
3095	33
3096	37
3097	30
3098	23
3099	23
3100	34
3101	25
3102	35
3103	31
3104	36
3105	36
3106	28
3107	28
3108	27
3109	31
3110	39
3111	28
3112	31
3113	35
3114	25
3115	18
3116	31
3117	18
3118	32
3119	30
3120	21
3121	29
3122	28
3123	24
3124	32
3125	37
3126	24
3127	31
3128	19
3129	29
3130	23
3131	36
3132	22
3133	32
3134	19
3135	28
3136	30
3137	34
3138	31
3139	34
3140	34
3141	23
3142	24
3143	28
3144	26
3145	26
3146	29
3147	33
3148	21
3149	30
3150	36
3151	27
3152	19
3153	26
3154	29
3155	38
3156	40
3157	27
3158	30
3159	21
3160	27
3161	25
3162	31
3163	35
3164	33
3165	27
3166	21
3167	27
3168	21
3169	29
3170	24
3171	34
3172	26
3173	23
3174	31
3175	24
3176	30
3177	19
3178	35
3179	27
3180	20
3181	31
3182	25
3183	32
3184	22
3185	31
3186	21
3187	33
3188	31
3189	23
3190	26
3191	24
3192	27
3193	28
3194	23
3195	32
3196	27
3197	27
3198	25
3199	17
3200	23
3201	22
3202	38
3203	26
3204	20
3205	20
3206	29
3207	22
3208	33
3209	25
3210	29
3211	23
3212	35
3213	24
3214	27
3215	24
3216	29
3217	26
3218	22
3219	32
3220	25
3221	15
3222	22
3223	25
3224	24
3225	30
3226	27
3227	25
3228	26
3229	38
3230	19
3231	34
3232	31
3233	31
3234	16
3235	27
3236	31
3237	31
3238	26
3239	24
3240	28
3241	22
3242	34
3243	33
3244	27
3245	29
3246	29
3247	26
3248	31
3249	36
3250	26
3251	35
3252	20
3253	20
3254	28
3255	26
3256	26
3257	31
3258	27
3259	12
3260	28
3261	30
3262	31
3263	23
3264	30
3265	23
3266	19
3267	32
3268	30
3269	30
3270	21
3271	23
3272	24
3273	30
3274	14
3275	23
3276	29
3277	30
3278	24
3279	30
3280	26
3281	30
3282	29
3283	25
3284	15
3285	32
3286	27
3287	20
3288	24
3289	29
3290	26
3291	23
3292	24
3293	18
3294	31
3295	35
3296	26
3297	23
3298	24
3299	23
3300	29
3301	36
3302	27
3303	22
3304	24
3305	26
3306	23
3307	20
3308	24
3309	27
3310	25
3311	26
3312	20
3313	29
3314	30
3315	22
3316	19
3317	36
3318	21
3319	27
3320	26
3321	28
3322	26
3323	16
3324	22
3325	18
3326	28
3327	22
3328	21
3329	21
3330	28
3331	18
3332	25
3333	23
3334	19
3335	19
3336	21
3337	25
3338	20
3339	32
3340	24
3341	24
3342	22
3343	20
3344	25
3345	22
3346	26
3347	21
3348	22
3349	29
3350	29
3351	27
3352	29
3353	21
3354	23
3355	17
3356	19
3357	24
3358	23
3359	20
3360	24
3361	26
3362	20
3363	24
3364	26
3365	21
3366	29
3367	23
3368	25
3369	34
3370	23
3371	17
3372	24
3373	30
3374	27
3375	22
3376	27
3377	26
3378	17
3379	25
3380	29
3381	31
3382	24
3383	20
3384	19
3385	30
3386	25
3387	31
3388	24
3389	25
3390	21
3391	22
3392	20
3393	18
3394	21
3395	24
3396	22
3397	14
3398	26
3399	27
3400	21
3401	24
3402	23
3403	18
3404	26
3405	22
3406	23
3407	25
3408	24
3409	23
3410	21
3411	24
3412	21
3413	12
3414	25
3415	21
3416	20
3417	19
3418	26
3419	22
3420	21
3421	30
3422	24
3423	28
3424	27
3425	26
3426	26
3427	23
3428	33
3429	18
3430	20
3431	20
3432	26
3433	30
3434	19
3435	21
3436	19
3437	22
3438	31
3439	29
3440	22
3441	20
3442	18
3443	19
3444	29
3445	21
3446	23
3447	22
3448	23
3449	27
3450	27
3451	22
3452	23
3453	32
3454	22
3455	19
3456	26
3457	25
3458	19
3459	19
3460	18
3461	31
3462	20
3463	13
3464	22
3465	16
3466	24
3467	22
3468	24
3469	26
3470	32
3471	25
3472	35
3473	22
3474	21
3475	24
3476	33
3477	16
3478	35
3479	25
3480	24
3481	15
3482	24
3483	26
3484	29
3485	23
3486	23
3487	19
3488	15
3489	22
3490	25
3491	17
3492	16
3493	15
3494	30
3495	22
3496	22
3497	25
3498	29
3499	24
3500	24
3501	24
3502	19
3503	32
3504	20
3505	30
3506	25
3507	27
3508	16
3509	19
3510	29
3511	22
3512	30
3513	21
3514	32
3515	31
3516	22
3517	21
3518	16
3519	30
3520	24
3521	24
3522	24
3523	30
3524	31
3525	29
3526	28
3527	28
3528	32
3529	33
3530	20
3531	28
3532	17
3533	31
3534	28
3535	30
3536	23
3537	25
3538	14
3539	28
3540	28
3541	27
3542	30
3543	26
3544	28
3545	37
3546	34
3547	24
3548	30
3549	26
3550	30
3551	33
3552	29
3553	33
3554	33
3555	33
3556	26
3557	26
3558	18
3559	19
3560	25
3561	20
3562	26
3563	18
3564	29
3565	28
3566	32
3567	29
3568	39
3569	35
3570	22
3571	31
3572	30
3573	27
3574	26
3575	29
3576	32
3577	29
3578	23
3579	38
3580	27
3581	33
3582	35
3583	34
3584	36
3585	33
3586	24
3587	29
3588	32
3589	46
3590	28
3591	33
3592	38
3593	41
3594	27
3595	28
3596	30
3597	32
3598	28
3599	48
3600	34
3601	39
3602	31
3603	54
3604	33
3605	38
3606	33
3607	41
3608	27
3609	29
3610	37
3611	29
3612	44
3613	33
3614	33
3615	45
3616	31
3617	41
3618	34
3619	31
3620	39
3621	35
3622	31
3623	39
3624	39
3625	28
3626	51
3627	31
3628	32
3629	46
3630	28
3631	27
3632	33
3633	42
3634	34
3635	36
3636	56
3637	38
3638	50
3639	43
3640	31
3641	39
3642	39
3643	36
3644	52
3645	48
3646	41
3647	40
3648	47
3649	44
3650	38
3651	39
3652	38
3653	38
3654	33
3655	49
3656	36
3657	43
3658	43
3659	46
3660	50
3661	32
3662	37
3663	58
3664	42
3665	52
3666	41
3667	37
3668	39
3669	36
3670	43
3671	42
3672	47
3673	46
3674	46
3675	50
3676	47
3677	50
3678	41
3679	45
3680	45
3681	34
3682	60
3683	45
3684	40
3685	52
3686	45
3687	50
3688	41
3689	36
3690	47
3691	46
3692	50
3693	47
3694	39
3695	45
3696	47
3697	57
3698	48
3699	50
3700	57
3701	45
3702	65
3703	52
3704	54
3705	45
3706	41
3707	37
3708	46
3709	51
3710	47
3711	42
3712	49
3713	54
3714	62
3715	50
3716	35
3717	53
3718	55
3719	50
3720	56
3721	44
3722	53
3723	54
3724	54
3725	44
3726	53
3727	61
3728	54
3729	56
3730	57
3731	64
3732	60
3733	60
3734	41
3735	45
3736	57
3737	43
3738	56
3739	43
3740	53
3741	56
3742	50
3743	61
3744	64
3745	44
3746	58
3747	47
3748	51
3749	46
3750	59
3751	66
3752	51
3753	48
3754	55
3755	50
3756	66
3757	52
3758	53
3759	53
3760	59
3761	53
3762	57
3763	41
3764	53
3765	70
3766	66
3767	59
3768	58
3769	60
3770	65
3771	63
3772	59
3773	59
3774	59
3775	66
3776	66
3777	49
3778	56
3779	63
3780	56
3781	73
3782	55
3783	53
3784	70
3785	76
3786	61
3787	55
3788	58
3789	74
3790	73
3791	61
3792	60
3793	59
3794	64
3795	56
3796	64
3797	55
3798	71
3799	62
3800	78
3801	61
3802	59
3803	66
3804	66
3805	52
3806	70
3807	68
3808	64
3809	57
3810	79
3811	64
3812	63
3813	60
3814	61
3815	57
3816	69
3817	53
3818	60
3819	70
3820	74
3821	55
3822	61
3823	61
3824	60
3825	78
3826	59
3827	61
3828	77
3829	77
3830	79
3831	57
3832	58
3833	56
3834	61
3835	70
3836	54
3837	65
3838	58
3839	65
3840	64
3841	72
3842	78
3843	68
3844	52
3845	53
3846	73
3847	63
3848	70
3849	69
3850	72
3851	75
3852	65
3853	64
3854	60
3855	68
3856	40
3857	63
3858	67
3859	62
3860	66
3861	65
3862	53
3863	62
3864	53
3865	63
3866	55
3867	78
3868	71
3869	75
3870	61
3871	63
3872	61
3873	80
3874	71
3875	69
3876	64
3877	49
3878	68
3879	66
3880	79
3881	67
3882	67
3883	63
3884	62
3885	79
3886	58
3887	85
3888	63
3889	65
3890	55
3891	53
3892	64
3893	71
3894	74
3895	54
3896	77
3897	55
3898	78
3899	70
3900	72
3901	56
3902	66
3903	60
3904	67
3905	80
3906	52
3907	68
3908	59
3909	72
3910	59
3911	56
3912	71
3913	84
3914	80
3915	72
3916	63
3917	64
3918	74
3919	48
3920	64
3921	69
3922	72
3923	73
3924	59
3925	71
3926	71
3927	76
3928	81
3929	69
3930	70
3931	56
3932	64
3933	69
3934	61
3935	68
3936	68
3937	71
3938	77
3939	55
3940	71
3941	72
3942	76
3943	75
3944	56
3945	75
3946	67
3947	82
3948	70
3949	71
3950	72
3951	65
3952	64
3953	72
3954	75
3955	62
3956	80
3957	66
3958	71
3959	58
3960	86
3961	86
3962	87
3963	82
3964	74
3965	68
3966	86
3967	72
3968	83
3969	76
3970	77
3971	74
3972	74
3973	66
3974	72
3975	79
3976	79
3977	97
3978	79
3979	81
3980	80
3981	84
3982	77
3983	74
3984	59
3985	73
3986	73
3987	76
3988	80
3989	76
3990	80
3991	76
3992	81
3993	70
3994	85
3995	83
3996	78
3997	82
3998	75
3999	70
4000	87
4001	89
4002	91
4003	78
4004	83
4005	77
4006	96
4007	75
4008	72
4009	71
4010	83
4011	82
4012	86
4013	80
4014	82
4015	78
4016	74
4017	85
4018	77
4019	85
4020	93
4021	76
4022	78
4023	76
4024	71
4025	104
4026	91
4027	88
4028	92
4029	84
4030	70
4031	78
4032	74
4033	103
4034	84
4035	94
4036	89
4037	93
4038	91
4039	91
4040	87
4041	84
4042	72
4043	103
4044	84
4045	89
4046	80
4047	89
4048	96
4049	79
4050	72
4051	90
4052	95
4053	84
4054	102
4055	85
4056	93
4057	93
4058	100
4059	89
4060	87
4061	95
4062	89
4063	96
4064	104
4065	100
4066	97
4067	107
4068	104
4069	98
4070	116
4071	100
4072	99
4073	95
4074	94
4075	100
4076	109
4077	100
4078	103
4079	105
4080	96
4081	100
4082	95
4083	83
4084	89
4085	96
4086	96
4087	101
4088	107
4089	111
4090	90
4091	103
4092	102
4093	109
4094	104
4095	106
4096	105
4097	112
4098	117
4099	98
4100	86
4101	120
4102	121
4103	94
4104	104
4105	115
4106	100
4107	87
4108	107
4109	94
4110	102
4111	104
4112	106
4113	106
4114	105
4115	118
4116	117
4117	122
4118	106
4119	99
4120	103
4121	105
4122	108
4123	94
4124	115
4125	107
4126	109
4127	102
4128	107
4129	99
4130	126
4131	121
4132	121
4133	110
4134	110
4135	106
4136	108
4137	109
4138	98
4139	120
4140	102
4141	121
4142	116
4143	119
4144	102
4145	105
4146	115
4147	113
4148	102
4149	137
4150	96
4151	98
4152	109
4153	100
4154	131
4155	95
4156	113
4157	103
4158	112
4159	105
4160	108
4161	108
4162	100
4163	106
4164	121
4165	118
4166	94
4167	117
4168	120
4169	129
4170	97
4171	132
4172	128
4173	120
4174	118
4175	131
4176	110
4177	138
4178	124
4179	131
4180	94
4181	121
4182	123
4183	131
4184	111
4185	101
4186	116
4187	126
4188	123
4189	106
4190	114
4191	103
4192	118
4193	124
4194	112
4195	104
4196	126
4197	94
4198	95
4199	116
4200	142
4201	109
4202	124
4203	99
4204	122
4205	123
4206	132
4207	105
4208	122
4209	153
4210	111
4211	102
4212	114
4213	117
4214	106
4215	133
4216	106
4217	114
4218	109
4219	130
4220	131
4221	93
4222	106
4223	115
4224	128
4225	123
4226	120
4227	117
4228	117
4229	105
4230	139
4231	122
4232	107
4233	109
4234	118
4235	118
4236	127
4237	128
4238	110
4239	106
4240	126
4241	87
4242	96
4243	105
4244	118
4245	114
4246	92
4247	106
4248	107
4249	101
4250	125
4251	107
4252	128
4253	121
4254	114
4255	113
4256	129
4257	100
4258	104
4259	102
4260	121
4261	125
4262	108
4263	108
4264	102
4265	124
4266	98
4267	137
4268	91
4269	107
4270	108
4271	107
4272	108
4273	108
4274	106
4275	106
4276	119
4277	101
4278	108
4279	102
4280	118
4281	105
4282	110
4283	81
4284	113
4285	100
4286	115
4287	109
4288	98
4289	105
4290	111
4291	117
4292	112
4293	105
4294	91
4295	94
4296	99
4297	101
4298	101
4299	113
4300	105
4301	98
4302	111
4303	123
4304	93
4305	95
4306	102
4307	100
4308	108
4309	102
4310	121
4311	108
4312	104
4313	107
4314	107
4315	92
4316	81
4317	104
4318	99
4319	90
4320	83
4321	79
4322	82
4323	78
4324	90
4325	98
4326	83
4327	105
4328	96
4329	85
4330	105
4331	94
4332	98
4333	94
4334	83
4335	106
4336	94
4337	82
4338	95
4339	85
4340	91
4341	87
4342	87
4343	97
4344	101
4345	104
4346	87
4347	84
4348	101
4349	81
4350	88
4351	88
4352	98
4353	85
4354	90
4355	83
4356	79
4357	85
4358	73
4359	83
4360	87
4361	76
4362	75
4363	80
4364	83
4365	77
4366	88
4367	68
4368	72
4369	84
4370	77
4371	58
4372	72
4373	87
4374	71
4375	73
4376	78
4377	89
4378	69
4379	69
4380	63
4381	73
4382	63
4383	64
4384	72
4385	78
4386	68
4387	81
4388	82
4389	79
4390	58
4391	71
4392	68
4393	76
4394	55
4395	78
4396	81
4397	62
4398	78
4399	71
4400	69
4401	60
4402	71
4403	66
4404	64
4405	72
4406	64
4407	71
4408	72
4409	58
4410	60
4411	77
4412	65
4413	72
4414	71
4415	64
4416	60
4417	47
4418	65
4419	57
4420	69
4421	68
4422	61
4423	55
4424	60
4425	76
4426	71
4427	64
4428	69
4429	64
4430	65
4431	55
4432	53
4433	60
4434	64
4435	59
4436	65
4437	54
4438	62
4439	49
4440	43
4441	63
4442	57
4443	57
4444	68
4445	61
4446	55
4447	50
4448	59
4449	58
4450	36
4451	64
4452	66
4453	54
4454	49
4455	67
4456	43
4457	46
4458	50
4459	58
4460	42
4461	39
4462	38
4463	43
4464	42
4465	55
4466	51
4467	57
4468	56
4469	56
4470	44
4471	57
4472	51
4473	47
4474	30
4475	40
4476	42
4477	55
4478	50
4479	55
4480	40
4481	41
4482	36
4483	47
4484	39
4485	53
4486	47
4487	51
4488	46
4489	49
4490	48
4491	57
4492	50
4493	49
4494	56
4495	44
4496	52
4497	42
4498	41
4499	47
4500	50
4501	37
4502	54
4503	41
4504	49
4505	47
4506	44
4507	43
4508	48
4509	53
4510	34
4511	47
4512	46
4513	53
4514	57
4515	51
4516	40
4517	52
4518	42
4519	51
4520	54
4521	42
4522	38
4523	55
4524	44
4525	57
4526	43
4527	34
4528	58
4529	48
4530	38
4531	48
4532	49
4533	46
4534	47
4535	42
4536	25
4537	49
4538	52
4539	49
4540	57
4541	53
4542	48
4543	51
4544	53
4545	43
4546	47
4547	44
4548	52
4549	51
4550	38
4551	64
4552	43
4553	57
4554	55
4555	37
4556	49
4557	65
4558	44
4559	54
4560	50
4561	52
4562	42
4563	61
4564	50
4565	39
4566	44
4567	58
4568	54
4569	43
4570	47
4571	44
4572	62
4573	52
4574	44
4575	55
4576	48
4577	50
4578	56
4579	62
4580	53
4581	39
4582	44
4583	57
4584	51
4585	62
4586	61
4587	61
4588	44
4589	52
4590	50
4591	55
4592	60
4593	66
4594	52
4595	70
4596	57
4597	66
4598	51
4599	62
4600	74
4601	49
4602	47
4603	82
4604	61
4605	65
4606	63
4607	65
4608	57
4609	66
4610	59
4611	64
4612	75
4613	62
4614	61
4615	68
4616	68
4617	66
4618	71
4619	68
4620	59
4621	76
4622	75
4623	62
4624	70
4625	64
4626	75
4627	69
4628	65
4629	55
4630	58
4631	81
4632	61
4633	94
4634	71
4635	68
4636	87
4637	60
4638	67
4639	80
4640	91
4641	79
4642	84
4643	79
4644	77
4645	75
4646	73
4647	89
4648	75
4649	91
4650	86
4651	68
4652	75
4653	73
4654	65
4655	86
4656	83
4657	75
4658	80
4659	93
4660	71
4661	97
4662	106
4663	100
4664	79
4665	91
4666	81
4667	106
4668	93
4669	89
4670	103
4671	106
4672	87
4673	90
4674	78
4675	97
4676	97
4677	96
4678	96
4679	88
4680	105
4681	107
4682	87
4683	95
4684	90
4685	120
4686	113
4687	98
4688	135
4689	112
4690	115
4691	110
4692	121
4693	96
4694	114
4695	109
4696	126
4697	96
4698	115
4699	115
4700	109
4701	100
4702	124
4703	139
4704	118
4705	92
4706	122
4707	108
4708	139
4709	114
4710	134
4711	121
4712	112
4713	125
4714	121
4715	132
4716	106
4717	133
4718	127
4719	123
4720	131
4721	134
4722	123
4723	130
4724	144
4725	148
4726	120
4727	142
4728	128
4729	152
4730	131
4731	136
4732	159
4733	148
4734	150
4735	143
4736	137
4737	141
4738	133
4739	140
4740	142
4741	137
4742	149
4743	152
4744	159
4745	167
4746	162
4747	134
4748	132
4749	164
4750	169
4751	176
4752	173
4753	163
4754	158
4755	156
4756	161
4757	146
4758	165
4759	158
4760	163
4761	150
4762	180
4763	169
4764	163
4765	186
4766	184
4767	169
4768	162
4769	166
4770	173
4771	167
4772	157
4773	161
4774	187
4775	182
4776	171
4777	166
4778	164
4779	173
4780	186
4781	211
4782	189
4783	190
4784	179
4785	192
4786	178
4787	216
4788	185
4789	201
4790	207
4791	190
4792	180
4793	191
4794	189
4795	181
4796	210
4797	189
4798	194
4799	172
4800	200
4801	214
4802	191
4803	217
4804	230
4805	210
4806	181
4807	188
4808	209
4809	187
4810	207
4811	190
4812	212
4813	211
4814	219
4815	213
4816	204
4817	233
4818	212
4819	197
4820	188
4821	232
4822	196
4823	228
4824	229
4825	227
4826	222
4827	224
4828	209
4829	225
4830	225
4831	217
4832	247
4833	255
4834	224
4835	235
4836	245
4837	249
4838	206
4839	227
4840	190
4841	231
4842	220
4843	248
4844	237
4845	206
4846	259
4847	217
4848	241
4849	253
4850	258
4851	227
4852	237
4853	232
4854	222
4855	246
4856	246
4857	212
4858	279
4859	221
4860	226
4861	228
4862	241
4863	224
4864	238
4865	210
4866	230
4867	248
4868	244
4869	248
4870	243
4871	255
4872	252
4873	264
4874	258
4875	265
4876	256
4877	245
4878	236
4879	247
4880	246
4881	237
4882	232
4883	264
4884	271
4885	281
4886	263
4887	264
4888	259
4889	280
4890	255
4891	259
4892	266
4893	252
4894	244
4895	250
4896	239
4897	293
4898	254
4899	260
4900	254
4901	247
4902	270
4903	269
4904	260
4905	258
4906	259
4907	270
4908	284
4909	240
4910	277
4911	298
4912	296
4913	285
4914	283
4915	279
4916	247
4917	281
4918	244
4919	252
4920	274
4921	291
4922	260
4923	289
4924	276
4925	283
4926	256
4927	282
4928	262
4929	261
4930	269
4931	285
4932	269
4933	277
4934	271
4935	292
4936	264
4937	287
4938	293
4939	309
4940	291
4941	275
4942	286
4943	261
4944	305
4945	263
4946	281
4947	268
4948	289
4949	291
4950	276
4951	272
4952	259
4953	270
4954	278
4955	281
4956	288
4957	283
4958	254
4959	310
4960	269
4961	298
4962	296
4963	263
4964	292
4965	273
4966	264
4967	294
4968	289
4969	287
4970	260
4971	299
4972	301
4973	297
4974	252
4975	279
4976	279
4977	289
4978	259
4979	302
4980	271
4981	287
4982	292
4983	281
4984	299
4985	289
4986	274
4987	295
4988	273
4989	303
4990	296
4991	277
4992	268
4993	261
4994	289
4995	301
4996	268
4997	283
4998	281
4999	284
5000	283
5001	271
5002	296
5003	260
5004	294
5005	256
5006	298
5007	263
5008	257
5009	293
5010	275
5011	268
5012	284
5013	254
5014	281
5015	290
5016	270
5017	285
5018	288
5019	295
5020	276
5021	271
5022	274
5023	265
5024	272
5025	248
5026	277
5027	266
5028	268
5029	257
5030	253
5031	325
5032	272
5033	282
5034	269
5035	280
5036	252
5037	303
5038	299
5039	273
5040	273
5041	285
5042	270
5043	282
5044	275
5045	265
5046	238
5047	279
5048	261
5049	264
5050	285
5051	246
5052	253
5053	236
5054	287
5055	243
5056	271
5057	262
5058	250
5059	261
5060	265
5061	244
5062	248
5063	269
5064	242
5065	251
5066	260
5067	202
5068	270
5069	252
5070	243
5071	258
5072	233
5073	256
5074	265
5075	243
5076	237
5077	263
5078	242
5079	258
5080	252
5081	237
5082	250
5083	217
5084	255
5085	249
5086	262
5087	245
5088	241
5089	218
5090	269
5091	246
5092	272
5093	247
5094	217
5095	229
5096	241
5097	232
5098	206
5099	238
5100	236
5101	246
5102	219
5103	224
5104	227
5105	201
5106	244
5107	226
5108	233
5109	219
5110	226
5111	234
5112	241
5113	223
5114	218
5115	231
5116	218
5117	196
5118	223
5119	225
5120	224
5121	198
5122	207
5123	236
5124	218
5125	211
5126	239
5127	216
5128	227
5129	201
5130	195
5131	198
5132	209
5133	212
5134	206
5135	208
5136	202
5137	217
5138	213
5139	207
5140	212
5141	212
5142	209
5143	195
5144	228
5145	190
5146	218
5147	222
5148	218
5149	215
5150	203
5151	195
5152	223
5153	178
5154	198
5155	198
5156	201
5157	175
5158	175
5159	198
5160	212
5161	163
5162	188
5163	215
5164	205
5165	206
5166	178
5167	171
5168	166
5169	201
5170	182
5171	198
5172	196
5173	180
5174	162
5175	170
5176	155
5177	156
5178	162
5179	208
5180	174
5181	144
5182	190
5183	148
5184	152
5185	179
5186	183
5187	141
5188	171
5189	185
5190	160
5191	183
5192	146
5193	191
5194	176
5195	150
5196	187
5197	133
5198	158
5199	157
5200	161
5201	171
5202	136
5203	143
5204	154
5205	150
5206	120
5207	160
5208	157
5209	154
5210	155
5211	161
5212	161
5213	146
5214	148
5215	155
5216	161
5217	135
5218	141
5219	153
5220	149
5221	150
5222	158
5223	132
5224	144
5225	126
5226	141
5227	157
5228	149
5229	129
5230	146
5231	143
5232	133
5233	139
5234	140
5235	135
5236	154
5237	133
5238	128
5239	144
5240	140
5241	124
5242	152
5243	142
5244	130
5245	126
5246	132
5247	132
5248	129
5249	136
5250	139
5251	131
5252	138
5253	139
5254	123
5255	121
5256	124
5257	106
5258	143
5259	117
5260	120
5261	146
5262	122
5263	123
5264	122
5265	111
5266	122
5267	123
5268	113
5269	106
5270	124
5271	106
5272	144
5273	118
5274	143
5275	126
5276	103
5277	97
5278	124
5279	118
5280	124
5281	108
5282	131
5283	99
5284	133
5285	122
5286	114
5287	130
5288	126
5289	116
5290	105
5291	112
5292	128
5293	110
5294	124
5295	109
5296	101
5297	117
5298	93
5299	117
5300	118
5301	132
5302	109
5303	125
5304	112
5305	86
5306	107
5307	112
5308	88
5309	100
5310	108
5311	106
5312	107
5313	103
5314	91
5315	98
5316	96
5317	100
5318	105
5319	109
5320	106
5321	86
5322	104
5323	109
5324	93
5325	82
5326	113
5327	107
5328	107
5329	116
5330	109
5331	125
5332	104
5333	88
5334	96
5335	121
5336	100
5337	91
5338	97
5339	101
5340	117
5341	110
5342	97
5343	84
5344	98
5345	106
5346	92
5347	86
5348	109
5349	95
5350	91
5351	101
5352	91
5353	96
5354	115
5355	92
5356	90
5357	94
5358	86
5359	83
5360	96
5361	96
5362	101
5363	107
5364	103
5365	85
5366	107
5367	101
5368	93
5369	79
5370	88
5371	97
5372	97
5373	91
5374	98
5375	86
5376	102
5377	94
5378	89
5379	79
5380	93
5381	94
5382	97
5383	79
5384	91
5385	79
5386	102
5387	90
5388	93
5389	97
5390	103
5391	97
5392	80
5393	90
5394	103
5395	90
5396	87
5397	82
5398	87
5399	92
5400	100
5401	96
5402	89
5403	92
5404	94
5405	96
5406	106
5407	80
5408	106
5409	96
5410	89
5411	89
5412	84
5413	87
5414	78
5415	82
5416	81
5417	89
5418	82
5419	72
5420	87
5421	85
5422	82
5423	81
5424	91
5425	78
5426	90
5427	89
5428	100
5429	87
5430	92
5431	86
5432	74
5433	62
5434	81
5435	87
5436	99
5437	84
5438	81
5439	76
5440	88
5441	74
5442	100
5443	80
5444	76
5445	90
5446	94
5447	93
5448	79
5449	85
5450	81
5451	94
5452	78
5453	86
5454	72
5455	59
5456	93
5457	93
5458	80
5459	86
5460	86
5461	92
5462	70
5463	73
5464	76
5465	89
5466	95
5467	74
5468	79
5469	85
5470	89
5471	79
5472	67
5473	80
5474	74
5475	86
5476	99
5477	75
5478	75
5479	78
5480	76
5481	73
5482	96
5483	76
5484	80
5485	99
5486	90
5487	87
5488	95
5489	85
5490	64
5491	74
5492	74
5493	80
5494	78
5495	60
5496	76
5497	61
5498	69
5499	93
5500	93
5501	67
5502	73
5503	89
5504	91
5505	74
5506	79
5507	73
5508	90
5509	71
5510	77
5511	82
5512	82
5513	79
5514	86
5515	60
5516	63
5517	82
5518	71
5519	63
5520	86
5521	71
5522	62
5523	79
5524	75
5525	72
5526	71
5527	73
5528	65
5529	67
5530	60
5531	56
5532	70
5533	57
5534	82
5535	77
5536	54
5537	78
5538	62
5539	68
5540	53
5541	59
5542	62
5543	71
5544	73
5545	69
5546	74
5547	77
5548	60
5549	71
5550	59
5551	51
5552	62
5553	67
5554	58
5555	62
5556	65
5557	60
5558	61
5559	59
5560	63
5561	64
5562	66
5563	63
5564	69
5565	62
5566	62
5567	72
5568	71
5569	64
5570	68
5571	72
5572	63
5573	67
5574	76
5575	60
5576	64
5577	66
5578	61
5579	69
5580	64
5581	63
5582	55
5583	70
5584	74
5585	57
5586	59
5587	64
5588	45
5589	54
5590	70
5591	57
5592	55
5593	55
5594	65
5595	70
5596	70
5597	54
5598	56
5599	54
5600	63
5601	53
5602	44
5603	63
5604	63
5605	48
5606	49
5607	48
5608	61
5609	52
5610	63
5611	62
5612	70
5613	51
5614	57
5615	61
5616	60
5617	53
5618	47
5619	61
5620	62
5621	54
5622	48
5623	49
5624	56
5625	35
5626	58
5627	45
5628	51
5629	56
5630	62
5631	48
5632	57
5633	41
5634	54
5635	55
5636	49
5637	48
5638	53
5639	43
5640	46
5641	63
5642	43
5643	45
5644	50
5645	46
5646	46
5647	42
5648	52
5649	55
5650	57
5651	52
5652	35
5653	57
5654	49
5655	44
5656	45
5657	43
5658	48
5659	48
5660	48
5661	43
5662	50
5663	37
5664	46
5665	44
5666	40
5667	40
5668	54
5669	39
5670	44
5671	41
5672	42
5673	55
5674	51
5675	32
5676	43
5677	38
5678	43
5679	41
5680	51
5681	43
5682	35
5683	48
5684	42
5685	38
5686	42
5687	60
5688	42
5689	39
5690	39
5691	45
5692	47
5693	39
5694	37
5695	38
5696	38
5697	35
5698	38
5699	36
5700	41
5701	36
5702	37
5703	33
5704	40
5705	41
5706	29
5707	37
5708	43
5709	37
5710	35
5711	44
5712	39
5713	27
5714	32
5715	31
5716	20
5717	36
5718	26
5719	29
5720	33
5721	36
5722	35
5723	31
5724	27
5725	35
5726	32
5727	37
5728	28
5729	32
5730	41
5731	38
5732	38
5733	36
5734	34
5735	41
5736	29
5737	29
5738	37
5739	35
5740	24
5741	29
5742	30
5743	24
5744	17
5745	26
5746	32
5747	30
5748	37
5749	41
5750	35
5751	30
5752	31
5753	22
5754	19
5755	20
5756	28
5757	29
5758	21
5759	34
5760	35
5761	26
5762	26
5763	34
5764	32
5765	33
5766	28
5767	25
5768	28
5769	27
5770	37
5771	28
5772	26
5773	26
5774	23
5775	29
5776	17
5777	26
5778	21
5779	26
5780	32
5781	23
5782	19
5783	27
5784	17
5785	26
5786	26
5787	27
5788	27
5789	21
5790	28
5791	21
5792	29
5793	33
5794	29
5795	24
5796	21
5797	23
5798	16
5799	18
5800	24
5801	27
5802	34
5803	21
5804	26
5805	22
5806	24
5807	24
5808	19
5809	22
5810	26
5811	25
5812	25
5813	23
5814	20
5815	19
5816	29
5817	22
5818	29
5819	13
5820	22
5821	23
5822	14
5823	15
5824	21
5825	21
5826	21
5827	22
5828	17
5829	31
5830	36
5831	18
5832	22
5833	16
5834	16
5835	23
5836	17
5837	19
5838	17
5839	16
5840	20
5841	19
5842	19
5843	27
5844	30
5845	15
5846	15
5847	23
5848	18
5849	27
5850	28
5851	18
5852	17
5853	23
5854	20
5855	19
5856	19
5857	19
5858	14
5859	14
5860	20
5861	22
5862	24
5863	15
5864	29
5865	25
5866	16
5867	24
5868	12
5869	19
5870	20
5871	24
5872	20
5873	10
5874	17
5875	21
5876	18
5877	18
5878	18
5879	16
5880	20
5881	21
5882	22
5883	16
5884	25
5885	20
5886	15
5887	19
5888	18
5889	11
5890	23
5891	22
5892	17
5893	17
5894	17
5895	20
5896	23
5897	24
5898	15
5899	20
5900	28
5901	14
5902	24
5903	12
5904	12
5905	23
5906	14
5907	14
5908	18
5909	10
5910	16
5911	9
5912	31
5913	19
5914	14
5915	14
5916	23
5917	30
5918	17
5919	16
5920	22
5921	20
5922	15
5923	18
5924	16
5925	22
5926	12
5927	10
5928	16
5929	17
5930	13
5931	20
5932	23
5933	15
5934	17
5935	23
5936	19
5937	15
5938	17
5939	20
5940	23
5941	16
5942	23
5943	18
5944	20
5945	23
5946	15
5947	26
5948	13
5949	15
5950	16
5951	19
5952	18
5953	10
5954	15
5955	13
5956	16
5957	13
5958	13
5959	13
5960	21
5961	19
5962	21
5963	16
5964	22
5965	15
5966	13
5967	9
5968	19
5969	16
5970	26
5971	19
5972	21
5973	28
5974	17
5975	21
5976	20
5977	25
5978	16
5979	14
5980	22
5981	16
5982	17
5983	20
5984	19
5985	17
5986	16
5987	20
5988	14
5989	20
5990	21
5991	26
5992	20
5993	26
5994	21
5995	24
5996	21
5997	12
5998	21
5999	18
6000	17
6001	20
6002	21
6003	22
6004	13
6005	19
6006	16
6007	24
6008	19
6009	22
6010	18
6011	25
6012	17
6013	16
6014	22
6015	18
6016	15
6017	25
6018	17
6019	27
6020	15
6021	16
6022	16
6023	17
6024	22
6025	31
6026	17
6027	21
6028	17
6029	15
6030	15
6031	19
6032	16
6033	16
6034	15
6035	13
6036	19
6037	17
6038	22
6039	27
6040	25
6041	19
6042	21
6043	16
6044	17
6045	18
6046	17
6047	19
6048	5
6049	20
6050	12
6051	29
6052	28
6053	25
6054	19
6055	18
6056	17
6057	20
6058	24
6059	19
6060	21
6061	17
6062	27
6063	14
6064	22
6065	26
6066	19
6067	27
6068	27
6069	19
6070	21
6071	24
6072	19
6073	20
6074	13
6075	22
6076	17
6077	24
6078	27
6079	30
6080	26
6081	15
6082	21
6083	19
6084	33
6085	19
6086	17
6087	22
6088	24
6089	30
6090	24
6091	24
6092	22
6093	30
6094	19
6095	34
6096	29
6097	25
6098	30
6099	24
6100	25
6101	22
6102	24
6103	27
6104	19
6105	23
6106	30
6107	20
6108	23
6109	22
6110	14
6111	22
6112	11
6113	23
6114	26
6115	23
6116	27
6117	24
6118	23
6119	20
6120	24
6121	22
6122	21
6123	14
6124	26
6125	22
6126	22
6127	23
6128	23
6129	21
6130	17
6131	14
6132	24
6133	28
6134	28
6135	18
6136	19
6137	30
6138	26
6139	25
6140	22
6141	21
6142	18
6143	20
6144	24
6145	17
6146	12
6147	29
6148	20
6149	18
6150	23
6151	24
6152	22
6153	24
6154	30
6155	23
6156	20
6157	25
6158	22
6159	22
6160	19
6161	22
6162	20
6163	23
6164	28
6165	9
6166	28
6167	23
6168	23
6169	31
6170	23
6171	21
6172	22
6173	26
6174	23
6175	19
6176	20
6177	35
6178	11
6179	27
6180	26
6181	23
6182	22
6183	27
6184	32
6185	24
6186	40
6187	26
6188	14
6189	22
6190	28
6191	24
6192	20
6193	23
6194	28
6195	19
6196	26
6197	25
6198	31
6199	29
6200	15
6201	25
6202	25
6203	21
6204	26
6205	18
6206	22
6207	27
6208	32
6209	23
6210	18
6211	20
6212	31
6213	15
6214	23
6215	18
6216	24
6217	16
6218	20
6219	23
6220	25
6221	26
6222	31
6223	21
6224	25
6225	20
6226	25
6227	30
6228	27
6229	34
6230	26
6231	26
6232	24
6233	22
6234	34
6235	17
6236	22
6237	28
6238	25
6239	20
6240	27
6241	23
6242	26
6243	31
6244	25
6245	29
6246	32
6247	27
6248	22
6249	19
6250	28
6251	30
6252	29
6253	28
6254	32
6255	25
6256	22
6257	21
6258	19
6259	24
6260	30
6261	27
6262	21
6263	32
6264	24
6265	30
6266	22
6267	24
6268	21
6269	27
6270	23
6271	25
6272	24
6273	23
6274	13
6275	33
6276	20
6277	20
6278	30
6279	20
6280	26
6281	26
6282	30
6283	21
6284	21
6285	21
6286	29
6287	24
6288	25
6289	27
6290	30
6291	25
6292	24
6293	26
6294	23
6295	25
6296	26
6297	21
6298	22
6299	30
6300	23
6301	28
6302	24
6303	31
6304	21
6305	27
6306	32
6307	20
6308	13
6309	20
6310	21
6311	25
6312	26
6313	28
6314	26
6315	30
6316	24
6317	15
6318	29
6319	24
6320	15
6321	24
6322	22
6323	25
6324	26
6325	20
6326	28
6327	16
6328	13
6329	20
6330	22
6331	22
6332	22
6333	26
6334	18
6335	20
6336	21
6337	25
6338	20
6339	21
6340	31
6341	28
6342	19
6343	23
6344	16
6345	16
6346	19
6347	20
6348	23
6349	19
6350	25
6351	27
6352	23
6353	19
6354	20
6355	24
6356	17
6357	18
6358	23
6359	27
6360	19
6361	19
6362	23
6363	20
6364	17
6365	22
6366	28
6367	20
6368	18
6369	20
6370	19
6371	21
6372	29
6373	15
6374	17
6375	25
6376	24
6377	16
6378	18
6379	17
6380	20
6381	12
6382	22
6383	19
6384	18
6385	21
6386	23
6387	30
6388	19
6389	18
6390	18
6391	21
6392	21
6393	13
6394	22
6395	15
6396	20
6397	14
6398	15
6399	24
6400	21
6401	21
6402	23
6403	18
6404	24
6405	10
6406	22
6407	15
6408	14
6409	20
6410	17
6411	16
6412	21
6413	23
6414	20
6415	25
6416	18
6417	17
6418	14
6419	25
6420	12
6421	17
6422	21
6423	17
6424	17
6425	15
6426	17
6427	23
6428	18
6429	14
6430	24
6431	16
6432	16
6433	17
6434	16
6435	14
6436	16
6437	16
6438	12
6439	20
6440	12
6441	20
6442	19
6443	11
6444	18
6445	23
6446	16
6447	15
6448	19
6449	18
6450	12
6451	17
6452	20
6453	17
6454	14
6455	11
6456	15
6457	18
6458	12
6459	11
6460	18
6461	20
6462	11
6463	16
6464	14
6465	10
6466	18
6467	13
6468	17
6469	17
6470	13
6471	19
6472	14
6473	10
6474	12
6475	4
6476	11
6477	12
6478	10
6479	13
6480	8
6481	13
6482	12
6483	16
6484	10
6485	9
6486	13
6487	10
6488	18
6489	13
6490	7
6491	11
6492	16
6493	14
6494	13
6495	19
6496	8
6497	11
6498	11
6499	11
6500	10
6501	12
6502	10
6503	13
6504	8
6505	20
6506	9
6507	13
6508	13
6509	17
6510	19
6511	8
6512	15
6513	14
6514	17
6515	11
6516	9
6517	8
6518	12
6519	10
6520	13
6521	12
6522	16
6523	9
6524	7
6525	9
6526	11
6527	8
6528	15
6529	17
6530	13
6531	12
6532	8
6533	9
6534	5
6535	9
6536	15
6537	8
6538	11
6539	8
6540	19
6541	6
6542	19
6543	13
6544	11
6545	11
6546	8
6547	7
6548	12
6549	17
6550	12
6551	10
6552	6
6553	6
6554	10
6555	10
6556	13
6557	8
6558	7
6559	7
6560	13
6561	5
6562	9
6563	10
6564	5
6565	9
6566	8
6567	8
6568	9
6569	13
6570	4
6571	8
6572	8
6573	4
6574	12
6575	11
6576	11
6577	7
6578	6
6579	9
6580	8
6581	9
6582	7
6583	7
6584	14
6585	12
6586	6
6587	7
6588	7
6589	8
6590	8
6591	5
6592	11
6593	9
6594	9
6595	6
6596	12
6597	6
6598	13
6599	8
6600	10
6601	9
6602	8
6603	10
6604	4
6605	7
6606	5
6607	9
6608	7
6609	6
6610	7
6611	11
6612	5
6613	8
6614	3
6615	6
6616	6
6617	2
6618	7
6619	4
6620	5
6621	5
6622	3
6623	6
6624	8
6625	7
6626	7
6627	4
6628	2
6629	2
6630	10
6631	5
6632	9
6633	6
6634	6
6635	8
6636	3
6637	5
6638	7
6639	7
6640	4
6641	9
6642	6
6643	4
6644	8
6645	4
6646	8
6647	11
6648	5
6649	9
6650	7
6651	4
6652	6
6653	4
6654	8
6655	5
6656	4
6657	3
6658	6
6659	4
6660	4
6661	2
6662	6
6663	4
6664	7
6665	7
6666	6
6667	4
6668	4
6669	7
6670	7
6671	5
6672	6
6673	9
6674	4
6675	4
6676	7
6677	6
6678	4
6679	6
6680	4
6681	6
6682	6
6683	7
6684	5
6685	7
6686	3
6687	2
6688	3
6689	5
6690	3
6691	2
6692	6
6693	7
6694	7
6695	7
6696	6
6697	6
6698	8
6699	4
6700	6
6701	1
6702	8
6703	3
6704	4
6705	8
6706	3
6707	5
6708	5
6709	6
6710	1
6711	5
6712	8
6713	6
6714	3
6715	4
6716	3
6717	1
6718	7
6719	9
6720	4
6721	7
6722	7
6723	5
6724	4
6725	4
6726	5
6727	3
6728	6
6729	6
6730	6
6731	8
6732	4
6733	6
6734	2
6735	4
6736	2
6737	3
6738	6
6739	2
6740	1
6741	5
6742	4
6743	4
6744	8
6745	2
6746	9
6747	5
6748	3
6749	3
6750	2
6751	4
6752	5
6753	4
6754	1
6755	7
6756	0
6757	4
6758	4
6759	3
6760	2
6761	5
6762	1
6763	1
6764	2
6765	6
6766	3
6767	1
6768	3
6769	1
6770	5
6771	3
6772	1
6773	6
6774	0
6775	3
6776	9
6777	4
6778	7
6779	6
6780	4
6781	4
6782	3
6783	3
6784	1
6785	4
6786	1
6787	1
6788	8
6789	2
6790	3
6791	8
6792	3
6793	4
6794	4
6795	1
6796	7
6797	6
6798	1
6799	2
6800	2
6801	2
6802	4
6803	0
6804	3
6805	3
6806	4
6807	2
6808	4
6809	1
6810	3
6811	2
6812	2
6813	3
6814	1
6815	2
6816	6
6817	2
6818	6
6819	4
6820	3
6821	5
6822	1
6823	5
6824	6
6825	5
6826	1
6827	3
6828	1
6829	6
6830	2
6831	5
6832	1
6833	7
6834	2
6835	2
6836	3
6837	1
6838	5
6839	7
6840	6
6841	2
6842	0
6843	1
6844	6
6845	3
6846	3
6847	4
6848	5
6849	4
6850	2
6851	0
6852	2
6853	5
6854	0
6855	6
6856	3
6857	2
6858	3
6859	4
6860	5
6861	5
6862	2
6863	2
6864	2
6865	2
6866	3
6867	4
6868	5
6869	2
6870	2
6871	3
6872	1
6873	1
6874	4
6875	6
6876	2
6877	5
6878	3
6879	4
6880	2
6881	6
6882	3
6883	3
6884	2
6885	2
6886	3
6887	2
6888	3
6889	4
6890	3
6891	2
6892	2
6893	1
6894	3
6895	4
6896	3
6897	5
6898	3
6899	4
6900	4
6901	3
6902	3
6903	1
6904	4
6905	1
6906	0
6907	4
6908	1
6909	5
6910	4
6911	5
6912	3
6913	2
6914	2
6915	0
6916	4
6917	2
6918	1
6919	3
6920	1
6921	1
6922	1
6923	6
6924	1
6925	2
6926	0
6927	1
6928	2
6929	3
6930	3
6931	4
6932	2
6933	4
6934	4
6935	1
6936	2
6937	5
6938	4
6939	3
6940	2
6941	6
6942	1
6943	2
6944	3
6945	4
6946	2
6947	3
6948	1
6949	4
6950	5
6951	2
6952	1
6953	1
6954	3
6955	1
6956	1
6957	2
6958	4
6959	0
6960	0
6961	3
6962	1
6963	2
6964	0
6965	1
6966	1
6967	2
6968	2
6969	1
6970	2
6971	2
6972	4
6973	3
6974	3
6975	2
6976	1
6977	3
6978	5
6979	1
6980	2
6981	0
6982	3
6983	2
6984	2
6985	2
6986	5
6987	1
6988	5
6989	0
6990	3
6991	0
6992	2
6993	2
6994	1
6995	2
6996	1
6997	1
6998	2
6999	2
7000	2
7001	1
7002	2
7003	3
7004	1
7005	2
7006	1
7007	3
7008	2
7009	1
7010	4
7011	2
7012	6
7013	1
7014	1
7015	2
7016	2
7017	1
7018	1
7019	2
7020	2
7021	0
7022	2
7023	5
7024	1
7025	4
7026	1
7027	5
7028	0
7029	4
7030	3
7031	3
7032	6
7033	2
7034	0
7035	6
7036	2
7037	1
7038	2
7039	1
7040	3
7041	1
7042	2
7043	2
7044	3
7045	1
7046	4
7047	3
7048	2
7049	1
7050	1
7051	2
7052	2
7053	2
7054	1
7055	3
7056	3
7057	3
7058	4
7059	1
7060	0
7061	2
7062	2
7063	2
7064	1
7065	2
7066	1
7067	3
7068	0
7069	3
7070	1
7071	1
7072	2
7073	4
7074	4
7075	2
7076	3
7077	1
7078	3
7079	3
7080	3
7081	1
7082	2
7083	1
7084	1
7085	2
7086	2
7087	1
7088	0
7089	4
7090	2
7091	1
7092	1
7093	6
7094	1
7095	1
7096	1
7097	4
7098	2
7099	4
7100	2
7101	0
7102	3
7103	2
7104	3
7105	0
7106	0
7107	0
7108	1
7109	1
7110	0
7111	2
7112	2
7113	3
7114	2
7115	3
7116	0
7117	1
7118	1
7119	3
7120	3
7121	4
7122	4
7123	2
7124	1
7125	2
7126	2
7127	0
7128	2
7129	3
7130	2
7131	4
7132	2
7133	1
7134	0
7135	2
7136	3
7137	1
7138	3
7139	1
7140	0
7141	3
7142	0
7143	3
7144	2
7145	1
7146	2
7147	1
7148	0
7149	2
7150	2
7151	2
7152	1
7153	2
7154	4
7155	1
7156	3
7157	4
7158	1
7159	2
7160	1
7161	2
7162	0
7163	2
7164	1
7165	2
7166	1
7167	1
7168	1
7169	2
7170	2
7171	2
7172	4
7173	3
7174	2
7175	0
7176	2
7177	2
7178	2
7179	0
7180	0
7181	0
7182	1
7183	4
7184	4
7185	0
7186	1
7187	2
7188	2
7189	4
7190	1
7191	2
7192	0
7193	0
7194	1
7195	3
7196	0
7197	0
7198	0
7199	0
7200	1
7201	0
7202	3
7203	1
7204	2
7205	1
7206	2
7207	1
7208	2
7209	1
7210	1
7211	1
7212	4
7213	1
7214	2
7215	3
7216	3
7217	0
7218	0
7219	0
7220	0
7221	1
7222	0
7223	2
7224	1
7225	3
7226	2
7227	2
7228	2
7229	4
7230	0
7231	0
7232	2
7233	3
7234	1
7235	0
7236	0
7237	1
7238	4
7239	2
7240	2
7241	0
7242	2
7243	1
7244	0
7245	2
7246	4
7247	3
7248	0
7249	4
7250	1
7251	2
7252	3
7253	1
7254	3
7255	4
7256	0
7257	4
7258	2
7259	0
7260	0
7261	2
7262	6
7263	0
7264	0
7265	0
7266	2
7267	1
7268	2
7269	2
7270	0
7271	3
7272	0
7273	3
7274	0
7275	3
7276	2
7277	1
7278	1
7279	1
7280	1
7281	1
7282	1
7283	2
7284	3
7285	1
7286	0
7287	1
7288	1
7289	2
7290	0
7291	4
7292	1
7293	2
7294	1
7295	1
7296	2
7297	0
7298	3
7299	0
7300	1
7301	0
7302	3
7303	2
7304	4
7305	2
7306	0
7307	4
7308	0
7309	4
7310	0
7311	2
7312	1
7313	0
7314	0
7315	2
7316	0
7317	3
7318	2
7319	0
7320	1
7321	2
7322	3
7323	0
7324	1
7325	0
7326	1
7327	1
7328	0
7329	0
7330	2
7331	1
7332	4
7333	3
7334	2
7335	1
7336	1
7337	1
7338	1
7339	0
7340	4
7341	1
7342	0
7343	1
7344	0
7345	1
7346	1
7347	2
7348	2
7349	2
7350	0
7351	1
7352	2
7353	3
7354	0
7355	0
7356	2
7357	3
7358	0
7359	3
7360	2
7361	1
7362	2
7363	2
7364	4
7365	3
7366	4
7367	2
7368	1
7369	0
7370	1
7371	1
7372	0
7373	0
7374	2
7375	3
7376	0
7377	1
7378	1
7379	1
7380	2
7381	2
7382	0
7383	1
7384	0
7385	1
7386	4
7387	1
7388	0
7389	2
7390	0
7391	3
7392	0
7393	2
7394	0
7395	0
7396	1
7397	0
7398	4
7399	1
7400	3
7401	0
7402	1
7403	0
7404	2
7405	3
7406	1
7407	0
7408	0
7409	1
7410	1
7411	1
7412	0
7413	1
7414	0
7415	1
7416	0
7417	0
7418	2
7419	3
7420	0
7421	0
7422	2
7423	2
7424	1
7425	0
7426	0
7427	2
7428	1
7429	0
7430	1
7431	1
7432	1
7433	0
7434	1
7435	0
7436	2
7437	1
7438	2
7439	3
7440	2
7441	1
7442	1
7443	0
7444	0
7445	1
7446	0
7447	0
7448	3
7449	0
7450	2
7451	2
7452	0
7453	0
7454	2
7455	0
7456	1
7457	2
7458	0
7459	0
7460	1
7461	1
7462	2
7463	3
7464	0
7465	2
7466	0
7467	1
7468	3
7469	1
7470	2
7471	1
7472	1
7473	1
7474	0
7475	1
7476	3
7477	2
7478	0
7479	2
7480	2
7481	3
7482	1
7483	0
7484	1
7485	0
7486	1
7487	0
7488	3
7489	1
7490	1
7491	0
7492	2
7493	4
7494	3
7495	0
7496	2
7497	3
7498	2
7499	1
7500	2
7501	0
7502	1
7503	1
7504	0
7505	1
7506	0
7507	3
7508	3
7509	1
7510	0
7511	0
7512	0
7513	2
7514	3
7515	2
7516	1
7517	0
7518	2
7519	2
7520	1
7521	1
7522	0
7523	0
7524	1
7525	1
7526	3
7527	1
7528	1
7529	1
7530	2
7531	1
7532	0
7533	0
7534	0
7535	0
7536	0
7537	1
7538	0
7539	0
7540	1
7541	1
7542	2
7543	0
7544	0
7545	1
7546	2
7547	0
7548	1
7549	1
7550	0
7551	3
7552	2
7553	0
7554	1
7555	0
7556	1
7557	0
7558	0
7559	0
7560	0
7561	1
7562	2
7563	1
7564	2
7565	1
7566	0
7567	0
7568	1
7569	2
7570	5
7571	3
7572	0
7573	0
7574	0
7575	3
7576	1
7577	0
7578	0
7579	2
7580	0
7581	0
7582	2
7583	0
7584	1
7585	1
7586	0
7587	2
7588	0
7589	2
7590	1
7591	2
7592	0
7593	0
7594	1
7595	0
7596	1
7597	0
7598	2
7599	1
7600	0
7601	0
7602	1
7603	3
7604	1
7605	1
7606	1
7607	1
7608	2
7609	2
7610	1
7611	1
7612	0
7613	1
7614	1
7615	2
7616	1
7617	0
7618	0
7619	1
7620	0
7621	0
7622	1
7623	1
7624	1
7625	1
7626	1
7627	1
7628	1
7629	1
7630	1
7631	1
7632	0
7633	1
7634	0
7635	0
7636	2
7637	0
7638	0
7639	3
7640	1
7641	0
7642	2
7643	1
7644	1
7645	1
7646	2
7647	0
7648	1
7649	0
7650	1
7651	0
7652	3
7653	3
7654	0
7655	2
7656	2
7657	1
7658	1
7659	0
7660	0
7661	0
7662	2
7663	2
7664	1
7665	0
7666	2
7667	2
7668	0
7669	1
7670	3
7671	0
7672	0
7673	2
7674	0
7675	0
7676	2
7677	1
7678	1
7679	0
7680	0
7681	0
7682	0
7683	0
7684	0
7685	1
7686	0
7687	4
7688	3
7689	0
7690	2
7691	1
7692	1
7693	1
7694	0
7695	0
7696	1
7697	0
7698	0
7699	1
7700	3
7701	1
7702	2
7703	0
7704	0
7705	0
7706	4
7707	1
7708	1
7709	0
7710	1
7711	0
7712	2
7713	0
7714	1
7715	3
7716	0
7717	1
7718	1
7719	1
7720	0
7721	0
7722	1
7723	0
7724	0
7725	1
7726	2
7727	2
7728	1
7729	0
7730	0
7731	0
7732	0
7733	0
7734	0
7735	2
7736	0
7737	2
7738	0
7739	0
7740	2
7741	2
7742	1
7743	0
7744	2
7745	1
7746	1
7747	2
7748	1
7749	2
7750	0
7751	0
7752	1
7753	1
7754	0
7755	0
7756	0
7757	1
7758	1
7759	1
7760	0
7761	0
7762	1
7763	0
7764	1
7765	0
7766	1
7767	1
7768	2
7769	0
7770	3
7771	0
7772	3
7773	0
7774	2
7775	2
7776	0
7777	1
7778	0
7779	1
7780	1
7781	1
7782	0
7783	0
7784	1
7785	0
7786	0
7787	2
7788	1
7789	1
7790	2
7791	1
7792	2
7793	0
7794	0
7795	0
7796	4
7797	1
7798	1
7799	2
7800	1
7801	1
7802	0
7803	0
7804	0
7805	0
7806	0
7807	1
7808	2
7809	0
7810	4
7811	1
7812	1
7813	2
7814	0
7815	1
7816	0
7817	1
7818	2
7819	2
7820	1
7821	1
7822	0
7823	1
7824	0
7825	1
7826	0
7827	0
7828	0
7829	1
7830	2
7831	1
7832	1
7833	1
7834	0
7835	1
7836	1
7837	0
7838	1
7839	3
7840	0
7841	1
7842	2
7843	1
7844	1
7845	0
7846	0
7847	0
7848	0
7849	0
7850	3
7851	0
7852	1
7853	0
7854	1
7855	1
7856	2
7857	0
7858	1
7859	1
7860	1
7861	0
7862	0
7863	2
7864	0
7865	1
7866	0
7867	2
7868	0
7869	0
7870	1
7871	2
7872	2
7873	1
7874	0
7875	2
7876	1
7877	0
7878	1
7879	1
7880	1
7881	0
7882	2
7883	0
7884	0
7885	0
7886	0
7887	0
7888	1
7889	0
7890	1
7891	0
7892	0
7893	2
7894	1
7895	1
7896	1
7897	0
7898	1
7899	0
7900	0
7901	0
7902	0
7903	2
7904	0
7905	0
7906	1
7907	0
7908	0
7909	0
7910	2
7911	2
7912	0
7913	2
7914	1
7915	1
7916	0
7917	2
7918	0
7919	1
7920	1
7921	1
7922	0
7923	3
7924	2
7925	0
7926	1
7927	0
7928	1
7929	1
7930	2
7931	0
7932	1
7933	0
7934	0
7935	1
7936	1
7937	3
7938	0
7939	0
7940	3
7941	1
7942	0
7943	2
7944	1
7945	0
7946	0
7947	0
7948	0
7949	0
7950	1
7951	1
7952	0
7953	3
7954	0
7955	0
7956	2
7957	0
7958	0
7959	1
7960	3
7961	1
7962	1
7963	0
7964	2
7965	1
7966	0
7967	1
7968	0
7969	2
7970	1
7971	0
7972	0
7973	0
7974	2
7975	1
7976	0
7977	0
7978	0
7979	0
7980	2
7981	0
7982	1
7983	0
7984	0
7985	2
7986	0
7987	0
7988	1
7989	0
7990	1
7991	0
7992	1
7993	0
7994	2
7995	0
7996	0
7997	0
7998	0
7999	1
8000	0
8001	1
8002	0
8003	1
8004	0
8005	2
8006	1
8007	1
8008	1
8009	2
8010	1
8011	0
8012	1
8013	0
8014	3
8015	0
8016	2
8017	1
8018	0
8019	0
8020	0
8021	2
8022	0
8023	0
8024	0
8025	2
8026	0
8027	1
8028	2
8029	0
8030	0
8031	2
8032	1
8033	2
8034	1
8035	1
8036	1
8037	0
8038	1
8039	0
8040	1
8041	2
8042	0
8043	1
8044	2
8045	0
8046	1
8047	0
8048	0
8049	0
8050	2
8051	2
8052	0
8053	0
8054	0
8055	1
8056	0
8057	1
8058	1
8059	0
8060	0
8061	0
8062	0
8063	0
8064	1
8065	0
8066	1
8067	0
8068	1
8069	1
8070	0
8071	0
8072	0
8073	0
8074	0
8075	0
8076	1
8077	3
8078	0
8079	2
8080	0
8081	2
8082	0
8083	1
8084	0
8085	2
8086	1
8087	1
8088	1
8089	1
8090	0
8091	1
8092	1
8093	3
8094	1
8095	1
8096	1
8097	1
8098	0
8099	1
8100	3
8101	0
8102	0
8103	1
8104	2
8105	1
8106	1
8107	1
8108	1
8109	0
8110	1
8111	0
8112	3
8113	0
8114	0
8115	0
8116	1
8117	1
8118	0
8119	0
8120	0
8121	0
8122	0
8123	0
8124	0
8125	0
8126	0
8127	1
8128	0
8129	0
8130	1
8131	1
8132	0
8133	0
8134	0
8135	0
8136	0
8137	0
8138	0
8139	1
8140	0
8141	0
8142	0
8143	1
8144	0
8145	0
8146	0
8147	0
8148	0
8149	0
8150	0
8151	0
8152	0
8153	0
8154	0
8155	0
8156	0
8157	0
8158	0
8159	0
8160	0
8161	0
8162	0
8163	0
8164	0
8165	0
8166	0
8167	0
8168	0
8169	0
8170	0
8171	0
8172	0
8173	0
8174	0
8175	0
8176	0
8177	0
8178	0
8179	0
8180	0
8181	0
8182	0
8183	0
8184	0
8185	0
8186	0
8187	0
8188	0
8189	0
8190	0
8191	0
