0	0
1	0
2	0
3	0
4	0
5	0
6	0
7	0
8	0
9	0
10	0
11	0
12	0
13	0
14	0
15	0
16	0
17	0
18	0
19	0
20	0
21	0
22	0
23	0
24	0
25	0
26	0
27	0
28	0
29	0
30	0
31	0
32	0
33	0
34	0
35	0
36	0
37	0
38	0
39	0
40	0
41	0
42	0
43	0
44	0
45	0
46	0
47	0
48	0
49	0
50	0
51	0
52	0
53	0
54	0
55	0
56	0
57	0
58	0
59	0
60	0
61	0
62	0
63	0
64	0
65	0
66	0
67	0
68	0
69	0
70	0
71	0
72	0
73	0
74	0
75	0
76	0
77	0
78	0
79	0
80	0
81	0
82	0
83	0
84	0
85	0
86	0
87	0
88	0
89	0
90	0
91	0
92	0
93	0
94	0
95	0
96	0
97	0
98	0
99	0
100	0
101	0
102	0
103	0
104	0
105	0
106	0
107	0
108	0
109	0
110	0
111	0
112	0
113	0
114	0
115	0
116	0
117	0
118	0
119	0
120	0
121	0
122	0
123	0
124	0
125	0
126	0
127	0
128	0
129	0
130	0
131	0
132	0
133	0
134	0
135	0
136	0
137	0
138	0
139	0
140	0
141	0
142	0
143	0
144	0
145	0
146	0
147	0
148	0
149	0
150	0
151	0
152	0
153	0
154	0
155	0
156	0
157	0
158	0
159	0
160	0
161	0
162	0
163	0
164	0
165	0
166	0
167	0
168	0
169	0
170	0
171	0
172	0
173	0
174	0
175	0
176	0
177	0
178	0
179	0
180	0
181	0
182	0
183	0
184	0
185	0
186	0
187	0
188	0
189	0
190	0
191	0
192	0
193	0
194	0
195	0
196	0
197	0
198	0
199	0
200	0
201	0
202	0
203	0
204	0
205	0
206	0
207	0
208	0
209	1
210	1
211	0
212	0
213	0
214	1
215	0
216	0
217	0
218	1
219	0
220	0
221	0
222	0
223	0
224	4
225	0
226	1
227	0
228	0
229	0
230	0
231	0
232	1
233	1
234	0
235	0
236	0
237	1
238	0
239	1
240	1
241	1
242	0
243	1
244	0
245	1
246	1
247	1
248	1
249	4
250	0
251	0
252	0
253	3
254	1
255	2
256	3
257	2
258	4
259	1
260	1
261	3
262	3
263	3
264	3
265	2
266	2
267	1
268	3
269	0
270	1
271	1
272	2
273	1
274	3
275	2
276	2
277	0
278	3
279	1
280	3
281	3
282	2
283	0
284	3
285	3
286	2
287	3
288	4
289	2
290	2
291	3
292	9
293	1
294	2
295	1
296	6
297	5
298	4
299	3
300	3
301	8
302	3
303	3
304	6
305	7
306	6
307	5
308	5
309	3
310	6
311	7
312	6
313	2
314	8
315	4
316	8
317	8
318	6
319	8
320	9
321	5
322	9
323	11
324	7
325	6
326	8
327	8
328	6
329	9
330	6
331	7
332	13
333	10
334	8
335	16
336	14
337	12
338	5
339	9
340	13
341	17
342	8
343	13
344	12
345	18
346	6
347	16
348	19
349	15
350	14
351	15
352	14
353	15
354	13
355	13
356	11
357	15
358	12
359	15
360	15
361	16
362	19
363	11
364	13
365	20
366	18
367	18
368	21
369	25
370	29
371	18
372	22
373	29
374	29
375	24
376	19
377	33
378	31
379	23
380	25
381	35
382	24
383	35
384	27
385	20
386	36
387	33
388	25
389	36
390	32
391	38
392	36
393	27
394	42
395	35
396	39
397	35
398	28
399	23
400	44
401	37
402	45
403	42
404	26
405	41
406	32
407	36
408	47
409	45
410	44
411	48
412	36
413	42
414	60
415	49
416	39
417	53
418	55
419	50
420	48
421	52
422	46
423	61
424	77
425	56
426	46
427	66
428	45
429	74
430	67
431	61
432	65
433	68
434	63
435	63
436	72
437	77
438	68
439	70
440	79
441	71
442	72
443	79
444	67
445	74
446	84
447	75
448	73
449	86
450	73
451	82
452	90
453	79
454	77
455	78
456	63
457	87
458	84
459	96
460	82
461	83
462	84
463	70
464	84
465	87
466	75
467	92
468	77
469	89
470	81
471	108
472	91
473	97
474	104
475	110
476	107
477	90
478	111
479	91
480	106
481	100
482	87
483	100
484	119
485	102
486	112
487	95
488	78
489	108
490	108
491	112
492	118
493	108
494	89
495	114
496	89
497	119
498	104
499	109
500	107
501	126
502	95
503	110
504	83
505	112
506	133
507	132
508	131
509	113
510	117
511	108
512	113
513	103
514	128
515	124
516	101
517	120
518	98
519	99
520	130
521	126
522	123
523	122
524	107
525	123
526	133
527	113
528	102
529	115
530	126
531	112
532	130
533	110
534	126
535	119
536	129
537	119
538	122
539	112
540	113
541	110
542	108
543	123
544	121
545	116
546	95
547	103
548	110
549	128
550	133
551	129
552	124
553	121
554	118
555	130
556	114
557	112
558	126
559	119
560	121
561	96
562	102
563	114
564	107
565	115
566	124
567	120
568	94
569	118
570	119
571	110
572	118
573	112
574	112
575	106
576	102
577	115
578	91
579	100
580	111
581	91
582	118
583	109
584	108
585	106
586	91
587	108
588	108
589	123
590	89
591	127
592	101
593	113
594	93
595	81
596	95
597	76
598	95
599	99
600	84
601	82
602	96
603	87
604	93
605	91
606	77
607	87
608	77
609	88
610	84
611	86
612	85
613	94
614	78
615	86
616	94
617	81
618	95
619	76
620	64
621	85
622	71
623	76
624	88
625	52
626	79
627	77
628	69
629	72
630	65
631	72
632	63
633	56
634	58
635	69
636	53
637	66
638	69
639	58
640	68
641	73
642	62
643	62
644	61
645	50
646	51
647	54
648	60
649	73
650	53
651	56
652	54
653	47
654	54
655	53
656	46
657	55
658	46
659	37
660	55
661	41
662	60
663	45
664	43
665	38
666	35
667	40
668	53
669	43
670	35
671	49
672	35
673	51
674	41
675	32
676	31
677	34
678	30
679	41
680	39
681	38
682	37
683	37
684	28
685	32
686	24
687	34
688	30
689	34
690	31
691	29
692	27
693	21
694	25
695	33
696	21
697	18
698	25
699	27
700	19
701	13
702	29
703	16
704	19
705	16
706	32
707	21
708	22
709	20
710	17
711	10
712	20
713	18
714	18
715	25
716	13
717	17
718	24
719	11
720	18
721	10
722	17
723	11
724	17
725	14
726	15
727	11
728	13
729	6
730	7
731	14
732	9
733	12
734	10
735	12
736	20
737	12
738	9
739	6
740	12
741	14
742	15
743	8
744	4
745	9
746	11
747	11
748	6
749	7
750	8
751	10
752	6
753	8
754	6
755	9
756	7
757	5
758	8
759	6
760	7
761	5
762	6
763	10
764	3
765	5
766	5
767	7
768	4
769	8
770	4
771	0
772	4
773	6
774	3
775	5
776	7
777	1
778	2
779	6
780	4
781	3
782	2
783	3
784	2
785	3
786	7
787	2
788	1
789	1
790	4
791	4
792	2
793	4
794	5
795	2
796	1
797	2
798	2
799	2
800	6
801	3
802	5
803	0
804	2
805	0
806	0
807	1
808	0
809	4
810	1
811	1
812	2
813	2
814	0
815	4
816	0
817	0
818	2
819	1
820	0
821	2
822	1
823	0
824	0
825	2
826	0
827	1
828	0
829	0
830	1
831	0
832	2
833	1
834	0
835	1
836	2
837	1
838	2
839	0
840	1
841	1
842	0
843	0
844	3
845	1
846	1
847	0
848	0
849	0
850	1
851	0
852	0
853	2
854	2
855	0
856	0
857	1
858	0
859	1
860	2
861	0
862	1
863	0
864	1
865	0
866	1
867	0
868	1
869	0
870	0
871	0
872	1
873	0
874	0
875	0
876	0
877	1
878	1
879	1
880	1
881	0
882	0
883	0
884	0
885	0
886	0
887	0
888	0
889	0
890	0
891	0
892	0
893	0
894	0
895	0
896	1
897	1
898	1
899	0
900	0
901	0
902	0
903	0
904	0
905	0
906	0
907	1
908	0
909	0
910	1
911	0
912	0
913	0
914	0
915	0
916	2
917	0
918	0
919	0
920	0
921	0
922	1
923	0
924	0
925	0
926	0
927	0
928	1
929	0
930	0
931	1
932	0
933	0
934	0
935	0
936	0
937	0
938	0
939	0
940	0
941	0
942	0
943	0
944	0
945	0
946	0
947	0
948	0
949	0
950	0
951	0
952	0
953	0
954	0
955	1
956	0
957	0
958	1
959	1
960	0
961	0
962	0
963	0
964	1
965	0
966	0
967	0
968	0
969	0
970	0
971	0
972	0
973	0
974	0
975	0
976	0
977	0
978	0
979	0
980	0
981	0
982	0
983	1
984	0
985	0
986	0
987	1
988	0
989	0
990	0
991	0
992	0
993	0
994	0
995	0
996	1
997	0
998	0
999	0
1000	0
1001	0
1002	0
1003	0
1004	0
1005	0
1006	0
1007	0
1008	0
1009	0
1010	0
1011	0
1012	0
1013	0
1014	0
1015	0
1016	0
1017	0
1018	0
1019	0
1020	0
1021	0
1022	0
1023	0
1024	0
1025	0
1026	1
1027	0
1028	0
1029	0
1030	0
1031	0
1032	0
1033	0
1034	0
1035	0
1036	0
1037	0
1038	0
1039	0
1040	0
1041	0
1042	0
1043	0
1044	0
1045	1
1046	0
1047	0
1048	0
1049	0
1050	0
1051	0
1052	0
1053	0
1054	0
1055	1
1056	0
1057	0
1058	1
1059	0
1060	1
1061	0
1062	0
1063	0
1064	0
1065	1
1066	0
1067	0
1068	0
1069	0
1070	0
1071	0
1072	0
1073	0
1074	0
1075	0
1076	0
1077	0
1078	0
1079	0
1080	0
1081	0
1082	0
1083	1
1084	0
1085	0
1086	0
1087	0
1088	0
1089	0
1090	0
1091	0
1092	0
1093	0
1094	0
1095	0
1096	0
1097	0
1098	1
1099	0
1100	0
1101	0
1102	0
1103	0
1104	0
1105	0
1106	0
1107	0
1108	0
1109	0
1110	0
1111	0
1112	0
1113	2
1114	0
1115	0
1116	0
1117	0
1118	0
1119	0
1120	2
1121	1
1122	0
1123	0
1124	0
1125	1
1126	0
1127	0
1128	0
1129	0
1130	0
1131	0
1132	0
1133	0
1134	0
1135	1
1136	1
1137	1
1138	0
1139	0
1140	0
1141	0
1142	0
1143	0
1144	0
1145	0
1146	0
1147	0
1148	0
1149	0
1150	0
1151	0
1152	0
1153	0
1154	0
1155	0
1156	0
1157	0
1158	0
1159	0
1160	0
1161	0
1162	0
1163	0
1164	0
1165	0
1166	0
1167	0
1168	1
1169	0
1170	0
1171	0
1172	0
1173	0
1174	0
1175	0
1176	0
1177	0
1178	0
1179	0
1180	0
1181	0
1182	0
1183	0
1184	0
1185	0
1186	0
1187	0
1188	0
1189	0
1190	0
1191	0
1192	0
1193	0
1194	0
1195	1
1196	0
1197	0
1198	0
1199	0
1200	0
1201	0
1202	0
1203	0
1204	0
1205	0
1206	0
1207	0
1208	0
1209	0
1210	0
1211	0
1212	0
1213	0
1214	0
1215	0
1216	0
1217	0
1218	0
1219	0
1220	0
1221	0
1222	0
1223	0
1224	0
1225	0
1226	0
1227	0
1228	0
1229	0
1230	0
1231	0
1232	0
1233	1
1234	0
1235	0
1236	0
1237	0
1238	0
1239	0
1240	0
1241	0
1242	0
1243	0
1244	1
1245	0
1246	0
1247	0
1248	0
1249	0
1250	0
1251	0
1252	0
1253	0
1254	0
1255	0
1256	0
1257	0
1258	0
1259	0
1260	0
1261	0
1262	0
1263	0
1264	0
1265	0
1266	0
1267	0
1268	0
1269	0
1270	0
1271	0
1272	0
1273	0
1274	0
1275	0
1276	0
1277	0
1278	0
1279	0
1280	0
1281	0
1282	0
1283	0
1284	0
1285	0
1286	0
1287	0
1288	0
1289	0
1290	0
1291	0
1292	0
1293	0
1294	0
1295	0
1296	0
1297	0
1298	0
1299	0
1300	0
1301	0
1302	0
1303	0
1304	0
1305	0
1306	0
1307	0
1308	0
1309	0
1310	0
1311	0
1312	0
1313	0
1314	0
1315	0
1316	0
1317	0
1318	0
1319	0
1320	0
1321	1
1322	0
1323	0
1324	0
1325	0
1326	0
1327	0
1328	0
1329	0
1330	0
1331	0
1332	0
1333	0
1334	0
1335	0
1336	0
1337	0
1338	0
1339	0
1340	0
1341	0
1342	1
1343	0
1344	0
1345	1
1346	0
1347	0
1348	0
1349	0
1350	0
1351	0
1352	0
1353	1
1354	0
1355	0
1356	0
1357	0
1358	1
1359	0
1360	0
1361	0
1362	0
1363	0
1364	0
1365	0
1366	0
1367	0
1368	0
1369	0
1370	0
1371	0
1372	0
1373	0
1374	0
1375	0
1376	0
1377	0
1378	1
1379	0
1380	0
1381	0
1382	0
1383	0
1384	0
1385	0
1386	0
1387	0
1388	0
1389	0
1390	0
1391	0
1392	0
1393	0
1394	0
1395	0
1396	1
1397	0
1398	0
1399	0
1400	0
1401	0
1402	0
1403	0
1404	0
1405	0
1406	0
1407	0
1408	0
1409	0
1410	0
1411	0
1412	0
1413	1
1414	0
1415	1
1416	0
1417	0
1418	0
1419	0
1420	0
1421	0
1422	0
1423	0
1424	1
1425	0
1426	0
1427	0
1428	0
1429	0
1430	0
1431	0
1432	0
1433	0
1434	0
1435	0
1436	0
1437	1
1438	0
1439	0
1440	0
1441	0
1442	0
1443	0
1444	0
1445	0
1446	1
1447	1
1448	0
1449	0
1450	0
1451	0
1452	0
1453	0
1454	0
1455	0
1456	1
1457	0
1458	0
1459	0
1460	0
1461	1
1462	0
1463	1
1464	0
1465	0
1466	1
1467	1
1468	0
1469	0
1470	1
1471	1
1472	2
1473	1
1474	0
1475	0
1476	0
1477	0
1478	1
1479	0
1480	0
1481	0
1482	0
1483	2
1484	0
1485	2
1486	1
1487	0
1488	0
1489	1
1490	0
1491	0
1492	5
1493	1
1494	0
1495	3
1496	2
1497	4
1498	2
1499	2
1500	2
1501	1
1502	1
1503	0
1504	2
1505	0
1506	3
1507	5
1508	2
1509	1
1510	2
1511	1
1512	4
1513	3
1514	2
1515	2
1516	7
1517	5
1518	4
1519	3
1520	6
1521	1
1522	2
1523	1
1524	5
1525	2
1526	4
1527	3
1528	2
1529	4
1530	4
1531	4
1532	7
1533	2
1534	3
1535	3
1536	2
1537	3
1538	7
1539	2
1540	6
1541	7
1542	6
1543	4
1544	1
1545	9
1546	7
1547	3
1548	7
1549	4
1550	13
1551	6
1552	7
1553	2
1554	11
1555	10
1556	8
1557	7
1558	6
1559	5
1560	17
1561	12
1562	7
1563	7
1564	7
1565	5
1566	12
1567	13
1568	6
1569	10
1570	7
1571	8
1572	12
1573	10
1574	6
1575	8
1576	15
1577	10
1578	11
1579	16
1580	14
1581	10
1582	14
1583	14
1584	8
1585	14
1586	11
1587	11
1588	13
1589	13
1590	14
1591	24
1592	18
1593	23
1594	15
1595	15
1596	22
1597	23
1598	16
1599	19
1600	18
1601	20
1602	18
1603	25
1604	32
1605	20
1606	16
1607	22
1608	25
1609	19
1610	28
1611	21
1612	22
1613	23
1614	25
1615	23
1616	24
1617	32
1618	29
1619	29
1620	26
1621	28
1622	21
1623	36
1624	24
1625	36
1626	23
1627	32
1628	39
1629	43
1630	26
1631	33
1632	38
1633	39
1634	28
1635	26
1636	44
1637	36
1638	29
1639	51
1640	35
1641	41
1642	35
1643	43
1644	45
1645	44
1646	40
1647	35
1648	59
1649	36
1650	49
1651	55
1652	59
1653	46
1654	46
1655	49
1656	62
1657	52
1658	58
1659	54
1660	52
1661	52
1662	59
1663	58
1664	53
1665	66
1666	65
1667	65
1668	59
1669	63
1670	76
1671	71
1672	56
1673	56
1674	64
1675	51
1676	64
1677	78
1678	75
1679	66
1680	64
1681	83
1682	72
1683	75
1684	74
1685	79
1686	69
1687	75
1688	64
1689	79
1690	78
1691	91
1692	90
1693	92
1694	83
1695	98
1696	89
1697	76
1698	89
1699	81
1700	100
1701	94
1702	76
1703	91
1704	73
1705	96
1706	82
1707	92
1708	83
1709	85
1710	97
1711	98
1712	102
1713	92
1714	105
1715	99
1716	99
1717	83
1718	109
1719	98
1720	103
1721	98
1722	102
1723	98
1724	98
1725	95
1726	101
1727	102
1728	100
1729	90
1730	110
1731	89
1732	104
1733	108
1734	123
1735	110
1736	98
1737	104
1738	128
1739	110
1740	102
1741	104
1742	116
1743	140
1744	91
1745	113
1746	105
1747	107
1748	137
1749	102
1750	112
1751	107
1752	110
1753	107
1754	107
1755	115
1756	107
1757	112
1758	125
1759	107
1760	116
1761	120
1762	118
1763	104
1764	119
1765	111
1766	114
1767	118
1768	124
1769	104
1770	118
1771	98
1772	120
1773	91
1774	100
1775	92
1776	98
1777	107
1778	104
1779	105
1780	129
1781	110
1782	115
1783	116
1784	109
1785	115
1786	108
1787	120
1788	99
1789	104
1790	112
1791	106
1792	111
1793	126
1794	101
1795	116
1796	94
1797	109
1798	123
1799	112
1800	109
1801	120
1802	112
1803	112
1804	101
1805	102
1806	101
1807	103
1808	76
1809	100
1810	115
1811	102
1812	92
1813	124
1814	103
1815	107
1816	77
1817	109
1818	89
1819	85
1820	84
1821	103
1822	88
1823	95
1824	85
1825	100
1826	90
1827	108
1828	87
1829	77
1830	91
1831	76
1832	81
1833	97
1834	106
1835	98
1836	87
1837	93
1838	65
1839	98
1840	76
1841	85
1842	69
1843	73
1844	80
1845	75
1846	71
1847	82
1848	86
1849	71
1850	80
1851	92
1852	68
1853	81
1854	74
1855	68
1856	87
1857	84
1858	76
1859	68
1860	82
1861	69
1862	65
1863	56
1864	56
1865	73
1866	57
1867	59
1868	64
1869	70
1870	55
1871	65
1872	48
1873	47
1874	54
1875	53
1876	55
1877	63
1878	46
1879	49
1880	49
1881	47
1882	49
1883	52
1884	52
1885	59
1886	45
1887	48
1888	42
1889	50
1890	43
1891	41
1892	48
1893	40
1894	47
1895	57
1896	50
1897	44
1898	32
1899	50
1900	40
1901	29
1902	37
1903	29
1904	38
1905	41
1906	44
1907	36
1908	32
1909	32
1910	23
1911	37
1912	34
1913	31
1914	28
1915	26
1916	30
1917	30
1918	32
1919	33
1920	21
1921	33
1922	34
1923	24
1924	28
1925	33
1926	31
1927	25
1928	23
1929	29
1930	21
1931	21
1932	18
1933	22
1934	20
1935	24
1936	24
1937	16
1938	19
1939	27
1940	27
1941	17
1942	14
1943	11
1944	20
1945	19
1946	8
1947	19
1948	18
1949	10
1950	20
1951	18
1952	10
1953	18
1954	16
1955	13
1956	22
1957	14
1958	15
1959	8
1960	8
1961	13
1962	17
1963	12
1964	11
1965	8
1966	12
1967	11
1968	11
1969	12
1970	11
1971	8
1972	6
1973	8
1974	11
1975	6
1976	7
1977	4
1978	4
1979	10
1980	15
1981	4
1982	8
1983	6
1984	8
1985	2
1986	5
1987	5
1988	7
1989	5
1990	10
1991	8
1992	7
1993	4
1994	6
1995	5
1996	4
1997	5
1998	7
1999	5
2000	4
2001	10
2002	4
2003	2
2004	4
2005	6
2006	4
2007	8
2008	2
2009	4
2010	6
2011	3
2012	0
2013	5
2014	3
2015	3
2016	2
2017	2
2018	2
2019	2
2020	4
2021	5
2022	3
2023	3
2024	0
2025	2
2026	2
2027	0
2028	3
2029	0
2030	3
2031	1
2032	0
2033	0
2034	4
2035	3
2036	1
2037	4
2038	3
2039	2
2040	2
2041	1
2042	2
2043	0
2044	0
2045	1
2046	2
2047	1
2048	0
2049	0
2050	0
2051	1
2052	2
2053	1
2054	2
2055	1
2056	0
2057	0
2058	2
2059	1
2060	0
2061	2
2062	1
2063	1
2064	0
2065	1
2066	0
2067	2
2068	2
2069	1
2070	0
2071	1
2072	1
2073	1
2074	1
2075	0
2076	0
2077	0
2078	0
2079	3
2080	0
2081	0
2082	1
2083	1
2084	0
2085	0
2086	1
2087	0
2088	4
2089	0
2090	1
2091	1
2092	0
2093	1
2094	0
2095	1
2096	1
2097	1
2098	2
2099	1
2100	3
2101	1
2102	1
2103	1
2104	0
2105	1
2106	2
2107	1
2108	2
2109	1
2110	1
2111	1
2112	1
2113	0
2114	3
2115	0
2116	2
2117	2
2118	1
2119	1
2120	5
2121	1
2122	2
2123	3
2124	1
2125	3
2126	0
2127	1
2128	2
2129	4
2130	3
2131	2
2132	2
2133	1
2134	1
2135	3
2136	1
2137	2
2138	2
2139	3
2140	0
2141	4
2142	6
2143	4
2144	2
2145	3
2146	3
2147	1
2148	4
2149	4
2150	2
2151	2
2152	1
2153	4
2154	4
2155	5
2156	2
2157	4
2158	12
2159	7
2160	5
2161	6
2162	5
2163	3
2164	4
2165	4
2166	6
2167	3
2168	4
2169	12
2170	3
2171	8
2172	4
2173	3
2174	13
2175	4
2176	8
2177	7
2178	4
2179	8
2180	5
2181	12
2182	9
2183	9
2184	6
2185	9
2186	6
2187	11
2188	11
2189	9
2190	8
2191	11
2192	10
2193	12
2194	9
2195	9
2196	13
2197	15
2198	11
2199	15
2200	12
2201	14
2202	15
2203	3
2204	8
2205	14
2206	13
2207	10
2208	14
2209	18
2210	19
2211	16
2212	10
2213	18
2214	12
2215	14
2216	16
2217	15
2218	18
2219	15
2220	17
2221	29
2222	14
2223	18
2224	13
2225	9
2226	21
2227	18
2228	22
2229	26
2230	24
2231	16
2232	21
2233	21
2234	27
2235	25
2236	22
2237	26
2238	23
2239	30
2240	38
2241	33
2242	25
2243	35
2244	32
2245	32
2246	23
2247	36
2248	37
2249	38
2250	27
2251	34
2252	35
2253	38
2254	42
2255	35
2256	41
2257	24
2258	41
2259	46
2260	44
2261	43
2262	45
2263	37
2264	43
2265	48
2266	62
2267	46
2268	52
2269	34
2270	51
2271	55
2272	40
2273	48
2274	57
2275	50
2276	53
2277	43
2278	48
2279	51
2280	64
2281	48
2282	59
2283	45
2284	57
2285	68
2286	59
2287	50
2288	55
2289	70
2290	68
2291	66
2292	61
2293	73
2294	64
2295	56
2296	65
2297	62
2298	64
2299	67
2300	61
2301	80
2302	80
2303	54
2304	82
2305	93
2306	71
2307	97
2308	93
2309	75
2310	67
2311	74
2312	86
2313	82
2314	67
2315	77
2316	74
2317	77
2318	82
2319	76
2320	71
2321	83
2322	94
2323	103
2324	83
2325	114
2326	94
2327	91
2328	89
2329	100
2330	87
2331	90
2332	91
2333	114
2334	88
2335	94
2336	108
2337	97
2338	91
2339	123
2340	97
2341	85
2342	111
2343	92
2344	97
2345	107
2346	108
2347	117
2348	99
2349	106
2350	130
2351	93
2352	114
2353	112
2354	119
2355	119
2356	110
2357	97
2358	106
2359	113
2360	117
2361	119
2362	100
2363	124
2364	107
2365	95
2366	117
2367	120
2368	128
2369	109
2370	115
2371	126
2372	114
2373	125
2374	118
2375	115
2376	123
2377	109
2378	115
2379	121
2380	132
2381	126
2382	113
2383	128
2384	105
2385	130
2386	114
2387	119
2388	106
2389	135
2390	125
2391	114
2392	117
2393	119
2394	123
2395	123
2396	112
2397	125
2398	128
2399	125
2400	129
2401	110
2402	108
2403	118
2404	115
2405	119
2406	124
2407	115
2408	117
2409	120
2410	111
2411	122
2412	118
2413	117
2414	113
2415	125
2416	116
2417	104
2418	113
2419	131
2420	112
2421	118
2422	108
2423	108
2424	118
2425	119
2426	121
2427	106
2428	108
2429	132
2430	109
2431	113
2432	110
2433	108
2434	108
2435	113
2436	99
2437	83
2438	107
2439	119
2440	109
2441	107
2442	100
2443	101
2444	116
2445	118
2446	96
2447	91
2448	93
2449	94
2450	98
2451	81
2452	108
2453	102
2454	93
2455	103
2456	96
2457	103
2458	104
2459	103
2460	80
2461	94
2462	77
2463	85
2464	78
2465	74
2466	64
2467	79
2468	78
2469	83
2470	87
2471	71
2472	79
2473	87
2474	90
2475	78
2476	86
2477	92
2478	75
2479	79
2480	66
2481	80
2482	69
2483	81
2484	68
2485	76
2486	63
2487	73
2488	65
2489	75
2490	58
2491	77
2492	63
2493	65
2494	62
2495	66
2496	69
2497	62
2498	55
2499	57
2500	66
2501	60
2502	58
2503	66
2504	73
2505	68
2506	55
2507	50
2508	52
2509	67
2510	44
2511	42
2512	65
2513	48
2514	46
2515	49
2516	52
2517	56
2518	49
2519	50
2520	37
2521	42
2522	47
2523	42
2524	38
2525	46
2526	44
2527	44
2528	32
2529	40
2530	27
2531	25
2532	29
2533	31
2534	36
2535	45
2536	37
2537	31
2538	32
2539	27
2540	33
2541	28
2542	36
2543	31
2544	31
2545	29
2546	20
2547	30
2548	23
2549	15
2550	21
2551	32
2552	26
2553	23
2554	31
2555	22
2556	26
2557	25
2558	17
2559	20
2560	16
2561	22
2562	16
2563	28
2564	26
2565	23
2566	19
2567	21
2568	21
2569	14
2570	19
2571	14
2572	18
2573	13
2574	5
2575	18
2576	15
2577	21
2578	17
2579	12
2580	16
2581	12
2582	10
2583	11
2584	10
2585	14
2586	11
2587	12
2588	9
2589	11
2590	18
2591	10
2592	9
2593	8
2594	8
2595	13
2596	8
2597	2
2598	14
2599	6
2600	11
2601	11
2602	7
2603	11
2604	9
2605	9
2606	7
2607	9
2608	7
2609	9
2610	6
2611	7
2612	7
2613	4
2614	3
2615	3
2616	6
2617	7
2618	8
2619	10
2620	1
2621	4
2622	4
2623	7
2624	1
2625	2
2626	2
2627	3
2628	1
2629	5
2630	7
2631	2
2632	3
2633	6
2634	3
2635	4
2636	4
2637	4
2638	2
2639	3
2640	2
2641	4
2642	2
2643	4
2644	1
2645	5
2646	2
2647	3
2648	2
2649	2
2650	4
2651	2
2652	4
2653	1
2654	3
2655	1
2656	1
2657	3
2658	1
2659	3
2660	1
2661	2
2662	1
2663	1
2664	0
2665	1
2666	2
2667	3
2668	4
2669	2
2670	1
2671	6
2672	1
2673	1
2674	0
2675	0
2676	0
2677	3
2678	2
2679	1
2680	0
2681	2
2682	0
2683	0
2684	2
2685	0
2686	1
2687	0
2688	0
2689	1
2690	1
2691	1
2692	0
2693	2
2694	1
2695	0
2696	2
2697	0
2698	0
2699	0
2700	0
2701	1
2702	0
2703	0
2704	0
2705	2
2706	1
2707	0
2708	0
2709	0
2710	1
2711	0
2712	1
2713	0
2714	1
2715	4
2716	0
2717	2
2718	0
2719	0
2720	0
2721	0
2722	0
2723	1
2724	1
2725	0
2726	2
2727	1
2728	1
2729	2
2730	2
2731	3
2732	0
2733	0
2734	2
2735	0
2736	1
2737	2
2738	2
2739	3
2740	0
2741	2
2742	1
2743	1
2744	2
2745	1
2746	0
2747	3
2748	1
2749	3
2750	1
2751	0
2752	2
2753	3
2754	4
2755	2
2756	3
2757	3
2758	4
2759	1
2760	1
2761	2
2762	1
2763	3
2764	2
2765	2
2766	3
2767	3
2768	3
2769	2
2770	1
2771	1
2772	4
2773	3
2774	2
2775	3
2776	2
2777	3
2778	1
2779	2
2780	1
2781	6
2782	2
2783	2
2784	6
2785	3
2786	4
2787	2
2788	3
2789	7
2790	2
2791	2
2792	1
2793	5
2794	4
2795	5
2796	2
2797	5
2798	5
2799	8
2800	7
2801	7
2802	7
2803	3
2804	5
2805	4
2806	4
2807	5
2808	7
2809	7
2810	12
2811	5
2812	5
2813	6
2814	6
2815	7
2816	6
2817	8
2818	12
2819	9
2820	6
2821	7
2822	7
2823	12
2824	8
2825	15
2826	15
2827	5
2828	14
2829	10
2830	11
2831	8
2832	8
2833	21
2834	9
2835	9
2836	12
2837	16
2838	13
2839	11
2840	11
2841	16
2842	20
2843	13
2844	17
2845	15
2846	17
2847	17
2848	9
2849	19
2850	16
2851	20
2852	19
2853	26
2854	23
2855	25
2856	21
2857	15
2858	25
2859	20
2860	23
2861	22
2862	26
2863	19
2864	24
2865	18
2866	29
2867	25
2868	25
2869	27
2870	36
2871	26
2872	21
2873	36
2874	27
2875	28
2876	35
2877	25
2878	36
2879	34
2880	23
2881	29
2882	28
2883	43
2884	41
2885	31
2886	36
2887	32
2888	47
2889	42
2890	30
2891	35
2892	36
2893	39
2894	51
2895	34
2896	40
2897	28
2898	36
2899	48
2900	54
2901	42
2902	44
2903	39
2904	48
2905	39
2906	51
2907	52
2908	59
2909	54
2910	66
2911	49
2912	47
2913	48
2914	59
2915	57
2916	71
2917	51
2918	56
2919	56
2920	62
2921	53
2922	47
2923	59
2924	52
2925	61
2926	53
2927	67
2928	72
2929	58
2930	57
2931	77
2932	59
2933	65
2934	63
2935	57
2936	85
2937	65
2938	60
2939	79
2940	71
2941	84
2942	76
2943	80
2944	92
2945	66
2946	85
2947	89
2948	55
2949	81
2950	101
2951	74
2952	93
2953	81
2954	81
2955	87
2956	86
2957	88
2958	83
2959	86
2960	76
2961	97
2962	101
2963	92
2964	97
2965	81
2966	100
2967	75
2968	95
2969	102
2970	96
2971	99
2972	107
2973	95
2974	92
2975	99
2976	108
2977	111
2978	102
2979	109
2980	102
2981	116
2982	106
2983	101
2984	101
2985	122
2986	116
2987	87
2988	106
2989	100
2990	117
2991	97
2992	103
2993	98
2994	125
2995	96
2996	121
2997	109
2998	120
2999	107
3000	125
3001	115
3002	124
3003	106
3004	112
3005	123
3006	104
3007	122
3008	110
3009	102
3010	106
3011	134
3012	110
3013	108
3014	120
3015	119
3016	97
3017	119
3018	112
3019	93
3020	119
3021	101
3022	105
3023	111
3024	132
3025	120
3026	115
3027	133
3028	84
3029	98
3030	108
3031	112
3032	116
3033	97
3034	101
3035	114
3036	124
3037	98
3038	99
3039	121
3040	111
3041	133
3042	106
3043	96
3044	107
3045	105
3046	86
3047	108
3048	103
3049	111
3050	101
3051	102
3052	103
3053	123
3054	101
3055	114
3056	111
3057	115
3058	104
3059	122
3060	110
3061	115
3062	96
3063	98
3064	96
3065	91
3066	93
3067	110
3068	101
3069	105
3070	99
3071	94
3072	102
3073	92
3074	92
3075	101
3076	85
3077	89
3078	98
3079	96
3080	81
3081	82
3082	79
3083	90
3084	79
3085	83
3086	97
3087	92
3088	67
3089	98
3090	81
3091	62
3092	93
3093	69
3094	73
3095	88
3096	96
3097	69
3098	77
3099	66
3100	68
3101	83
3102	68
3103	69
3104	100
3105	73
3106	67
3107	58
3108	78
3109	71
3110	79
3111	71
3112	63
3113	67
3114	71
3115	73
3116	63
3117	59
3118	79
3119	72
3120	64
3121	52
3122	47
3123	46
3124	60
3125	69
3126	64
3127	56
3128	58
3129	56
3130	48
3131	46
3132	44
3133	53
3134	59
3135	48
3136	51
3137	54
3138	48
3139	45
3140	46
3141	56
3142	45
3143	37
3144	40
3145	35
3146	38
3147	36
3148	51
3149	38
3150	47
3151	38
3152	35
3153	38
3154	39
3155	45
3156	48
3157	34
3158	35
3159	28
3160	32
3161	38
3162	38
3163	35
3164	31
3165	30
3166	41
3167	35
3168	34
3169	39
3170	30
3171	29
3172	28
3173	31
3174	29
3175	30
3176	28
3177	30
3178	25
3179	31
3180	29
3181	29
3182	19
3183	26
3184	18
3185	23
3186	28
3187	11
3188	28
3189	11
3190	24
3191	18
3192	18
3193	14
3194	19
3195	18
3196	21
3197	20
3198	14
3199	15
3200	17
3201	11
3202	12
3203	14
3204	11
3205	16
3206	17
3207	14
3208	12
3209	18
3210	14
3211	10
3212	13
3213	8
3214	13
3215	11
3216	12
3217	12
3218	10
3219	14
3220	5
3221	6
3222	7
3223	10
3224	7
3225	13
3226	12
3227	5
3228	12
3229	6
3230	8
3231	12
3232	9
3233	7
3234	3
3235	9
3236	5
3237	14
3238	10
3239	5
3240	4
3241	10
3242	1
3243	3
3244	2
3245	5
3246	5
3247	8
3248	7
3249	9
3250	4
3251	4
3252	1
3253	7
3254	4
3255	4
3256	4
3257	6
3258	2
3259	7
3260	4
3261	8
3262	4
3263	1
3264	4
3265	3
3266	5
3267	6
3268	4
3269	3
3270	2
3271	6
3272	2
3273	5
3274	2
3275	3
3276	2
3277	4
3278	2
3279	3
3280	2
3281	4
3282	3
3283	3
3284	1
3285	1
3286	1
3287	1
3288	1
3289	2
3290	1
3291	4
3292	3
3293	1
3294	2
3295	1
3296	3
3297	1
3298	0
3299	2
3300	5
3301	0
3302	0
3303	2
3304	2
3305	2
3306	1
3307	2
3308	1
3309	0
3310	0
3311	1
3312	2
3313	2
3314	2
3315	1
3316	0
3317	1
3318	0
3319	0
3320	1
3321	0
3322	0
3323	1
3324	0
3325	2
3326	2
3327	0
3328	0
3329	0
3330	0
3331	1
3332	0
3333	0
3334	0
3335	0
3336	0
3337	0
3338	0
3339	1
3340	0
3341	1
3342	1
3343	0
3344	0
3345	1
3346	0
3347	0
3348	0
3349	0
3350	0
3351	0
3352	0
3353	0
3354	0
3355	1
3356	0
3357	0
3358	0
3359	1
3360	0
3361	0
3362	0
3363	0
3364	0
3365	2
3366	0
3367	0
3368	1
3369	1
3370	0
3371	0
3372	1
3373	0
3374	0
3375	0
3376	1
3377	0
3378	0
3379	0
3380	0
3381	0
3382	0
3383	0
3384	0
3385	1
3386	0
3387	0
3388	0
3389	0
3390	0
3391	0
3392	0
3393	0
3394	0
3395	0
3396	0
3397	0
3398	0
3399	0
3400	0
3401	0
3402	0
3403	0
3404	1
3405	0
3406	0
3407	0
3408	0
3409	0
3410	0
3411	1
3412	0
3413	0
3414	0
3415	1
3416	1
3417	0
3418	0
3419	0
3420	1
3421	0
3422	0
3423	0
3424	0
3425	0
3426	0
3427	1
3428	0
3429	0
3430	0
3431	0
3432	0
3433	0
3434	0
3435	0
3436	0
3437	0
3438	0
3439	0
3440	0
3441	1
3442	0
3443	0
3444	0
3445	0
3446	0
3447	1
3448	0
3449	0
3450	0
3451	0
3452	0
3453	0
3454	1
3455	0
3456	0
3457	0
3458	0
3459	0
3460	0
3461	0
3462	0
3463	0
3464	0
3465	1
3466	0
3467	0
3468	0
3469	0
3470	0
3471	0
3472	0
3473	0
3474	0
3475	0
3476	0
3477	0
3478	0
3479	0
3480	0
3481	0
3482	0
3483	0
3484	0
3485	0
3486	0
3487	0
3488	0
3489	0
3490	0
3491	0
3492	0
3493	0
3494	0
3495	0
3496	0
3497	0
3498	0
3499	0
3500	0
3501	0
3502	0
3503	0
3504	0
3505	0
3506	0
3507	0
3508	0
3509	0
3510	0
3511	0
3512	0
3513	0
3514	0
3515	0
3516	0
3517	0
3518	0
3519	0
3520	0
3521	0
3522	0
3523	0
3524	0
3525	0
3526	0
3527	0
3528	0
3529	0
3530	0
3531	0
3532	0
3533	0
3534	0
3535	0
3536	0
3537	0
3538	0
3539	0
3540	0
3541	0
3542	0
3543	0
3544	0
3545	1
3546	0
3547	0
3548	0
3549	1
3550	0
3551	0
3552	0
3553	0
3554	0
3555	0
3556	0
3557	0
3558	0
3559	0
3560	0
3561	0
3562	0
3563	0
3564	0
3565	0
3566	0
3567	1
3568	0
3569	0
3570	0
3571	0
3572	0
3573	0
3574	0
3575	0
3576	0
3577	0
3578	0
3579	0
3580	0
3581	0
3582	0
3583	0
3584	0
3585	0
3586	0
3587	0
3588	0
3589	0
3590	0
3591	1
3592	0
3593	0
3594	0
3595	0
3596	0
3597	0
3598	0
3599	0
3600	0
3601	0
3602	0
3603	0
3604	0
3605	0
3606	0
3607	0
3608	0
3609	0
3610	0
3611	0
3612	0
3613	0
3614	0
3615	0
3616	0
3617	0
3618	0
3619	0
3620	0
3621	0
3622	0
3623	0
3624	0
3625	0
3626	0
3627	0
3628	0
3629	0
3630	0
3631	0
3632	0
3633	0
3634	0
3635	0
3636	0
3637	0
3638	0
3639	0
3640	0
3641	0
3642	0
3643	0
3644	0
3645	0
3646	0
3647	0
3648	0
3649	0
3650	0
3651	0
3652	0
3653	0
3654	0
3655	0
3656	0
3657	0
3658	0
3659	0
3660	0
3661	0
3662	0
3663	0
3664	0
3665	0
3666	0
3667	0
3668	0
3669	0
3670	0
3671	0
3672	0
3673	0
3674	0
3675	0
3676	0
3677	0
3678	0
3679	0
3680	0
3681	0
3682	0
3683	0
3684	0
3685	0
3686	0
3687	0
3688	0
3689	0
3690	0
3691	0
3692	0
3693	0
3694	0
3695	0
3696	0
3697	0
3698	0
3699	0
3700	0
3701	0
3702	0
3703	0
3704	1
3705	0
3706	0
3707	0
3708	0
3709	0
3710	0
3711	1
3712	0
3713	0
3714	0
3715	0
3716	0
3717	0
3718	0
3719	0
3720	1
3721	0
3722	0
3723	0
3724	0
3725	0
3726	0
3727	0
3728	0
3729	0
3730	0
3731	0
3732	0
3733	0
3734	0
3735	0
3736	0
3737	0
3738	0
3739	0
3740	0
3741	0
3742	0
3743	0
3744	0
3745	0
3746	0
3747	0
3748	0
3749	0
3750	0
3751	0
3752	0
3753	0
3754	0
3755	0
3756	0
3757	0
3758	0
3759	0
3760	0
3761	0
3762	0
3763	0
3764	0
3765	0
3766	0
3767	1
3768	0
3769	0
3770	0
3771	0
3772	0
3773	0
3774	0
3775	0
3776	0
3777	0
3778	0
3779	0
3780	0
3781	0
3782	0
3783	0
3784	0
3785	0
3786	0
3787	0
3788	1
3789	0
3790	0
3791	0
3792	0
3793	0
3794	0
3795	0
3796	0
3797	0
3798	0
3799	0
3800	0
3801	0
3802	0
3803	0
3804	0
3805	0
3806	0
3807	0
3808	0
3809	0
3810	0
3811	0
3812	0
3813	0
3814	0
3815	0
3816	0
3817	0
3818	0
3819	0
3820	2
3821	0
3822	0
3823	0
3824	0
3825	0
3826	0
3827	0
3828	0
3829	0
3830	0
3831	1
3832	0
3833	0
3834	0
3835	0
3836	0
3837	0
3838	0
3839	0
3840	0
3841	0
3842	0
3843	0
3844	0
3845	0
3846	0
3847	0
3848	0
3849	0
3850	0
3851	0
3852	1
3853	0
3854	0
3855	0
3856	0
3857	0
3858	0
3859	0
3860	0
3861	0
3862	0
3863	0
3864	0
3865	0
3866	0
3867	0
3868	0
3869	0
3870	0
3871	1
3872	0
3873	0
3874	0
3875	0
3876	0
3877	0
3878	0
3879	1
3880	0
3881	0
3882	0
3883	0
3884	1
3885	0
3886	0
3887	0
3888	0
3889	0
3890	0
3891	0
3892	0
3893	0
3894	0
3895	0
3896	0
3897	0
3898	0
3899	0
3900	0
3901	0
3902	0
3903	0
3904	0
3905	0
3906	0
3907	1
3908	0
3909	0
3910	0
3911	0
3912	0
3913	0
3914	0
3915	0
3916	1
3917	0
3918	1
3919	0
3920	0
3921	0
3922	0
3923	0
3924	0
3925	0
3926	0
3927	0
3928	0
3929	0
3930	1
3931	0
3932	0
3933	0
3934	0
3935	0
3936	0
3937	0
3938	0
3939	0
3940	0
3941	0
3942	0
3943	0
3944	1
3945	0
3946	0
3947	0
3948	1
3949	0
3950	0
3951	0
3952	0
3953	0
3954	0
3955	1
3956	2
3957	0
3958	0
3959	1
3960	0
3961	0
3962	0
3963	1
3964	1
3965	0
3966	0
3967	0
3968	1
3969	0
3970	2
3971	0
3972	0
3973	0
3974	0
3975	0
3976	0
3977	0
3978	2
3979	0
3980	2
3981	0
3982	1
3983	0
3984	0
3985	0
3986	1
3987	0
3988	0
3989	2
3990	1
3991	2
3992	0
3993	2
3994	2
3995	1
3996	1
3997	0
3998	3
3999	0
4000	1
4001	2
4002	0
4003	2
4004	0
4005	1
4006	0
4007	0
4008	2
4009	2
4010	4
4011	2
4012	2
4013	3
4014	2
4015	3
4016	1
4017	1
4018	2
4019	3
4020	1
4021	1
4022	1
4023	2
4024	2
4025	2
4026	1
4027	3
4028	3
4029	2
4030	0
4031	5
4032	1
4033	2
4034	4
4035	4
4036	4
4037	3
4038	3
4039	7
4040	3
4041	8
4042	2
4043	7
4044	5
4045	6
4046	4
4047	7
4048	8
4049	3
4050	2
4051	9
4052	11
4053	7
4054	9
4055	7
4056	6
4057	3
4058	5
4059	13
4060	12
4061	11
4062	5
4063	7
4064	7
4065	4
4066	11
4067	6
4068	5
4069	10
4070	13
4071	8
4072	10
4073	4
4074	17
4075	8
4076	9
4077	17
4078	6
4079	12
4080	12
4081	15
4082	15
4083	9
4084	15
4085	12
4086	9
4087	13
4088	12
4089	15
4090	18
4091	12
4092	9
4093	20
4094	20
4095	15
4096	19
4097	22
4098	25
4099	20
4100	24
4101	16
4102	17
4103	23
4104	24
4105	18
4106	19
4107	21
4108	15
4109	20
4110	21
4111	25
4112	19
4113	18
4114	24
4115	29
4116	28
4117	27
4118	29
4119	22
4120	25
4121	18
4122	30
4123	29
4124	33
4125	31
4126	34
4127	31
4128	34
4129	34
4130	34
4131	27
4132	28
4133	41
4134	37
4135	32
4136	32
4137	45
4138	47
4139	34
4140	30
4141	43
4142	32
4143	36
4144	40
4145	42
4146	40
4147	46
4148	38
4149	44
4150	50
4151	31
4152	48
4153	46
4154	51
4155	50
4156	49
4157	50
4158	57
4159	42
4160	46
4161	44
4162	45
4163	64
4164	48
4165	58
4166	57
4167	76
4168	53
4169	58
4170	60
4171	59
4172	62
4173	65
4174	63
4175	73
4176	64
4177	57
4178	55
4179	79
4180	66
4181	68
4182	71
4183	85
4184	76
4185	76
4186	60
4187	65
4188	67
4189	85
4190	91
4191	68
4192	76
4193	79
4194	72
4195	86
4196	99
4197	67
4198	84
4199	92
4200	93
4201	84
4202	93
4203	92
4204	90
4205	90
4206	86
4207	89
4208	85
4209	84
4210	72
4211	98
4212	88
4213	87
4214	90
4215	97
4216	77
4217	86
4218	98
4219	88
4220	106
4221	99
4222	88
4223	112
4224	95
4225	83
4226	114
4227	89
4228	109
4229	113
4230	109
4231	99
4232	120
4233	96
4234	112
4235	93
4236	114
4237	120
4238	115
4239	120
4240	111
4241	125
4242	86
4243	111
4244	111
4245	114
4246	111
4247	106
4248	116
4249	100
4250	125
4251	110
4252	105
4253	108
4254	114
4255	120
4256	98
4257	132
4258	105
4259	112
4260	99
4261	124
4262	106
4263	119
4264	125
4265	115
4266	95
4267	116
4268	108
4269	113
4270	108
4271	116
4272	108
4273	109
4274	103
4275	119
4276	125
4277	130
4278	100
4279	116
4280	100
4281	121
4282	115
4283	114
4284	116
4285	139
4286	105
4287	99
4288	118
4289	99
4290	114
4291	120
4292	125
4293	100
4294	111
4295	132
4296	114
4297	113
4298	103
4299	122
4300	113
4301	115
4302	112
4303	111
4304	103
4305	107
4306	89
4307	105
4308	106
4309	127
4310	103
4311	103
4312	117
4313	113
4314	90
4315	121
4316	100
4317	96
4318	114
4319	108
4320	101
4321	98
4322	83
4323	91
4324	113
4325	96
4326	88
4327	96
4328	103
4329	108
4330	104
4331	92
4332	86
4333	99
4334	80
4335	78
4336	79
4337	89
4338	92
4339	86
4340	100
4341	102
4342	84
4343	84
4344	109
4345	74
4346	82
4347	76
4348	83
4349	67
4350	67
4351	80
4352	89
4353	68
4354	79
4355	74
4356	70
4357	68
4358	69
4359	58
4360	89
4361	71
4362	83
4363	66
4364	71
4365	70
4366	71
4367	78
4368	69
4369	65
4370	70
4371	65
4372	60
4373	58
4374	73
4375	47
4376	57
4377	50
4378	60
4379	59
4380	56
4381	65
4382	56
4383	50
4384	47
4385	52
4386	61
4387	43
4388	44
4389	51
4390	41
4391	40
4392	55
4393	36
4394	47
4395	62
4396	36
4397	44
4398	31
4399	42
4400	51
4401	34
4402	39
4403	30
4404	38
4405	38
4406	37
4407	38
4408	49
4409	38
4410	30
4411	27
4412	25
4413	41
4414	31
4415	37
4416	20
4417	32
4418	38
4419	31
4420	21
4421	37
4422	32
4423	35
4424	27
4425	21
4426	23
4427	24
4428	29
4429	33
4430	22
4431	24
4432	21
4433	19
4434	23
4435	20
4436	18
4437	11
4438	16
4439	19
4440	27
4441	22
4442	17
4443	17
4444	24
4445	20
4446	23
4447	11
4448	19
4449	18
4450	12
4451	12
4452	12
4453	13
4454	19
4455	18
4456	16
4457	12
4458	26
4459	10
4460	22
4461	19
4462	17
4463	8
4464	12
4465	14
4466	11
4467	14
4468	12
4469	12
4470	6
4471	10
4472	11
4473	8
4474	8
4475	10
4476	6
4477	7
4478	9
4479	20
4480	7
4481	7
4482	7
4483	5
4484	11
4485	7
4486	8
4487	7
4488	7
4489	4
4490	4
4491	3
4492	5
4493	5
4494	6
4495	5
4496	2
4497	4
4498	3
4499	7
4500	7
4501	5
4502	6
4503	1
4504	8
4505	5
4506	4
4507	1
4508	5
4509	4
4510	3
4511	5
4512	3
4513	8
4514	5
4515	1
4516	5
4517	5
4518	4
4519	7
4520	4
4521	2
4522	2
4523	2
4524	3
4525	3
4526	1
4527	2
4528	0
4529	9
4530	3
4531	3
4532	3
4533	1
4534	2
4535	2
4536	1
4537	1
4538	0
4539	2
4540	2
4541	1
4542	1
4543	2
4544	1
4545	0
4546	2
4547	1
4548	2
4549	0
4550	0
4551	3
4552	3
4553	0
4554	0
4555	1
4556	1
4557	2
4558	0
4559	1
4560	0
4561	1
4562	0
4563	1
4564	0
4565	1
4566	1
4567	1
4568	4
4569	1
4570	0
4571	1
4572	0
4573	0
4574	0
4575	2
4576	2
4577	0
4578	0
4579	1
4580	0
4581	0
4582	0
4583	0
4584	1
4585	0
4586	1
4587	1
4588	1
4589	0
4590	0
4591	0
4592	0
4593	0
4594	1
4595	0
4596	1
4597	0
4598	0
4599	0
4600	0
4601	0
4602	1
4603	0
4604	0
4605	0
4606	0
4607	0
4608	0
4609	0
4610	1
4611	0
4612	0
4613	0
4614	1
4615	0
4616	0
4617	0
4618	0
4619	0
4620	0
4621	0
4622	0
4623	0
4624	0
4625	0
4626	0
4627	0
4628	1
4629	0
4630	0
4631	0
4632	0
4633	0
4634	0
4635	0
4636	1
4637	0
4638	0
4639	0
4640	0
4641	1
4642	1
4643	0
4644	0
4645	0
4646	0
4647	0
4648	0
4649	0
4650	0
4651	0
4652	0
4653	0
4654	0
4655	0
4656	0
4657	1
4658	1
4659	0
4660	0
4661	0
4662	0
4663	0
4664	0
4665	0
4666	0
4667	0
4668	0
4669	0
4670	0
4671	0
4672	1
4673	1
4674	0
4675	0
4676	0
4677	0
4678	0
4679	0
4680	0
4681	0
4682	0
4683	1
4684	0
4685	0
4686	0
4687	0
4688	0
4689	0
4690	0
4691	0
4692	0
4693	0
4694	0
4695	0
4696	0
4697	0
4698	0
4699	0
4700	0
4701	0
4702	0
4703	0
4704	0
4705	0
4706	0
4707	0
4708	0
4709	0
4710	0
4711	0
4712	0
4713	0
4714	0
4715	0
4716	0
4717	0
4718	0
4719	0
4720	0
4721	0
4722	1
4723	0
4724	0
4725	0
4726	0
4727	0
4728	0
4729	0
4730	0
4731	0
4732	0
4733	0
4734	0
4735	0
4736	1
4737	0
4738	0
4739	0
4740	0
4741	0
4742	0
4743	0
4744	0
4745	0
4746	0
4747	0
4748	0
4749	0
4750	0
4751	0
4752	0
4753	0
4754	0
4755	0
4756	0
4757	0
4758	0
4759	0
4760	0
4761	0
4762	0
4763	0
4764	0
4765	0
4766	0
4767	0
4768	0
4769	0
4770	0
4771	0
4772	0
4773	0
4774	0
4775	0
4776	0
4777	0
4778	0
4779	0
4780	0
4781	0
4782	0
4783	0
4784	0
4785	0
4786	0
4787	0
4788	0
4789	0
4790	0
4791	0
4792	0
4793	0
4794	0
4795	0
4796	0
4797	1
4798	0
4799	0
4800	0
4801	0
4802	0
4803	0
4804	0
4805	0
4806	0
4807	0
4808	0
4809	1
4810	0
4811	0
4812	0
4813	0
4814	0
4815	0
4816	0
4817	0
4818	0
4819	0
4820	0
4821	0
4822	0
4823	0
4824	0
4825	0
4826	0
4827	0
4828	0
4829	0
4830	0
4831	0
4832	0
4833	0
4834	0
4835	0
4836	0
4837	0
4838	0
4839	0
4840	0
4841	0
4842	0
4843	0
4844	0
4845	0
4846	0
4847	0
4848	0
4849	0
4850	0
4851	0
4852	0
4853	0
4854	0
4855	0
4856	0
4857	0
4858	0
4859	0
4860	0
4861	0
4862	0
4863	0
4864	0
4865	0
4866	0
4867	0
4868	0
4869	0
4870	0
4871	0
4872	0
4873	0
4874	1
4875	0
4876	0
4877	0
4878	0
4879	0
4880	0
4881	0
4882	0
4883	0
4884	0
4885	0
4886	0
4887	0
4888	0
4889	0
4890	0
4891	0
4892	0
4893	0
4894	0
4895	0
4896	0
4897	0
4898	0
4899	0
4900	0
4901	0
4902	0
4903	0
4904	0
4905	0
4906	0
4907	0
4908	1
4909	0
4910	0
4911	0
4912	0
4913	0
4914	0
4915	0
4916	0
4917	0
4918	0
4919	0
4920	0
4921	0
4922	0
4923	0
4924	0
4925	0
4926	0
4927	0
4928	0
4929	0
4930	0
4931	0
4932	0
4933	0
4934	0
4935	0
4936	0
4937	0
4938	0
4939	1
4940	0
4941	0
4942	0
4943	0
4944	0
4945	0
4946	0
4947	0
4948	0
4949	0
4950	0
4951	0
4952	0
4953	0
4954	0
4955	0
4956	0
4957	0
4958	0
4959	0
4960	0
4961	0
4962	0
4963	0
4964	0
4965	0
4966	0
4967	0
4968	0
4969	0
4970	0
4971	0
4972	0
4973	0
4974	0
4975	0
4976	0
4977	0
4978	0
4979	0
4980	0
4981	0
4982	0
4983	0
4984	0
4985	0
4986	0
4987	0
4988	0
4989	0
4990	0
4991	0
4992	0
4993	0
4994	0
4995	0
4996	0
4997	0
4998	0
4999	0
5000	0
5001	0
5002	0
5003	0
5004	0
5005	0
5006	0
5007	0
5008	0
5009	0
5010	0
5011	0
5012	0
5013	1
5014	0
5015	0
5016	0
5017	0
5018	0
5019	0
5020	0
5021	0
5022	0
5023	0
5024	0
5025	0
5026	0
5027	0
5028	0
5029	0
5030	0
5031	0
5032	0
5033	0
5034	0
5035	0
5036	0
5037	0
5038	0
5039	0
5040	0
5041	0
5042	0
5043	0
5044	0
5045	0
5046	0
5047	0
5048	0
5049	0
5050	0
5051	0
5052	0
5053	0
5054	0
5055	1
5056	0
5057	0
5058	0
5059	0
5060	0
5061	0
5062	0
5063	0
5064	0
5065	0
5066	1
5067	0
5068	0
5069	0
5070	1
5071	0
5072	0
5073	0
5074	0
5075	0
5076	0
5077	0
5078	0
5079	0
5080	0
5081	0
5082	0
5083	0
5084	0
5085	0
5086	0
5087	0
5088	0
5089	0
5090	0
5091	1
5092	1
5093	0
5094	0
5095	0
5096	0
5097	0
5098	0
5099	0
5100	0
5101	0
5102	0
5103	0
5104	0
5105	0
5106	0
5107	0
5108	0
5109	0
5110	0
5111	0
5112	0
5113	0
5114	0
5115	0
5116	0
5117	0
5118	0
5119	0
5120	1
5121	0
5122	0
5123	0
5124	0
5125	0
5126	0
5127	0
5128	0
5129	0
5130	0
5131	0
5132	0
5133	0
5134	0
5135	0
5136	0
5137	0
5138	0
5139	1
5140	0
5141	0
5142	0
5143	0
5144	0
5145	0
5146	0
5147	0
5148	0
5149	0
5150	0
5151	0
5152	0
5153	0
5154	0
5155	0
5156	0
5157	0
5158	0
5159	1
5160	1
5161	0
5162	0
5163	0
5164	0
5165	0
5166	0
5167	0
5168	0
5169	0
5170	0
5171	0
5172	0
5173	0
5174	0
5175	0
5176	0
5177	0
5178	0
5179	0
5180	0
5181	0
5182	0
5183	0
5184	0
5185	1
5186	0
5187	0
5188	0
5189	0
5190	1
5191	1
5192	0
5193	1
5194	0
5195	0
5196	0
5197	0
5198	0
5199	0
5200	1
5201	0
5202	0
5203	1
5204	0
5205	1
5206	0
5207	0
5208	1
5209	1
5210	0
5211	0
5212	1
5213	0
5214	1
5215	0
5216	0
5217	0
5218	0
5219	1
5220	1
5221	0
5222	0
5223	1
5224	1
5225	0
5226	1
5227	1
5228	0
5229	0
5230	0
5231	2
5232	0
5233	1
5234	0
5235	0
5236	2
5237	1
5238	0
5239	0
5240	2
5241	0
5242	0
5243	0
5244	1
5245	0
5246	0
5247	1
5248	1
5249	1
5250	0
5251	0
5252	3
5253	0
5254	1
5255	0
5256	1
5257	3
5258	1
5259	2
5260	4
5261	2
5262	3
5263	2
5264	1
5265	1
5266	2
5267	0
5268	2
5269	1
5270	2
5271	1
5272	2
5273	4
5274	1
5275	6
5276	5
5277	4
5278	2
5279	3
5280	5
5281	4
5282	5
5283	5
5284	4
5285	2
5286	5
5287	3
5288	2
5289	4
5290	5
5291	2
5292	5
5293	6
5294	3
5295	2
5296	6
5297	5
5298	3
5299	4
5300	7
5301	7
5302	7
5303	9
5304	3
5305	11
5306	4
5307	9
5308	7
5309	5
5310	6
5311	3
5312	3
5313	5
5314	7
5315	9
5316	8
5317	5
5318	5
5319	6
5320	10
5321	4
5322	8
5323	9
5324	6
5325	7
5326	11
5327	12
5328	13
5329	10
5330	11
5331	7
5332	9
5333	9
5334	7
5335	10
5336	10
5337	10
5338	11
5339	15
5340	12
5341	15
5342	13
5343	23
5344	24
5345	8
5346	14
5347	15
5348	14
5349	11
5350	21
5351	18
5352	10
5353	18
5354	20
5355	22
5356	19
5357	19
5358	11
5359	27
5360	20
5361	22
5362	14
5363	28
5364	25
5365	21
5366	18
5367	17
5368	30
5369	17
5370	31
5371	29
5372	24
5373	25
5374	23
5375	43
5376	32
5377	25
5378	24
5379	30
5380	34
5381	44
5382	29
5383	32
5384	25
5385	31
5386	25
5387	24
5388	36
5389	33
5390	25
5391	40
5392	35
5393	27
5394	38
5395	42
5396	24
5397	32
5398	46
5399	43
5400	32
5401	43
5402	48
5403	32
5404	49
5405	39
5406	41
5407	51
5408	42
5409	54
5410	53
5411	46
5412	48
5413	49
5414	53
5415	54
5416	49
5417	41
5418	53
5419	51
5420	54
5421	65
5422	61
5423	56
5424	46
5425	77
5426	74
5427	48
5428	69
5429	71
5430	68
5431	63
5432	56
5433	54
5434	80
5435	66
5436	77
5437	64
5438	67
5439	68
5440	74
5441	73
5442	74
5443	61
5444	75
5445	78
5446	73
5447	66
5448	87
5449	72
5450	83
5451	71
5452	96
5453	92
5454	92
5455	68
5456	79
5457	86
5458	82
5459	67
5460	91
5461	76
5462	93
5463	96
5464	100
5465	99
5466	105
5467	82
5468	94
5469	80
5470	97
5471	100
5472	83
5473	104
5474	79
5475	96
5476	86
5477	83
5478	80
5479	92
5480	97
5481	101
5482	122
5483	102
5484	101
5485	106
5486	102
5487	117
5488	115
5489	95
5490	107
5491	116
5492	117
5493	111
5494	98
5495	105
5496	109
5497	109
5498	96
5499	98
5500	91
5501	111
5502	121
5503	107
5504	119
5505	117
5506	99
5507	130
5508	101
5509	113
5510	96
5511	137
5512	101
5513	132
5514	120
5515	94
5516	90
5517	95
5518	95
5519	97
5520	105
5521	118
5522	106
5523	106
5524	109
5525	115
5526	117
5527	120
5528	126
5529	132
5530	102
5531	113
5532	111
5533	113
5534	120
5535	110
5536	124
5537	98
5538	95
5539	112
5540	114
5541	125
5542	114
5543	104
5544	106
5545	104
5546	105
5547	111
5548	99
5549	105
5550	108
5551	118
5552	119
5553	91
5554	107
5555	96
5556	106
5557	114
5558	109
5559	89
5560	98
5561	98
5562	114
5563	128
5564	92
5565	115
5566	109
5567	94
5568	103
5569	104
5570	91
5571	96
5572	80
5573	101
5574	113
5575	113
5576	97
5577	100
5578	105
5579	83
5580	93
5581	84
5582	89
5583	91
5584	106
5585	88
5586	94
5587	85
5588	108
5589	77
5590	99
5591	82
5592	90
5593	91
5594	90
5595	93
5596	76
5597	89
5598	92
5599	97
5600	93
5601	84
5602	85
5603	79
5604	86
5605	84
5606	71
5607	81
5608	82
5609	66
5610	82
5611	77
5612	70
5613	72
5614	74
5615	60
5616	61
5617	91
5618	82
5619	56
5620	75
5621	50
5622	65
5623	67
5624	54
5625	57
5626	74
5627	49
5628	67
5629	56
5630	51
5631	60
5632	40
5633	58
5634	60
5635	68
5636	65
5637	38
5638	60
5639	54
5640	50
5641	51
5642	37
5643	52
5644	43
5645	45
5646	57
5647	58
5648	45
5649	54
5650	55
5651	29
5652	27
5653	55
5654	37
5655	33
5656	43
5657	41
5658	42
5659	37
5660	33
5661	37
5662	49
5663	35
5664	29
5665	32
5666	34
5667	28
5668	41
5669	29
5670	25
5671	30
5672	33
5673	37
5674	38
5675	21
5676	20
5677	33
5678	26
5679	33
5680	19
5681	22
5682	26
5683	34
5684	24
5685	29
5686	19
5687	30
5688	30
5689	24
5690	25
5691	27
5692	25
5693	20
5694	19
5695	16
5696	25
5697	16
5698	16
5699	22
5700	21
5701	16
5702	20
5703	24
5704	21
5705	12
5706	15
5707	14
5708	20
5709	19
5710	20
5711	17
5712	9
5713	18
5714	13
5715	11
5716	16
5717	16
5718	13
5719	11
5720	16
5721	6
5722	11
5723	7
5724	11
5725	8
5726	4
5727	9
5728	9
5729	10
5730	9
5731	8
5732	8
5733	7
5734	1
5735	4
5736	11
5737	6
5738	7
5739	8
5740	9
5741	4
5742	7
5743	9
5744	5
5745	9
5746	3
5747	6
5748	2
5749	7
5750	10
5751	7
5752	4
5753	6
5754	5
5755	6
5756	5
5757	6
5758	6
5759	6
5760	3
5761	7
5762	4
5763	3
5764	7
5765	1
5766	5
5767	6
5768	4
5769	4
5770	4
5771	4
5772	3
5773	8
5774	4
5775	2
5776	2
5777	2
5778	6
5779	1
5780	7
5781	1
5782	2
5783	5
5784	0
5785	1
5786	2
5787	5
5788	0
5789	1
5790	2
5791	1
5792	4
5793	2
5794	2
5795	2
5796	2
5797	1
5798	2
5799	2
5800	2
5801	1
5802	1
5803	0
5804	1
5805	0
5806	3
5807	1
5808	1
5809	2
5810	1
5811	0
5812	1
5813	2
5814	1
5815	0
5816	0
5817	0
5818	0
5819	1
5820	0
5821	1
5822	0
5823	1
5824	0
5825	1
5826	1
5827	0
5828	1
5829	1
5830	1
5831	0
5832	0
5833	0
5834	0
5835	1
5836	1
5837	0
5838	1
5839	0
5840	1
5841	0
5842	1
5843	0
5844	0
5845	1
5846	0
5847	0
5848	0
5849	0
5850	0
5851	0
5852	0
5853	0
5854	0
5855	0
5856	0
5857	2
5858	0
5859	0
5860	0
5861	0
5862	0
5863	0
5864	0
5865	0
5866	0
5867	1
5868	0
5869	0
5870	0
5871	0
5872	0
5873	0
5874	0
5875	0
5876	0
5877	0
5878	0
5879	0
5880	0
5881	0
5882	0
5883	0
5884	0
5885	0
5886	0
5887	0
5888	0
5889	0
5890	0
5891	0
5892	0
5893	0
5894	0
5895	0
5896	0
5897	0
5898	0
5899	0
5900	0
5901	0
5902	0
5903	0
5904	0
5905	0
5906	0
5907	0
5908	0
5909	0
5910	0
5911	0
5912	1
5913	0
5914	0
5915	0
5916	0
5917	0
5918	0
5919	0
5920	0
5921	0
5922	0
5923	0
5924	0
5925	0
5926	0
5927	0
5928	0
5929	0
5930	0
5931	0
5932	0
5933	0
5934	0
5935	0
5936	0
5937	0
5938	0
5939	0
5940	0
5941	0
5942	0
5943	0
5944	0
5945	0
5946	0
5947	0
5948	0
5949	0
5950	0
5951	0
5952	0
5953	0
5954	0
5955	1
5956	0
5957	0
5958	0
5959	0
5960	0
5961	0
5962	0
5963	0
5964	0
5965	0
5966	0
5967	0
5968	0
5969	0
5970	0
5971	0
5972	1
5973	0
5974	0
5975	0
5976	0
5977	0
5978	0
5979	0
5980	0
5981	0
5982	0
5983	0
5984	0
5985	0
5986	0
5987	0
5988	0
5989	0
5990	0
5991	0
5992	0
5993	0
5994	0
5995	0
5996	0
5997	0
5998	0
5999	0
6000	0
6001	0
6002	0
6003	0
6004	0
6005	0
6006	0
6007	0
6008	0
6009	0
6010	0
6011	0
6012	0
6013	0
6014	0
6015	0
6016	0
6017	0
6018	0
6019	0
6020	0
6021	0
6022	0
6023	0
6024	0
6025	0
6026	0
6027	0
6028	0
6029	0
6030	0
6031	0
6032	0
6033	0
6034	0
6035	1
6036	0
6037	1
6038	0
6039	1
6040	0
6041	0
6042	0
6043	0
6044	0
6045	0
6046	0
6047	0
6048	0
6049	0
6050	0
6051	0
6052	0
6053	0
6054	0
6055	0
6056	0
6057	0
6058	0
6059	0
6060	0
6061	0
6062	0
6063	0
6064	0
6065	0
6066	0
6067	0
6068	0
6069	0
6070	0
6071	0
6072	0
6073	0
6074	0
6075	0
6076	0
6077	0
6078	0
6079	0
6080	0
6081	0
6082	1
6083	0
6084	0
6085	0
6086	0
6087	0
6088	0
6089	0
6090	0
6091	0
6092	0
6093	0
6094	0
6095	0
6096	0
6097	0
6098	0
6099	0
6100	0
6101	0
6102	0
6103	0
6104	0
6105	0
6106	0
6107	0
6108	0
6109	0
6110	0
6111	0
6112	0
6113	0
6114	0
6115	1
6116	0
6117	0
6118	0
6119	1
6120	0
6121	0
6122	0
6123	0
6124	0
6125	0
6126	0
6127	0
6128	0
6129	0
6130	0
6131	0
6132	0
6133	0
6134	0
6135	0
6136	0
6137	0
6138	0
6139	0
6140	0
6141	0
6142	0
6143	0
6144	0
6145	0
6146	0
6147	0
6148	0
6149	0
6150	0
6151	0
6152	0
6153	0
6154	0
6155	0
6156	0
6157	0
6158	0
6159	0
6160	0
6161	0
6162	0
6163	0
6164	0
6165	0
6166	0
6167	0
6168	0
6169	0
6170	0
6171	0
6172	0
6173	0
6174	0
6175	0
6176	0
6177	0
6178	0
6179	0
6180	0
6181	0
6182	0
6183	0
6184	0
6185	0
6186	0
6187	0
6188	0
6189	0
6190	0
6191	0
6192	0
6193	0
6194	0
6195	0
6196	0
6197	0
6198	0
6199	0
6200	0
6201	0
6202	0
6203	0
6204	0
6205	0
6206	0
6207	0
6208	0
6209	0
6210	0
6211	0
6212	0
6213	0
6214	0
6215	0
6216	0
6217	0
6218	0
6219	0
6220	0
6221	0
6222	0
6223	0
6224	0
6225	0
6226	0
6227	0
6228	0
6229	0
6230	0
6231	0
6232	0
6233	0
6234	0
6235	0
6236	0
6237	0
6238	0
6239	0
6240	0
6241	0
6242	0
6243	0
6244	0
6245	0
6246	0
6247	0
6248	0
6249	0
6250	0
6251	0
6252	0
6253	0
6254	0
6255	0
6256	0
6257	0
6258	0
6259	0
6260	0
6261	0
6262	0
6263	0
6264	0
6265	0
6266	0
6267	0
6268	0
6269	0
6270	0
6271	0
6272	0
6273	0
6274	0
6275	0
6276	0
6277	0
6278	0
6279	0
6280	0
6281	0
6282	0
6283	0
6284	0
6285	0
6286	1
6287	0
6288	0
6289	0
6290	0
6291	0
6292	0
6293	0
6294	0
6295	0
6296	0
6297	0
6298	0
6299	0
6300	0
6301	0
6302	0
6303	0
6304	0
6305	0
6306	0
6307	0
6308	0
6309	0
6310	0
6311	1
6312	0
6313	0
6314	0
6315	0
6316	0
6317	0
6318	0
6319	0
6320	0
6321	0
6322	0
6323	0
6324	0
6325	0
6326	0
6327	0
6328	0
6329	0
6330	0
6331	0
6332	0
6333	0
6334	0
6335	0
6336	0
6337	0
6338	0
6339	0
6340	0
6341	0
6342	0
6343	0
6344	0
6345	0
6346	0
6347	0
6348	0
6349	0
6350	1
6351	0
6352	0
6353	0
6354	0
6355	0
6356	0
6357	0
6358	0
6359	0
6360	0
6361	0
6362	0
6363	0
6364	0
6365	0
6366	0
6367	0
6368	0
6369	0
6370	0
6371	0
6372	0
6373	0
6374	0
6375	0
6376	0
6377	0
6378	0
6379	0
6380	0
6381	0
6382	0
6383	0
6384	0
6385	0
6386	0
6387	0
6388	1
6389	0
6390	1
6391	0
6392	0
6393	0
6394	0
6395	0
6396	0
6397	0
6398	0
6399	0
6400	0
6401	0
6402	0
6403	0
6404	0
6405	0
6406	0
6407	0
6408	0
6409	0
6410	0
6411	0
6412	0
6413	0
6414	0
6415	0
6416	0
6417	0
6418	0
6419	0
6420	0
6421	0
6422	0
6423	0
6424	0
6425	0
6426	0
6427	0
6428	1
6429	0
6430	0
6431	0
6432	1
6433	0
6434	0
6435	0
6436	0
6437	0
6438	0
6439	0
6440	0
6441	0
6442	0
6443	0
6444	0
6445	0
6446	0
6447	0
6448	0
6449	0
6450	0
6451	0
6452	0
6453	0
6454	0
6455	0
6456	0
6457	0
6458	0
6459	0
6460	0
6461	0
6462	0
6463	0
6464	0
6465	0
6466	0
6467	0
6468	0
6469	0
6470	0
6471	0
6472	0
6473	0
6474	0
6475	0
6476	0
6477	0
6478	0
6479	0
6480	0
6481	0
6482	0
6483	0
6484	0
6485	0
6486	0
6487	0
6488	0
6489	0
6490	0
6491	0
6492	0
6493	0
6494	0
6495	0
6496	0
6497	0
6498	0
6499	0
6500	0
6501	0
6502	0
6503	0
6504	0
6505	0
6506	0
6507	0
6508	0
6509	0
6510	0
6511	0
6512	0
6513	0
6514	0
6515	0
6516	0
6517	0
6518	0
6519	0
6520	0
6521	0
6522	0
6523	0
6524	0
6525	0
6526	0
6527	0
6528	0
6529	0
6530	0
6531	0
6532	0
6533	0
6534	0
6535	0
6536	0
6537	0
6538	0
6539	0
6540	0
6541	0
6542	0
6543	0
6544	0
6545	0
6546	0
6547	0
6548	0
6549	0
6550	0
6551	0
6552	0
6553	0
6554	0
6555	0
6556	0
6557	0
6558	0
6559	0
6560	0
6561	0
6562	0
6563	0
6564	0
6565	0
6566	0
6567	0
6568	0
6569	0
6570	0
6571	0
6572	0
6573	0
6574	0
6575	0
6576	0
6577	0
6578	0
6579	0
6580	0
6581	1
6582	0
6583	0
6584	0
6585	0
6586	0
6587	0
6588	0
6589	0
6590	0
6591	0
6592	0
6593	0
6594	0
6595	0
6596	0
6597	0
6598	0
6599	0
6600	0
6601	0
6602	0
6603	0
6604	0
6605	0
6606	0
6607	0
6608	0
6609	0
6610	0
6611	0
6612	0
6613	0
6614	0
6615	0
6616	0
6617	0
6618	0
6619	0
6620	0
6621	0
6622	0
6623	0
6624	0
6625	0
6626	0
6627	0
6628	0
6629	0
6630	0
6631	0
6632	0
6633	0
6634	0
6635	0
6636	0
6637	0
6638	0
6639	0
6640	0
6641	0
6642	0
6643	0
6644	0
6645	0
6646	0
6647	0
6648	0
6649	0
6650	0
6651	0
6652	0
6653	0
6654	0
6655	0
6656	0
6657	0
6658	0
6659	0
6660	0
6661	0
6662	0
6663	0
6664	0
6665	0
6666	0
6667	0
6668	0
6669	0
6670	0
6671	0
6672	0
6673	0
6674	0
6675	0
6676	0
6677	0
6678	0
6679	0
6680	0
6681	0
6682	0
6683	0
6684	0
6685	0
6686	0
6687	0
6688	0
6689	0
6690	0
6691	0
6692	0
6693	0
6694	0
6695	0
6696	0
6697	0
6698	0
6699	0
6700	0
6701	0
6702	0
6703	0
6704	0
6705	0
6706	0
6707	0
6708	0
6709	0
6710	0
6711	0
6712	0
6713	0
6714	0
6715	0
6716	0
6717	0
6718	0
6719	0
6720	0
6721	0
6722	0
6723	0
6724	0
6725	0
6726	0
6727	0
6728	0
6729	0
6730	0
6731	0
6732	0
6733	0
6734	0
6735	0
6736	0
6737	0
6738	0
6739	0
6740	0
6741	0
6742	0
6743	0
6744	0
6745	0
6746	0
6747	1
6748	0
6749	0
6750	0
6751	0
6752	0
6753	0
6754	0
6755	0
6756	0
6757	0
6758	0
6759	0
6760	0
6761	0
6762	0
6763	0
6764	0
6765	0
6766	0
6767	0
6768	0
6769	0
6770	0
6771	0
6772	0
6773	0
6774	0
6775	0
6776	0
6777	0
6778	0
6779	0
6780	0
6781	0
6782	0
6783	0
6784	0
6785	0
6786	0
6787	0
6788	0
6789	0
6790	0
6791	0
6792	0
6793	0
6794	0
6795	0
6796	0
6797	0
6798	0
6799	0
6800	0
6801	0
6802	0
6803	0
6804	0
6805	0
6806	0
6807	0
6808	0
6809	0
6810	0
6811	0
6812	0
6813	0
6814	0
6815	0
6816	0
6817	0
6818	0
6819	0
6820	0
6821	0
6822	0
6823	0
6824	0
6825	0
6826	0
6827	0
6828	0
6829	0
6830	0
6831	0
6832	0
6833	0
6834	0
6835	0
6836	0
6837	0
6838	0
6839	0
6840	0
6841	0
6842	0
6843	0
6844	0
6845	0
6846	0
6847	0
6848	0
6849	0
6850	0
6851	0
6852	0
6853	0
6854	0
6855	0
6856	0
6857	0
6858	0
6859	0
6860	0
6861	0
6862	0
6863	0
6864	0
6865	0
6866	0
6867	0
6868	0
6869	0
6870	0
6871	0
6872	0
6873	0
6874	0
6875	0
6876	0
6877	0
6878	0
6879	0
6880	0
6881	0
6882	0
6883	0
6884	0
6885	0
6886	0
6887	0
6888	0
6889	0
6890	0
6891	0
6892	0
6893	0
6894	0
6895	0
6896	0
6897	0
6898	0
6899	0
6900	0
6901	0
6902	0
6903	0
6904	0
6905	0
6906	0
6907	0
6908	0
6909	0
6910	0
6911	0
6912	0
6913	0
6914	0
6915	0
6916	0
6917	0
6918	0
6919	0
6920	0
6921	0
6922	0
6923	0
6924	0
6925	0
6926	0
6927	0
6928	0
6929	0
6930	0
6931	0
6932	0
6933	0
6934	0
6935	0
6936	0
6937	0
6938	0
6939	0
6940	0
6941	0
6942	0
6943	0
6944	0
6945	0
6946	0
6947	0
6948	0
6949	0
6950	0
6951	0
6952	0
6953	0
6954	0
6955	0
6956	0
6957	0
6958	0
6959	0
6960	0
6961	0
6962	0
6963	0
6964	0
6965	0
6966	0
6967	0
6968	0
6969	0
6970	0
6971	0
6972	0
6973	0
6974	0
6975	0
6976	0
6977	0
6978	0
6979	0
6980	0
6981	0
6982	0
6983	0
6984	0
6985	0
6986	0
6987	0
6988	0
6989	0
6990	0
6991	0
6992	0
6993	0
6994	0
6995	0
6996	0
6997	0
6998	0
6999	0
7000	0
7001	0
7002	0
7003	0
7004	0
7005	0
7006	0
7007	0
7008	0
7009	0
7010	0
7011	0
7012	0
7013	0
7014	0
7015	0
7016	0
7017	0
7018	0
7019	0
7020	0
7021	0
7022	0
7023	0
7024	0
7025	0
7026	0
7027	0
7028	0
7029	0
7030	0
7031	0
7032	0
7033	0
7034	0
7035	0
7036	0
7037	0
7038	0
7039	0
7040	0
7041	0
7042	0
7043	0
7044	0
7045	0
7046	0
7047	0
7048	0
7049	0
7050	0
7051	0
7052	0
7053	0
7054	0
7055	0
7056	0
7057	0
7058	0
7059	0
7060	0
7061	0
7062	0
7063	0
7064	0
7065	0
7066	0
7067	0
7068	0
7069	0
7070	0
7071	0
7072	0
7073	0
7074	0
7075	0
7076	0
7077	0
7078	0
7079	0
7080	0
7081	0
7082	0
7083	0
7084	0
7085	0
7086	0
7087	0
7088	0
7089	0
7090	0
7091	0
7092	0
7093	0
7094	0
7095	0
7096	0
7097	0
7098	0
7099	0
7100	0
7101	0
7102	0
7103	0
7104	0
7105	0
7106	0
7107	0
7108	0
7109	0
7110	0
7111	0
7112	0
7113	0
7114	0
7115	0
7116	0
7117	0
7118	0
7119	0
7120	0
7121	0
7122	0
7123	0
7124	0
7125	0
7126	0
7127	0
7128	0
7129	0
7130	0
7131	0
7132	0
7133	0
7134	0
7135	0
7136	0
7137	0
7138	0
7139	0
7140	0
7141	0
7142	0
7143	0
7144	0
7145	0
7146	0
7147	0
7148	0
7149	0
7150	0
7151	0
7152	0
7153	0
7154	0
7155	0
7156	0
7157	0
7158	0
7159	0
7160	0
7161	0
7162	0
7163	0
7164	0
7165	0
7166	0
7167	0
7168	0
7169	0
7170	0
7171	0
7172	0
7173	0
7174	0
7175	0
7176	0
7177	0
7178	0
7179	0
7180	0
7181	0
7182	0
7183	0
7184	0
7185	0
7186	0
7187	0
7188	0
7189	0
7190	0
7191	0
7192	0
7193	0
7194	0
7195	0
7196	0
7197	0
7198	0
7199	0
7200	0
7201	0
7202	0
7203	0
7204	0
7205	0
7206	0
7207	0
7208	0
7209	0
7210	0
7211	0
7212	0
7213	0
7214	0
7215	0
7216	0
7217	0
7218	0
7219	0
7220	0
7221	0
7222	0
7223	0
7224	0
7225	0
7226	0
7227	0
7228	0
7229	0
7230	0
7231	0
7232	0
7233	0
7234	0
7235	0
7236	0
7237	0
7238	0
7239	0
7240	0
7241	0
7242	0
7243	0
7244	0
7245	0
7246	0
7247	0
7248	0
7249	0
7250	0
7251	0
7252	0
7253	0
7254	0
7255	0
7256	0
7257	0
7258	0
7259	0
7260	0
7261	0
7262	0
7263	0
7264	0
7265	0
7266	0
7267	0
7268	0
7269	0
7270	0
7271	0
7272	0
7273	0
7274	0
7275	0
7276	0
7277	0
7278	1
7279	0
7280	0
7281	0
7282	0
7283	0
7284	0
7285	0
7286	0
7287	0
7288	0
7289	0
7290	0
7291	0
7292	0
7293	0
7294	0
7295	0
7296	0
7297	0
7298	0
7299	0
7300	0
7301	0
7302	0
7303	0
7304	0
7305	0
7306	0
7307	0
7308	0
7309	0
7310	0
7311	0
7312	0
7313	0
7314	0
7315	0
7316	0
7317	0
7318	0
7319	0
7320	0
7321	0
7322	0
7323	0
7324	0
7325	0
7326	0
7327	0
7328	0
7329	0
7330	0
7331	0
7332	0
7333	0
7334	0
7335	0
7336	0
7337	0
7338	0
7339	0
7340	0
7341	0
7342	0
7343	0
7344	0
7345	0
7346	0
7347	0
7348	0
7349	0
7350	0
7351	0
7352	0
7353	0
7354	0
7355	0
7356	0
7357	0
7358	0
7359	0
7360	0
7361	0
7362	0
7363	0
7364	0
7365	0
7366	0
7367	0
7368	0
7369	0
7370	0
7371	0
7372	0
7373	0
7374	0
7375	0
7376	0
7377	0
7378	0
7379	0
7380	0
7381	0
7382	0
7383	0
7384	0
7385	0
7386	0
7387	0
7388	0
7389	0
7390	0
7391	0
7392	0
7393	0
7394	0
7395	0
7396	0
7397	0
7398	0
7399	0
7400	0
7401	0
7402	0
7403	0
7404	0
7405	0
7406	0
7407	0
7408	0
7409	0
7410	0
7411	0
7412	0
7413	0
7414	0
7415	0
7416	0
7417	0
7418	0
7419	0
7420	0
7421	0
7422	0
7423	0
7424	0
7425	0
7426	0
7427	0
7428	0
7429	0
7430	0
7431	0
7432	0
7433	0
7434	0
7435	0
7436	0
7437	0
7438	0
7439	0
7440	0
7441	0
7442	0
7443	0
7444	0
7445	0
7446	0
7447	0
7448	0
7449	0
7450	0
7451	0
7452	0
7453	0
7454	0
7455	0
7456	0
7457	0
7458	0
7459	0
7460	0
7461	0
7462	0
7463	0
7464	0
7465	0
7466	0
7467	0
7468	0
7469	0
7470	0
7471	0
7472	0
7473	0
7474	0
7475	0
7476	0
7477	0
7478	0
7479	0
7480	0
7481	0
7482	0
7483	0
7484	0
7485	0
7486	0
7487	0
7488	0
7489	0
7490	0
7491	0
7492	0
7493	0
7494	0
7495	0
7496	0
7497	0
7498	0
7499	0
7500	0
7501	0
7502	0
7503	0
7504	0
7505	0
7506	0
7507	0
7508	0
7509	0
7510	0
7511	0
7512	0
7513	0
7514	0
7515	0
7516	0
7517	0
7518	0
7519	0
7520	0
7521	0
7522	0
7523	0
7524	0
7525	0
7526	0
7527	0
7528	0
7529	0
7530	0
7531	0
7532	0
7533	0
7534	0
7535	0
7536	0
7537	0
7538	0
7539	0
7540	0
7541	0
7542	0
7543	0
7544	0
7545	0
7546	0
7547	0
7548	0
7549	0
7550	0
7551	0
7552	0
7553	0
7554	0
7555	0
7556	0
7557	0
7558	0
7559	0
7560	0
7561	0
7562	0
7563	0
7564	0
7565	0
7566	0
7567	0
7568	0
7569	0
7570	0
7571	0
7572	0
7573	0
7574	0
7575	0
7576	0
7577	0
7578	0
7579	0
7580	0
7581	0
7582	0
7583	0
7584	0
7585	0
7586	0
7587	0
7588	0
7589	0
7590	0
7591	0
7592	0
7593	0
7594	0
7595	0
7596	0
7597	0
7598	0
7599	0
7600	0
7601	0
7602	0
7603	0
7604	0
7605	0
7606	0
7607	0
7608	0
7609	0
7610	0
7611	1
7612	0
7613	0
7614	0
7615	0
7616	0
7617	0
7618	0
7619	0
7620	0
7621	0
7622	0
7623	0
7624	0
7625	0
7626	0
7627	0
7628	0
7629	0
7630	0
7631	0
7632	0
7633	0
7634	0
7635	0
7636	0
7637	0
7638	0
7639	0
7640	0
7641	0
7642	0
7643	0
7644	0
7645	0
7646	0
7647	0
7648	0
7649	0
7650	0
7651	0
7652	0
7653	0
7654	0
7655	0
7656	0
7657	0
7658	0
7659	0
7660	0
7661	0
7662	0
7663	0
7664	0
7665	0
7666	0
7667	0
7668	0
7669	0
7670	0
7671	0
7672	0
7673	0
7674	0
7675	0
7676	0
7677	0
7678	0
7679	0
7680	0
7681	0
7682	0
7683	0
7684	0
7685	0
7686	0
7687	0
7688	0
7689	0
7690	0
7691	0
7692	0
7693	0
7694	0
7695	0
7696	0
7697	0
7698	0
7699	0
7700	0
7701	0
7702	0
7703	0
7704	0
7705	0
7706	0
7707	0
7708	0
7709	0
7710	0
7711	0
7712	0
7713	0
7714	0
7715	0
7716	0
7717	0
7718	0
7719	0
7720	0
7721	0
7722	0
7723	0
7724	0
7725	0
7726	0
7727	0
7728	0
7729	0
7730	0
7731	0
7732	0
7733	0
7734	0
7735	0
7736	0
7737	0
7738	0
7739	0
7740	0
7741	0
7742	0
7743	0
7744	0
7745	0
7746	0
7747	0
7748	0
7749	0
7750	0
7751	0
7752	0
7753	0
7754	0
7755	0
7756	0
7757	0
7758	0
7759	0
7760	0
7761	0
7762	0
7763	0
7764	0
7765	0
7766	0
7767	0
7768	0
7769	0
7770	0
7771	0
7772	0
7773	0
7774	0
7775	0
7776	0
7777	1
7778	0
7779	0
7780	0
7781	0
7782	0
7783	0
7784	0
7785	0
7786	0
7787	0
7788	0
7789	0
7790	0
7791	0
7792	0
7793	0
7794	1
7795	0
7796	0
7797	0
7798	0
7799	0
7800	0
7801	0
7802	0
7803	0
7804	0
7805	0
7806	0
7807	0
7808	0
7809	0
7810	0
7811	0
7812	0
7813	0
7814	0
7815	0
7816	0
7817	0
7818	0
7819	0
7820	0
7821	0
7822	0
7823	0
7824	0
7825	0
7826	0
7827	0
7828	0
7829	0
7830	0
7831	0
7832	0
7833	0
7834	0
7835	0
7836	0
7837	0
7838	0
7839	0
7840	0
7841	0
7842	0
7843	0
7844	0
7845	0
7846	0
7847	0
7848	0
7849	0
7850	0
7851	0
7852	0
7853	0
7854	0
7855	0
7856	0
7857	0
7858	0
7859	0
7860	0
7861	0
7862	0
7863	0
7864	0
7865	0
7866	0
7867	0
7868	0
7869	0
7870	0
7871	0
7872	0
7873	0
7874	0
7875	0
7876	0
7877	0
7878	0
7879	0
7880	0
7881	0
7882	0
7883	0
7884	0
7885	0
7886	0
7887	0
7888	0
7889	0
7890	0
7891	0
7892	0
7893	0
7894	0
7895	0
7896	0
7897	0
7898	0
7899	0
7900	0
7901	0
7902	0
7903	0
7904	0
7905	0
7906	0
7907	0
7908	0
7909	0
7910	0
7911	0
7912	0
7913	0
7914	0
7915	0
7916	0
7917	0
7918	0
7919	0
7920	0
7921	0
7922	0
7923	0
7924	0
7925	0
7926	0
7927	0
7928	0
7929	0
7930	0
7931	0
7932	0
7933	0
7934	0
7935	0
7936	0
7937	0
7938	0
7939	0
7940	0
7941	0
7942	0
7943	0
7944	0
7945	0
7946	0
7947	0
7948	0
7949	0
7950	0
7951	0
7952	0
7953	0
7954	0
7955	0
7956	0
7957	0
7958	0
7959	0
7960	0
7961	0
7962	0
7963	0
7964	0
7965	0
7966	0
7967	0
7968	0
7969	0
7970	0
7971	0
7972	0
7973	0
7974	0
7975	0
7976	0
7977	0
7978	0
7979	0
7980	0
7981	0
7982	0
7983	0
7984	0
7985	0
7986	0
7987	0
7988	0
7989	0
7990	0
7991	0
7992	0
7993	0
7994	0
7995	0
7996	0
7997	0
7998	0
7999	0
8000	0
8001	0
8002	0
8003	0
8004	0
8005	0
8006	0
8007	0
8008	0
8009	0
8010	0
8011	0
8012	0
8013	0
8014	0
8015	0
8016	0
8017	0
8018	0
8019	0
8020	0
8021	0
8022	0
8023	0
8024	0
8025	0
8026	0
8027	0
8028	0
8029	0
8030	0
8031	0
8032	0
8033	0
8034	0
8035	0
8036	0
8037	0
8038	0
8039	0
8040	0
8041	0
8042	0
8043	0
8044	0
8045	0
8046	0
8047	0
8048	0
8049	0
8050	0
8051	0
8052	0
8053	0
8054	0
8055	0
8056	0
8057	0
8058	0
8059	0
8060	0
8061	0
8062	0
8063	0
8064	0
8065	0
8066	0
8067	0
8068	0
8069	0
8070	0
8071	0
8072	0
8073	0
8074	0
8075	0
8076	0
8077	0
8078	0
8079	0
8080	0
8081	0
8082	0
8083	0
8084	0
8085	0
8086	0
8087	0
8088	0
8089	0
8090	0
8091	0
8092	0
8093	0
8094	0
8095	0
8096	0
8097	0
8098	0
8099	0
8100	0
8101	0
8102	0
8103	0
8104	0
8105	0
8106	0
8107	0
8108	0
8109	0
8110	0
8111	0
8112	0
8113	0
8114	0
8115	0
8116	0
8117	0
8118	0
8119	0
8120	0
8121	0
8122	0
8123	0
8124	0
8125	0
8126	0
8127	0
8128	0
8129	0
8130	0
8131	0
8132	0
8133	0
8134	0
8135	0
8136	0
8137	0
8138	0
8139	0
8140	0
8141	0
8142	0
8143	0
8144	0
8145	0
8146	0
8147	0
8148	0
8149	0
8150	0
8151	0
8152	0
8153	0
8154	0
8155	0
8156	0
8157	0
8158	0
8159	0
8160	0
8161	0
8162	0
8163	0
8164	0
8165	0
8166	0
8167	0
8168	0
8169	0
8170	0
8171	0
8172	0
8173	0
8174	0
8175	0
8176	0
8177	0
8178	0
8179	0
8180	0
8181	0
8182	0
8183	0
8184	0
8185	0
8186	0
8187	0
8188	0
8189	0
8190	0
8191	0
