0	0
1	0
2	0
3	0
4	0
5	0
6	0
7	0
8	0
9	0
10	0
11	0
12	0
13	0
14	0
15	0
16	0
17	0
18	0
19	0
20	0
21	0
22	0
23	0
24	0
25	0
26	0
27	0
28	0
29	0
30	0
31	0
32	0
33	0
34	0
35	0
36	0
37	0
38	0
39	0
40	0
41	0
42	0
43	0
44	0
45	0
46	0
47	0
48	0
49	0
50	0
51	0
52	0
53	0
54	0
55	0
56	0
57	0
58	0
59	0
60	0
61	0
62	0
63	0
64	0
65	0
66	0
67	0
68	0
69	0
70	0
71	0
72	0
73	0
74	0
75	0
76	0
77	0
78	0
79	0
80	0
81	0
82	0
83	0
84	0
85	0
86	0
87	0
88	0
89	0
90	0
91	0
92	0
93	0
94	0
95	0
96	0
97	0
98	0
99	0
100	0
101	0
102	0
103	0
104	0
105	0
106	0
107	0
108	0
109	0
110	0
111	0
112	0
113	0
114	0
115	0
116	0
117	0
118	0
119	0
120	0
121	0
122	0
123	0
124	0
125	0
126	0
127	0
128	0
129	0
130	0
131	0
132	0
133	0
134	0
135	0
136	0
137	0
138	0
139	0
140	0
141	0
142	0
143	0
144	0
145	0
146	0
147	0
148	0
149	0
150	0
151	0
152	0
153	0
154	0
155	0
156	0
157	0
158	0
159	0
160	0
161	0
162	0
163	0
164	0
165	0
166	0
167	0
168	0
169	0
170	0
171	0
172	0
173	1
174	0
175	0
176	0
177	0
178	0
179	0
180	0
181	0
182	1
183	0
184	0
185	0
186	0
187	0
188	0
189	0
190	0
191	0
192	0
193	0
194	0
195	0
196	0
197	0
198	0
199	0
200	0
201	0
202	0
203	0
204	0
205	0
206	0
207	0
208	0
209	0
210	0
211	0
212	0
213	0
214	0
215	0
216	1
217	0
218	0
219	0
220	0
221	0
222	0
223	0
224	0
225	0
226	0
227	1
228	0
229	0
230	1
231	0
232	1
233	0
234	0
235	0
236	0
237	0
238	0
239	1
240	0
241	0
242	0
243	0
244	0
245	0
246	0
247	0
248	0
249	0
250	0
251	0
252	0
253	0
254	0
255	0
256	0
257	0
258	0
259	0
260	0
261	0
262	0
263	0
264	0
265	0
266	0
267	0
268	0
269	0
270	0
271	0
272	0
273	0
274	0
275	0
276	0
277	0
278	0
279	0
280	0
281	0
282	0
283	0
284	0
285	0
286	0
287	0
288	0
289	0
290	0
291	0
292	0
293	1
294	0
295	0
296	0
297	0
298	0
299	0
300	0
301	0
302	0
303	0
304	0
305	0
306	0
307	0
308	0
309	0
310	0
311	0
312	0
313	0
314	0
315	0
316	1
317	0
318	0
319	1
320	0
321	0
322	0
323	0
324	0
325	0
326	0
327	0
328	0
329	0
330	0
331	0
332	0
333	2
334	0
335	0
336	1
337	0
338	0
339	0
340	0
341	0
342	0
343	2
344	0
345	0
346	0
347	0
348	1
349	0
350	0
351	1
352	0
353	0
354	1
355	1
356	2
357	0
358	0
359	0
360	0
361	0
362	2
363	0
364	2
365	1
366	2
367	0
368	2
369	0
370	0
371	2
372	0
373	1
374	0
375	1
376	0
377	0
378	2
379	1
380	1
381	1
382	0
383	0
384	1
385	1
386	1
387	1
388	0
389	0
390	1
391	1
392	1
393	0
394	2
395	0
396	1
397	0
398	1
399	1
400	1
401	0
402	3
403	1
404	0
405	2
406	1
407	2
408	4
409	1
410	2
411	4
412	2
413	5
414	2
415	2
416	3
417	1
418	3
419	1
420	2
421	5
422	4
423	5
424	6
425	4
426	4
427	0
428	1
429	1
430	3
431	4
432	4
433	2
434	2
435	5
436	4
437	4
438	3
439	3
440	2
441	1
442	5
443	1
444	4
445	4
446	1
447	0
448	2
449	5
450	6
451	2
452	4
453	2
454	3
455	2
456	4
457	3
458	3
459	1
460	3
461	4
462	2
463	4
464	1
465	3
466	3
467	4
468	3
469	9
470	1
471	2
472	3
473	1
474	2
475	1
476	0
477	3
478	1
479	3
480	1
481	2
482	5
483	1
484	1
485	2
486	2
487	2
488	1
489	1
490	1
491	3
492	2
493	0
494	1
495	2
496	0
497	1
498	0
499	2
500	1
501	1
502	1
503	0
504	1
505	0
506	1
507	1
508	0
509	1
510	3
511	0
512	1
513	1
514	0
515	1
516	0
517	2
518	0
519	1
520	1
521	0
522	2
523	0
524	1
525	1
526	0
527	4
528	1
529	1
530	3
531	0
532	1
533	1
534	2
535	0
536	0
537	0
538	0
539	0
540	1
541	0
542	1
543	0
544	1
545	3
546	0
547	0
548	0
549	0
550	0
551	1
552	0
553	1
554	0
555	0
556	0
557	0
558	1
559	0
560	0
561	0
562	0
563	0
564	1
565	0
566	0
567	2
568	1
569	0
570	1
571	0
572	0
573	0
574	1
575	1
576	0
577	0
578	0
579	0
580	1
581	2
582	0
583	0
584	0
585	0
586	1
587	1
588	0
589	0
590	0
591	0
592	0
593	0
594	0
595	0
596	0
597	0
598	0
599	0
600	1
601	0
602	0
603	0
604	0
605	1
606	0
607	0
608	0
609	0
610	0
611	0
612	0
613	2
614	0
615	0
616	1
617	0
618	0
619	0
620	1
621	0
622	0
623	0
624	0
625	1
626	0
627	0
628	0
629	0
630	0
631	0
632	0
633	0
634	1
635	0
636	0
637	0
638	0
639	0
640	0
641	0
642	0
643	0
644	0
645	1
646	0
647	0
648	0
649	0
650	0
651	0
652	0
653	0
654	0
655	0
656	0
657	0
658	0
659	0
660	0
661	0
662	0
663	0
664	0
665	1
666	1
667	0
668	0
669	1
670	0
671	0
672	0
673	0
674	0
675	0
676	0
677	0
678	0
679	0
680	0
681	0
682	1
683	0
684	1
685	0
686	0
687	0
688	0
689	0
690	0
691	0
692	0
693	1
694	0
695	0
696	0
697	1
698	0
699	1
700	0
701	2
702	0
703	0
704	0
705	0
706	1
707	0
708	1
709	0
710	0
711	0
712	0
713	1
714	1
715	2
716	2
717	0
718	0
719	1
720	1
721	0
722	0
723	0
724	0
725	1
726	0
727	1
728	0
729	0
730	1
731	1
732	0
733	0
734	0
735	0
736	1
737	0
738	0
739	1
740	2
741	0
742	0
743	0
744	0
745	0
746	0
747	1
748	2
749	3
750	0
751	0
752	1
753	1
754	0
755	0
756	1
757	1
758	0
759	0
760	1
761	0
762	3
763	1
764	0
765	0
766	0
767	1
768	0
769	1
770	2
771	2
772	0
773	0
774	3
775	1
776	0
777	0
778	1
779	0
780	1
781	2
782	0
783	3
784	1
785	0
786	2
787	1
788	3
789	0
790	3
791	0
792	3
793	2
794	1
795	3
796	1
797	1
798	0
799	0
800	2
801	2
802	2
803	2
804	3
805	0
806	0
807	2
808	1
809	6
810	3
811	4
812	1
813	2
814	2
815	0
816	0
817	1
818	3
819	0
820	1
821	3
822	4
823	1
824	0
825	3
826	2
827	3
828	1
829	0
830	2
831	2
832	2
833	1
834	1
835	0
836	4
837	2
838	0
839	1
840	0
841	1
842	2
843	1
844	2
845	2
846	3
847	2
848	1
849	2
850	1
851	3
852	1
853	3
854	3
855	2
856	2
857	3
858	3
859	5
860	5
861	2
862	6
863	3
864	3
865	3
866	2
867	4
868	7
869	2
870	1
871	3
872	2
873	1
874	4
875	7
876	2
877	2
878	2
879	6
880	3
881	5
882	5
883	3
884	9
885	2
886	4
887	2
888	6
889	7
890	4
891	5
892	5
893	8
894	6
895	7
896	5
897	7
898	4
899	9
900	5
901	2
902	5
903	7
904	6
905	9
906	7
907	6
908	6
909	4
910	2
911	6
912	7
913	6
914	12
915	5
916	3
917	9
918	10
919	10
920	11
921	8
922	9
923	13
924	9
925	5
926	10
927	14
928	12
929	12
930	9
931	11
932	13
933	11
934	14
935	9
936	14
937	13
938	9
939	10
940	9
941	18
942	22
943	13
944	8
945	15
946	15
947	14
948	14
949	17
950	15
951	12
952	19
953	17
954	16
955	12
956	23
957	20
958	17
959	11
960	20
961	15
962	22
963	18
964	21
965	24
966	18
967	22
968	22
969	23
970	16
971	14
972	16
973	13
974	22
975	18
976	21
977	19
978	24
979	19
980	25
981	21
982	24
983	24
984	21
985	14
986	27
987	14
988	23
989	27
990	23
991	23
992	20
993	30
994	29
995	16
996	24
997	23
998	24
999	33
1000	17
1001	35
1002	33
1003	28
1004	29
1005	24
1006	30
1007	38
1008	33
1009	28
1010	31
1011	29
1012	22
1013	44
1014	28
1015	30
1016	37
1017	34
1018	36
1019	29
1020	40
1021	35
1022	30
1023	27
1024	26
1025	45
1026	37
1027	35
1028	48
1029	35
1030	31
1031	39
1032	30
1033	37
1034	39
1035	39
1036	35
1037	42
1038	44
1039	41
1040	38
1041	32
1042	44
1043	53
1044	43
1045	49
1046	47
1047	32
1048	43
1049	51
1050	52
1051	42
1052	45
1053	52
1054	42
1055	52
1056	50
1057	42
1058	55
1059	70
1060	62
1061	64
1062	71
1063	54
1064	61
1065	62
1066	52
1067	54
1068	53
1069	60
1070	67
1071	56
1072	68
1073	52
1074	54
1075	80
1076	78
1077	71
1078	86
1079	89
1080	68
1081	63
1082	77
1083	75
1084	81
1085	92
1086	72
1087	75
1088	93
1089	108
1090	81
1091	89
1092	102
1093	90
1094	89
1095	95
1096	95
1097	114
1098	81
1099	86
1100	109
1101	111
1102	122
1103	117
1104	124
1105	113
1106	117
1107	115
1108	132
1109	125
1110	146
1111	140
1112	140
1113	141
1114	146
1115	165
1116	170
1117	170
1118	173
1119	169
1120	177
1121	167
1122	181
1123	213
1124	185
1125	206
1126	210
1127	208
1128	187
1129	216
1130	196
1131	256
1132	229
1133	205
1134	226
1135	252
1136	237
1137	263
1138	256
1139	253
1140	271
1141	276
1142	272
1143	282
1144	315
1145	271
1146	300
1147	328
1148	336
1149	350
1150	378
1151	348
1152	330
1153	371
1154	388
1155	384
1156	380
1157	401
1158	417
1159	444
1160	405
1161	435
1162	453
1163	463
1164	493
1165	478
1166	502
1167	490
1168	520
1169	501
1170	556
1171	533
1172	579
1173	587
1174	592
1175	584
1176	596
1177	661
1178	650
1179	633
1180	637
1181	688
1182	722
1183	699
1184	727
1185	768
1186	672
1187	727
1188	753
1189	748
1190	764
1191	766
1192	841
1193	833
1194	829
1195	805
1196	857
1197	846
1198	828
1199	834
1200	841
1201	888
1202	947
1203	968
1204	954
1205	938
1206	972
1207	954
1208	1024
1209	1023
1210	952
1211	1019
1212	1013
1213	973
1214	1032
1215	1018
1216	1043
1217	1032
1218	1089
1219	1057
1220	1105
1221	1054
1222	1087
1223	1051
1224	1016
1225	1097
1226	1103
1227	1107
1228	1108
1229	1117
1230	1143
1231	1122
1232	1158
1233	1105
1234	1132
1235	1074
1236	1102
1237	1059
1238	1095
1239	1119
1240	1036
1241	1153
1242	1047
1243	1039
1244	1068
1245	1061
1246	1067
1247	1089
1248	1132
1249	1042
1250	1062
1251	1026
1252	1068
1253	980
1254	1071
1255	1042
1256	1018
1257	986
1258	955
1259	998
1260	1055
1261	933
1262	939
1263	967
1264	944
1265	936
1266	901
1267	912
1268	836
1269	908
1270	857
1271	835
1272	883
1273	832
1274	857
1275	819
1276	800
1277	771
1278	799
1279	732
1280	735
1281	810
1282	713
1283	721
1284	671
1285	726
1286	664
1287	673
1288	608
1289	663
1290	627
1291	549
1292	619
1293	580
1294	627
1295	594
1296	506
1297	508
1298	550
1299	519
1300	465
1301	499
1302	510
1303	507
1304	455
1305	443
1306	430
1307	442
1308	424
1309	425
1310	398
1311	382
1312	379
1313	387
1314	318
1315	329
1316	374
1317	348
1318	348
1319	309
1320	304
1321	305
1322	288
1323	261
1324	279
1325	238
1326	257
1327	252
1328	230
1329	243
1330	231
1331	220
1332	195
1333	249
1334	205
1335	219
1336	189
1337	200
1338	230
1339	225
1340	183
1341	194
1342	182
1343	184
1344	201
1345	190
1346	166
1347	174
1348	163
1349	163
1350	174
1351	145
1352	155
1353	153
1354	140
1355	131
1356	148
1357	133
1358	137
1359	137
1360	132
1361	138
1362	135
1363	113
1364	101
1365	103
1366	102
1367	130
1368	102
1369	118
1370	116
1371	92
1372	116
1373	111
1374	108
1375	108
1376	120
1377	115
1378	128
1379	96
1380	104
1381	112
1382	91
1383	100
1384	116
1385	87
1386	105
1387	104
1388	64
1389	110
1390	92
1391	85
1392	82
1393	80
1394	88
1395	99
1396	92
1397	105
1398	96
1399	109
1400	82
1401	73
1402	84
1403	92
1404	86
1405	89
1406	90
1407	90
1408	114
1409	91
1410	103
1411	95
1412	102
1413	91
1414	95
1415	100
1416	78
1417	84
1418	89
1419	70
1420	74
1421	99
1422	109
1423	110
1424	86
1425	90
1426	105
1427	106
1428	103
1429	99
1430	83
1431	86
1432	97
1433	91
1434	87
1435	83
1436	115
1437	100
1438	102
1439	99
1440	84
1441	98
1442	92
1443	98
1444	94
1445	84
1446	91
1447	79
1448	91
1449	86
1450	101
1451	100
1452	93
1453	87
1454	92
1455	120
1456	82
1457	94
1458	97
1459	104
1460	80
1461	82
1462	86
1463	94
1464	105
1465	98
1466	96
1467	101
1468	101
1469	89
1470	86
1471	95
1472	90
1473	91
1474	113
1475	102
1476	82
1477	110
1478	85
1479	89
1480	113
1481	105
1482	94
1483	89
1484	105
1485	96
1486	106
1487	86
1488	86
1489	104
1490	104
1491	95
1492	81
1493	111
1494	105
1495	98
1496	102
1497	103
1498	93
1499	95
1500	109
1501	106
1502	105
1503	86
1504	91
1505	111
1506	95
1507	91
1508	112
1509	104
1510	89
1511	120
1512	105
1513	116
1514	108
1515	102
1516	93
1517	111
1518	96
1519	94
1520	100
1521	103
1522	104
1523	123
1524	107
1525	101
1526	105
1527	84
1528	101
1529	101
1530	104
1531	99
1532	93
1533	131
1534	112
1535	99
1536	126
1537	86
1538	109
1539	96
1540	113
1541	121
1542	108
1543	128
1544	102
1545	110
1546	102
1547	110
1548	110
1549	81
1550	109
1551	118
1552	95
1553	107
1554	117
1555	109
1556	104
1557	107
1558	103
1559	118
1560	113
1561	108
1562	100
1563	100
1564	98
1565	106
1566	97
1567	113
1568	112
1569	132
1570	129
1571	109
1572	99
1573	116
1574	114
1575	102
1576	119
1577	112
1578	108
1579	117
1580	122
1581	123
1582	104
1583	122
1584	132
1585	120
1586	134
1587	118
1588	124
1589	115
1590	114
1591	136
1592	120
1593	140
1594	130
1595	126
1596	108
1597	141
1598	138
1599	121
1600	123
1601	120
1602	150
1603	133
1604	116
1605	136
1606	137
1607	124
1608	115
1609	136
1610	123
1611	122
1612	130
1613	117
1614	127
1615	140
1616	141
1617	139
1618	141
1619	129
1620	143
1621	124
1622	140
1623	138
1624	144
1625	144
1626	146
1627	157
1628	150
1629	144
1630	184
1631	140
1632	138
1633	144
1634	152
1635	151
1636	157
1637	170
1638	142
1639	146
1640	137
1641	146
1642	186
1643	142
1644	167
1645	150
1646	144
1647	154
1648	181
1649	167
1650	153
1651	141
1652	158
1653	157
1654	169
1655	158
1656	152
1657	138
1658	184
1659	169
1660	174
1661	155
1662	162
1663	172
1664	179
1665	169
1666	165
1667	172
1668	179
1669	178
1670	189
1671	161
1672	190
1673	188
1674	153
1675	203
1676	199
1677	182
1678	195
1679	188
1680	191
1681	153
1682	205
1683	179
1684	195
1685	206
1686	188
1687	192
1688	211
1689	187
1690	193
1691	196
1692	177
1693	210
1694	212
1695	187
1696	188
1697	202
1698	209
1699	194
1700	173
1701	214
1702	220
1703	217
1704	211
1705	210
1706	217
1707	203
1708	227
1709	194
1710	200
1711	197
1712	217
1713	236
1714	203
1715	223
1716	238
1717	213
1718	226
1719	206
1720	211
1721	236
1722	218
1723	214
1724	215
1725	237
1726	203
1727	208
1728	219
1729	229
1730	246
1731	213
1732	248
1733	216
1734	226
1735	238
1736	195
1737	241
1738	190
1739	212
1740	238
1741	222
1742	231
1743	209
1744	201
1745	216
1746	207
1747	193
1748	227
1749	213
1750	222
1751	212
1752	219
1753	244
1754	225
1755	228
1756	204
1757	202
1758	228
1759	234
1760	195
1761	210
1762	212
1763	204
1764	201
1765	206
1766	185
1767	211
1768	205
1769	192
1770	201
1771	237
1772	234
1773	210
1774	204
1775	198
1776	217
1777	205
1778	203
1779	185
1780	200
1781	200
1782	204
1783	191
1784	187
1785	194
1786	188
1787	205
1788	186
1789	207
1790	170
1791	192
1792	203
1793	188
1794	178
1795	174
1796	168
1797	201
1798	169
1799	178
1800	203
1801	182
1802	181
1803	195
1804	183
1805	184
1806	179
1807	162
1808	181
1809	159
1810	154
1811	173
1812	161
1813	194
1814	171
1815	160
1816	177
1817	143
1818	156
1819	143
1820	162
1821	147
1822	157
1823	143
1824	169
1825	146
1826	134
1827	142
1828	148
1829	161
1830	123
1831	170
1832	164
1833	152
1834	145
1835	142
1836	136
1837	124
1838	146
1839	146
1840	121
1841	123
1842	129
1843	144
1844	136
1845	133
1846	142
1847	159
1848	139
1849	113
1850	131
1851	135
1852	138
1853	129
1854	133
1855	121
1856	133
1857	103
1858	133
1859	120
1860	124
1861	128
1862	118
1863	123
1864	104
1865	124
1866	106
1867	115
1868	120
1869	129
1870	116
1871	113
1872	97
1873	122
1874	109
1875	124
1876	123
1877	112
1878	125
1879	109
1880	115
1881	115
1882	115
1883	128
1884	110
1885	102
1886	98
1887	123
1888	128
1889	118
1890	107
1891	104
1892	105
1893	111
1894	92
1895	105
1896	113
1897	104
1898	103
1899	101
1900	102
1901	97
1902	103
1903	113
1904	102
1905	111
1906	107
1907	114
1908	90
1909	102
1910	97
1911	98
1912	105
1913	92
1914	95
1915	107
1916	105
1917	95
1918	94
1919	105
1920	115
1921	93
1922	97
1923	98
1924	99
1925	96
1926	111
1927	113
1928	101
1929	111
1930	97
1931	101
1932	103
1933	83
1934	122
1935	107
1936	100
1937	95
1938	109
1939	113
1940	119
1941	131
1942	111
1943	95
1944	107
1945	108
1946	114
1947	102
1948	85
1949	104
1950	107
1951	99
1952	107
1953	103
1954	80
1955	110
1956	100
1957	97
1958	98
1959	101
1960	114
1961	103
1962	110
1963	114
1964	123
1965	105
1966	99
1967	113
1968	106
1969	102
1970	105
1971	105
1972	107
1973	109
1974	109
1975	103
1976	111
1977	118
1978	120
1979	108
1980	99
1981	100
1982	101
1983	121
1984	101
1985	119
1986	95
1987	107
1988	109
1989	108
1990	112
1991	119
1992	106
1993	122
1994	117
1995	116
1996	94
1997	119
1998	104
1999	113
2000	107
2001	89
2002	105
2003	113
2004	122
2005	112
2006	120
2007	111
2008	105
2009	96
2010	111
2011	125
2012	110
2013	141
2014	116
2015	113
2016	104
2017	118
2018	129
2019	104
2020	124
2021	105
2022	98
2023	109
2024	104
2025	109
2026	136
2027	120
2028	116
2029	114
2030	116
2031	108
2032	106
2033	121
2034	113
2035	134
2036	117
2037	118
2038	129
2039	124
2040	100
2041	120
2042	125
2043	109
2044	115
2045	118
2046	103
2047	104
2048	126
2049	104
2050	129
2051	112
2052	106
2053	120
2054	128
2055	118
2056	110
2057	135
2058	122
2059	114
2060	119
2061	105
2062	120
2063	120
2064	118
2065	114
2066	119
2067	113
2068	125
2069	115
2070	126
2071	118
2072	127
2073	115
2074	130
2075	120
2076	119
2077	113
2078	128
2079	141
2080	127
2081	132
2082	119
2083	93
2084	128
2085	120
2086	127
2087	126
2088	150
2089	126
2090	137
2091	114
2092	125
2093	121
2094	137
2095	124
2096	136
2097	145
2098	131
2099	125
2100	114
2101	117
2102	119
2103	126
2104	142
2105	159
2106	136
2107	127
2108	119
2109	134
2110	148
2111	113
2112	145
2113	144
2114	122
2115	166
2116	134
2117	156
2118	120
2119	131
2120	121
2121	131
2122	131
2123	129
2124	135
2125	145
2126	143
2127	128
2128	159
2129	116
2130	146
2131	129
2132	146
2133	146
2134	143
2135	139
2136	149
2137	119
2138	143
2139	116
2140	118
2141	126
2142	140
2143	155
2144	158
2145	139
2146	146
2147	136
2148	155
2149	137
2150	129
2151	139
2152	125
2153	140
2154	152
2155	149
2156	141
2157	135
2158	134
2159	159
2160	142
2161	132
2162	164
2163	151
2164	144
2165	122
2166	162
2167	123
2168	125
2169	119
2170	136
2171	147
2172	144
2173	125
2174	153
2175	142
2176	126
2177	145
2178	146
2179	147
2180	166
2181	149
2182	147
2183	136
2184	139
2185	132
2186	151
2187	149
2188	130
2189	145
2190	159
2191	148
2192	123
2193	156
2194	143
2195	144
2196	146
2197	169
2198	153
2199	154
2200	147
2201	140
2202	151
2203	129
2204	151
2205	178
2206	161
2207	148
2208	154
2209	128
2210	187
2211	168
2212	169
2213	158
2214	144
2215	146
2216	155
2217	142
2218	136
2219	141
2220	138
2221	175
2222	149
2223	149
2224	162
2225	196
2226	135
2227	136
2228	179
2229	143
2230	148
2231	167
2232	174
2233	156
2234	152
2235	159
2236	160
2237	153
2238	174
2239	166
2240	178
2241	150
2242	173
2243	160
2244	164
2245	132
2246	163
2247	160
2248	167
2249	172
2250	158
2251	171
2252	161
2253	136
2254	169
2255	168
2256	138
2257	146
2258	189
2259	173
2260	175
2261	160
2262	161
2263	173
2264	157
2265	162
2266	149
2267	158
2268	153
2269	159
2270	144
2271	156
2272	165
2273	178
2274	180
2275	176
2276	159
2277	146
2278	135
2279	172
2280	162
2281	161
2282	161
2283	156
2284	164
2285	170
2286	156
2287	154
2288	158
2289	154
2290	181
2291	178
2292	171
2293	163
2294	161
2295	167
2296	176
2297	153
2298	160
2299	159
2300	146
2301	149
2302	189
2303	183
2304	183
2305	164
2306	164
2307	169
2308	163
2309	143
2310	174
2311	169
2312	178
2313	160
2314	168
2315	140
2316	166
2317	148
2318	155
2319	175
2320	171
2321	177
2322	133
2323	176
2324	166
2325	162
2326	176
2327	159
2328	160
2329	173
2330	169
2331	166
2332	179
2333	182
2334	189
2335	164
2336	149
2337	138
2338	145
2339	181
2340	172
2341	176
2342	175
2343	185
2344	147
2345	171
2346	155
2347	175
2348	170
2349	176
2350	160
2351	163
2352	151
2353	153
2354	173
2355	154
2356	143
2357	167
2358	145
2359	176
2360	181
2361	163
2362	147
2363	159
2364	180
2365	154
2366	140
2367	141
2368	163
2369	166
2370	192
2371	155
2372	165
2373	141
2374	177
2375	152
2376	161
2377	150
2378	174
2379	183
2380	158
2381	175
2382	172
2383	153
2384	173
2385	164
2386	174
2387	188
2388	150
2389	167
2390	152
2391	170
2392	177
2393	159
2394	166
2395	171
2396	170
2397	185
2398	159
2399	154
2400	168
2401	131
2402	151
2403	170
2404	145
2405	155
2406	149
2407	165
2408	157
2409	154
2410	150
2411	151
2412	164
2413	166
2414	173
2415	153
2416	138
2417	157
2418	123
2419	158
2420	166
2421	150
2422	163
2423	151
2424	149
2425	161
2426	141
2427	160
2428	147
2429	150
2430	158
2431	160
2432	147
2433	141
2434	172
2435	168
2436	165
2437	147
2438	160
2439	148
2440	152
2441	154
2442	136
2443	173
2444	159
2445	158
2446	152
2447	153
2448	143
2449	152
2450	143
2451	142
2452	147
2453	142
2454	155
2455	135
2456	170
2457	172
2458	142
2459	133
2460	155
2461	150
2462	141
2463	152
2464	136
2465	133
2466	142
2467	146
2468	151
2469	135
2470	151
2471	161
2472	127
2473	164
2474	135
2475	148
2476	152
2477	137
2478	149
2479	121
2480	130
2481	137
2482	131
2483	145
2484	137
2485	144
2486	143
2487	125
2488	150
2489	127
2490	126
2491	159
2492	158
2493	145
2494	139
2495	126
2496	147
2497	144
2498	138
2499	124
2500	130
2501	140
2502	130
2503	127
2504	129
2505	131
2506	140
2507	147
2508	135
2509	139
2510	132
2511	121
2512	123
2513	122
2514	142
2515	119
2516	128
2517	144
2518	128
2519	129
2520	135
2521	143
2522	132
2523	134
2524	136
2525	126
2526	128
2527	139
2528	143
2529	139
2530	133
2531	135
2532	134
2533	129
2534	116
2535	119
2536	134
2537	132
2538	129
2539	145
2540	132
2541	137
2542	131
2543	120
2544	117
2545	124
2546	119
2547	142
2548	122
2549	158
2550	129
2551	135
2552	138
2553	130
2554	130
2555	124
2556	118
2557	119
2558	123
2559	137
2560	130
2561	119
2562	131
2563	128
2564	121
2565	123
2566	120
2567	129
2568	125
2569	145
2570	93
2571	126
2572	119
2573	119
2574	133
2575	128
2576	117
2577	125
2578	129
2579	117
2580	115
2581	130
2582	103
2583	110
2584	117
2585	128
2586	116
2587	128
2588	109
2589	124
2590	115
2591	127
2592	106
2593	120
2594	113
2595	100
2596	133
2597	118
2598	124
2599	123
2600	121
2601	125
2602	132
2603	89
2604	130
2605	105
2606	104
2607	125
2608	117
2609	107
2610	138
2611	116
2612	134
2613	121
2614	122
2615	145
2616	110
2617	111
2618	111
2619	108
2620	101
2621	134
2622	107
2623	133
2624	113
2625	124
2626	93
2627	112
2628	129
2629	124
2630	111
2631	119
2632	102
2633	123
2634	119
2635	105
2636	101
2637	119
2638	115
2639	143
2640	131
2641	115
2642	123
2643	109
2644	116
2645	98
2646	122
2647	121
2648	107
2649	117
2650	119
2651	126
2652	112
2653	109
2654	116
2655	112
2656	119
2657	102
2658	117
2659	109
2660	120
2661	117
2662	116
2663	108
2664	125
2665	122
2666	120
2667	123
2668	127
2669	122
2670	109
2671	123
2672	100
2673	113
2674	82
2675	107
2676	96
2677	111
2678	97
2679	118
2680	125
2681	123
2682	95
2683	108
2684	100
2685	102
2686	128
2687	120
2688	107
2689	103
2690	119
2691	115
2692	103
2693	117
2694	111
2695	114
2696	100
2697	94
2698	103
2699	110
2700	109
2701	116
2702	89
2703	104
2704	113
2705	113
2706	90
2707	116
2708	119
2709	109
2710	101
2711	110
2712	85
2713	96
2714	107
2715	119
2716	92
2717	97
2718	103
2719	104
2720	105
2721	105
2722	86
2723	94
2724	109
2725	106
2726	122
2727	99
2728	93
2729	102
2730	113
2731	116
2732	110
2733	101
2734	111
2735	126
2736	114
2737	119
2738	102
2739	87
2740	111
2741	115
2742	97
2743	132
2744	98
2745	113
2746	118
2747	107
2748	84
2749	104
2750	105
2751	99
2752	81
2753	104
2754	97
2755	108
2756	94
2757	104
2758	96
2759	101
2760	105
2761	105
2762	106
2763	113
2764	115
2765	91
2766	99
2767	93
2768	88
2769	91
2770	104
2771	83
2772	107
2773	107
2774	101
2775	101
2776	99
2777	103
2778	91
2779	102
2780	109
2781	99
2782	85
2783	95
2784	85
2785	95
2786	100
2787	96
2788	87
2789	108
2790	91
2791	106
2792	87
2793	104
2794	97
2795	96
2796	116
2797	112
2798	112
2799	116
2800	115
2801	109
2802	100
2803	96
2804	121
2805	112
2806	112
2807	114
2808	95
2809	88
2810	82
2811	92
2812	121
2813	93
2814	91
2815	98
2816	77
2817	100
2818	105
2819	111
2820	90
2821	117
2822	100
2823	99
2824	102
2825	108
2826	108
2827	119
2828	103
2829	87
2830	92
2831	103
2832	97
2833	88
2834	84
2835	81
2836	120
2837	94
2838	96
2839	104
2840	96
2841	120
2842	106
2843	97
2844	105
2845	93
2846	85
2847	78
2848	108
2849	85
2850	89
2851	97
2852	97
2853	130
2854	110
2855	108
2856	108
2857	101
2858	74
2859	106
2860	86
2861	95
2862	76
2863	96
2864	100
2865	105
2866	114
2867	94
2868	78
2869	100
2870	74
2871	96
2872	96
2873	77
2874	88
2875	85
2876	84
2877	94
2878	102
2879	94
2880	98
2881	81
2882	88
2883	84
2884	84
2885	86
2886	81
2887	100
2888	79
2889	86
2890	94
2891	76
2892	77
2893	96
2894	89
2895	83
2896	89
2897	86
2898	81
2899	87
2900	116
2901	104
2902	81
2903	81
2904	84
2905	96
2906	71
2907	68
2908	87
2909	75
2910	79
2911	85
2912	84
2913	111
2914	84
2915	94
2916	84
2917	90
2918	109
2919	86
2920	86
2921	83
2922	76
2923	85
2924	91
2925	87
2926	88
2927	96
2928	81
2929	83
2930	89
2931	86
2932	90
2933	94
2934	102
2935	96
2936	88
2937	79
2938	84
2939	84
2940	98
2941	77
2942	99
2943	88
2944	86
2945	84
2946	104
2947	70
2948	77
2949	92
2950	94
2951	83
2952	79
2953	77
2954	80
2955	89
2956	86
2957	85
2958	87
2959	70
2960	76
2961	83
2962	97
2963	78
2964	92
2965	82
2966	79
2967	84
2968	78
2969	76
2970	73
2971	99
2972	76
2973	69
2974	74
2975	68
2976	92
2977	89
2978	81
2979	75
2980	81
2981	67
2982	80
2983	76
2984	78
2985	83
2986	77
2987	76
2988	65
2989	69
2990	79
2991	88
2992	77
2993	105
2994	73
2995	80
2996	80
2997	77
2998	81
2999	101
3000	69
3001	87
3002	78
3003	75
3004	85
3005	86
3006	79
3007	76
3008	67
3009	77
3010	73
3011	79
3012	77
3013	86
3014	83
3015	77
3016	84
3017	88
3018	74
3019	75
3020	90
3021	54
3022	77
3023	60
3024	82
3025	83
3026	84
3027	70
3028	78
3029	76
3030	75
3031	58
3032	76
3033	73
3034	92
3035	81
3036	93
3037	65
3038	73
3039	70
3040	58
3041	82
3042	72
3043	73
3044	66
3045	80
3046	73
3047	72
3048	61
3049	83
3050	82
3051	67
3052	82
3053	78
3054	87
3055	70
3056	75
3057	72
3058	79
3059	72
3060	70
3061	76
3062	57
3063	85
3064	57
3065	75
3066	61
3067	46
3068	62
3069	72
3070	79
3071	53
3072	70
3073	70
3074	74
3075	62
3076	67
3077	66
3078	72
3079	79
3080	87
3081	69
3082	70
3083	68
3084	59
3085	72
3086	66
3087	79
3088	62
3089	74
3090	58
3091	75
3092	66
3093	71
3094	70
3095	59
3096	92
3097	67
3098	65
3099	72
3100	58
3101	65
3102	74
3103	71
3104	60
3105	74
3106	74
3107	76
3108	61
3109	67
3110	70
3111	67
3112	60
3113	64
3114	78
3115	75
3116	91
3117	63
3118	64
3119	84
3120	73
3121	57
3122	58
3123	69
3124	58
3125	78
3126	76
3127	78
3128	79
3129	80
3130	73
3131	73
3132	64
3133	69
3134	69
3135	74
3136	70
3137	74
3138	56
3139	52
3140	55
3141	68
3142	66
3143	64
3144	63
3145	84
3146	83
3147	77
3148	66
3149	68
3150	75
3151	63
3152	60
3153	78
3154	77
3155	66
3156	64
3157	69
3158	74
3159	58
3160	72
3161	69
3162	59
3163	72
3164	62
3165	73
3166	64
3167	57
3168	69
3169	50
3170	72
3171	57
3172	65
3173	67
3174	74
3175	59
3176	73
3177	75
3178	66
3179	64
3180	66
3181	64
3182	75
3183	61
3184	70
3185	75
3186	61
3187	67
3188	64
3189	53
3190	56
3191	84
3192	60
3193	65
3194	59
3195	76
3196	64
3197	63
3198	88
3199	60
3200	51
3201	63
3202	80
3203	64
3204	72
3205	53
3206	71
3207	72
3208	53
3209	57
3210	86
3211	74
3212	69
3213	65
3214	65
3215	70
3216	79
3217	71
3218	82
3219	79
3220	63
3221	58
3222	62
3223	66
3224	63
3225	80
3226	69
3227	54
3228	73
3229	72
3230	59
3231	82
3232	76
3233	69
3234	70
3235	55
3236	54
3237	64
3238	81
3239	60
3240	72
3241	65
3242	54
3243	67
3244	52
3245	76
3246	55
3247	56
3248	69
3249	60
3250	81
3251	61
3252	64
3253	70
3254	62
3255	69
3256	59
3257	58
3258	71
3259	56
3260	75
3261	62
3262	63
3263	44
3264	72
3265	63
3266	72
3267	62
3268	68
3269	69
3270	66
3271	65
3272	60
3273	63
3274	73
3275	59
3276	82
3277	69
3278	60
3279	65
3280	61
3281	63
3282	67
3283	54
3284	57
3285	80
3286	68
3287	63
3288	58
3289	70
3290	67
3291	54
3292	63
3293	63
3294	70
3295	68
3296	51
3297	55
3298	80
3299	59
3300	63
3301	69
3302	59
3303	57
3304	66
3305	63
3306	68
3307	56
3308	68
3309	62
3310	48
3311	65
3312	51
3313	54
3314	54
3315	65
3316	54
3317	52
3318	60
3319	68
3320	57
3321	75
3322	71
3323	61
3324	62
3325	81
3326	60
3327	70
3328	54
3329	75
3330	61
3331	67
3332	73
3333	56
3334	59
3335	72
3336	79
3337	68
3338	58
3339	56
3340	63
3341	70
3342	66
3343	82
3344	54
3345	48
3346	57
3347	73
3348	63
3349	78
3350	40
3351	59
3352	52
3353	74
3354	72
3355	83
3356	72
3357	53
3358	57
3359	64
3360	59
3361	67
3362	63
3363	56
3364	74
3365	81
3366	63
3367	64
3368	54
3369	56
3370	52
3371	61
3372	54
3373	59
3374	75
3375	66
3376	63
3377	51
3378	54
3379	53
3380	58
3381	60
3382	61
3383	59
3384	55
3385	56
3386	60
3387	57
3388	59
3389	52
3390	49
3391	59
3392	57
3393	68
3394	60
3395	67
3396	58
3397	79
3398	61
3399	61
3400	55
3401	42
3402	52
3403	57
3404	55
3405	58
3406	59
3407	50
3408	57
3409	59
3410	45
3411	52
3412	56
3413	56
3414	67
3415	57
3416	62
3417	61
3418	52
3419	68
3420	60
3421	53
3422	51
3423	62
3424	60
3425	64
3426	56
3427	44
3428	53
3429	64
3430	60
3431	58
3432	47
3433	59
3434	50
3435	43
3436	51
3437	63
3438	56
3439	47
3440	49
3441	45
3442	55
3443	67
3444	73
3445	67
3446	49
3447	52
3448	56
3449	43
3450	45
3451	51
3452	61
3453	84
3454	58
3455	53
3456	58
3457	68
3458	36
3459	64
3460	66
3461	47
3462	48
3463	75
3464	62
3465	64
3466	57
3467	49
3468	44
3469	54
3470	43
3471	37
3472	55
3473	57
3474	50
3475	46
3476	51
3477	61
3478	49
3479	53
3480	66
3481	61
3482	57
3483	56
3484	55
3485	52
3486	58
3487	55
3488	53
3489	51
3490	42
3491	40
3492	51
3493	55
3494	52
3495	64
3496	44
3497	61
3498	49
3499	39
3500	48
3501	53
3502	45
3503	58
3504	46
3505	46
3506	55
3507	54
3508	51
3509	62
3510	42
3511	52
3512	51
3513	51
3514	43
3515	49
3516	54
3517	42
3518	39
3519	45
3520	49
3521	49
3522	57
3523	47
3524	60
3525	50
3526	61
3527	66
3528	57
3529	48
3530	43
3531	59
3532	53
3533	53
3534	39
3535	49
3536	50
3537	50
3538	50
3539	64
3540	50
3541	58
3542	56
3543	50
3544	51
3545	58
3546	52
3547	48
3548	63
3549	65
3550	49
3551	53
3552	43
3553	55
3554	54
3555	57
3556	54
3557	49
3558	50
3559	58
3560	55
3561	66
3562	49
3563	55
3564	53
3565	48
3566	37
3567	52
3568	50
3569	44
3570	46
3571	40
3572	52
3573	45
3574	47
3575	45
3576	57
3577	44
3578	52
3579	32
3580	47
3581	45
3582	48
3583	55
3584	47
3585	45
3586	47
3587	53
3588	35
3589	51
3590	52
3591	52
3592	45
3593	38
3594	46
3595	63
3596	46
3597	46
3598	51
3599	62
3600	44
3601	60
3602	38
3603	50
3604	39
3605	59
3606	49
3607	45
3608	49
3609	53
3610	44
3611	57
3612	42
3613	41
3614	34
3615	49
3616	40
3617	48
3618	49
3619	56
3620	47
3621	47
3622	48
3623	53
3624	50
3625	53
3626	32
3627	43
3628	39
3629	50
3630	49
3631	41
3632	49
3633	53
3634	43
3635	41
3636	46
3637	51
3638	43
3639	52
3640	49
3641	50
3642	49
3643	42
3644	54
3645	53
3646	43
3647	49
3648	40
3649	42
3650	42
3651	33
3652	61
3653	47
3654	52
3655	39
3656	46
3657	45
3658	40
3659	44
3660	41
3661	46
3662	48
3663	48
3664	58
3665	42
3666	52
3667	52
3668	47
3669	49
3670	56
3671	40
3672	39
3673	54
3674	53
3675	48
3676	41
3677	37
3678	48
3679	48
3680	48
3681	47
3682	51
3683	45
3684	43
3685	46
3686	54
3687	58
3688	53
3689	48
3690	43
3691	37
3692	42
3693	49
3694	70
3695	46
3696	43
3697	49
3698	52
3699	49
3700	43
3701	45
3702	40
3703	46
3704	57
3705	46
3706	40
3707	54
3708	63
3709	43
3710	56
3711	52
3712	48
3713	54
3714	55
3715	43
3716	51
3717	47
3718	50
3719	49
3720	49
3721	44
3722	48
3723	53
3724	49
3725	45
3726	52
3727	35
3728	47
3729	39
3730	48
3731	48
3732	55
3733	48
3734	45
3735	50
3736	40
3737	52
3738	48
3739	41
3740	48
3741	47
3742	61
3743	42
3744	42
3745	56
3746	55
3747	45
3748	42
3749	53
3750	56
3751	50
3752	45
3753	50
3754	58
3755	55
3756	47
3757	47
3758	61
3759	53
3760	58
3761	37
3762	41
3763	59
3764	54
3765	49
3766	58
3767	72
3768	48
3769	52
3770	63
3771	55
3772	57
3773	40
3774	53
3775	47
3776	50
3777	53
3778	53
3779	57
3780	51
3781	63
3782	42
3783	41
3784	46
3785	68
3786	50
3787	46
3788	66
3789	49
3790	65
3791	60
3792	56
3793	59
3794	62
3795	55
3796	62
3797	52
3798	44
3799	61
3800	55
3801	73
3802	55
3803	59
3804	49
3805	51
3806	50
3807	74
3808	37
3809	50
3810	53
3811	52
3812	57
3813	56
3814	61
3815	67
3816	63
3817	56
3818	60
3819	66
3820	48
3821	50
3822	73
3823	58
3824	55
3825	56
3826	63
3827	65
3828	58
3829	77
3830	66
3831	58
3832	64
3833	66
3834	74
3835	59
3836	62
3837	61
3838	62
3839	66
3840	72
3841	70
3842	69
3843	59
3844	63
3845	57
3846	70
3847	73
3848	65
3849	70
3850	62
3851	56
3852	78
3853	72
3854	66
3855	67
3856	77
3857	57
3858	76
3859	71
3860	66
3861	68
3862	66
3863	68
3864	61
3865	71
3866	73
3867	68
3868	83
3869	74
3870	75
3871	77
3872	71
3873	86
3874	84
3875	74
3876	59
3877	62
3878	75
3879	93
3880	93
3881	88
3882	75
3883	81
3884	74
3885	60
3886	80
3887	75
3888	94
3889	92
3890	80
3891	65
3892	65
3893	84
3894	94
3895	81
3896	74
3897	61
3898	88
3899	83
3900	90
3901	85
3902	81
3903	76
3904	75
3905	79
3906	93
3907	86
3908	67
3909	98
3910	97
3911	88
3912	99
3913	96
3914	82
3915	76
3916	73
3917	84
3918	109
3919	82
3920	83
3921	92
3922	102
3923	100
3924	99
3925	98
3926	110
3927	70
3928	103
3929	97
3930	81
3931	82
3932	114
3933	97
3934	102
3935	79
3936	110
3937	90
3938	93
3939	111
3940	109
3941	95
3942	79
3943	79
3944	108
3945	101
3946	97
3947	112
3948	94
3949	98
3950	110
3951	96
3952	106
3953	105
3954	92
3955	88
3956	111
3957	110
3958	95
3959	97
3960	103
3961	91
3962	89
3963	96
3964	91
3965	102
3966	109
3967	111
3968	114
3969	95
3970	105
3971	109
3972	120
3973	110
3974	95
3975	103
3976	120
3977	112
3978	111
3979	101
3980	95
3981	103
3982	86
3983	93
3984	126
3985	114
3986	112
3987	125
3988	98
3989	109
3990	108
3991	109
3992	103
3993	116
3994	95
3995	95
3996	121
3997	127
3998	119
3999	84
4000	122
4001	111
4002	113
4003	114
4004	122
4005	107
4006	115
4007	107
4008	103
4009	113
4010	119
4011	129
4012	114
4013	118
4014	112
4015	135
4016	99
4017	105
4018	115
4019	118
4020	117
4021	135
4022	110
4023	112
4024	102
4025	107
4026	118
4027	108
4028	133
4029	130
4030	110
4031	101
4032	108
4033	124
4034	113
4035	102
4036	117
4037	117
4038	124
4039	134
4040	110
4041	115
4042	123
4043	126
4044	118
4045	94
4046	129
4047	118
4048	110
4049	105
4050	130
4051	113
4052	129
4053	115
4054	98
4055	97
4056	131
4057	112
4058	115
4059	115
4060	150
4061	110
4062	122
4063	113
4064	98
4065	105
4066	129
4067	99
4068	128
4069	114
4070	127
4071	109
4072	134
4073	117
4074	134
4075	103
4076	135
4077	127
4078	134
4079	138
4080	140
4081	122
4082	114
4083	120
4084	116
4085	151
4086	129
4087	136
4088	111
4089	132
4090	133
4091	128
4092	127
4093	120
4094	129
4095	139
4096	124
4097	119
4098	112
4099	130
4100	125
4101	122
4102	131
4103	129
4104	115
4105	110
4106	112
4107	129
4108	110
4109	134
4110	151
4111	125
4112	132
4113	115
4114	141
4115	126
4116	135
4117	152
4118	116
4119	124
4120	115
4121	136
4122	120
4123	122
4124	114
4125	119
4126	122
4127	122
4128	117
4129	132
4130	106
4131	138
4132	145
4133	129
4134	121
4135	158
4136	141
4137	144
4138	113
4139	134
4140	147
4141	120
4142	103
4143	123
4144	133
4145	131
4146	130
4147	128
4148	154
4149	143
4150	129
4151	119
4152	107
4153	137
4154	157
4155	128
4156	135
4157	125
4158	122
4159	137
4160	156
4161	137
4162	113
4163	132
4164	130
4165	137
4166	119
4167	130
4168	136
4169	133
4170	141
4171	137
4172	144
4173	136
4174	136
4175	139
4176	162
4177	142
4178	132
4179	135
4180	130
4181	115
4182	127
4183	124
4184	118
4185	130
4186	136
4187	137
4188	130
4189	110
4190	128
4191	158
4192	130
4193	135
4194	126
4195	139
4196	129
4197	145
4198	147
4199	172
4200	128
4201	132
4202	160
4203	151
4204	146
4205	141
4206	138
4207	125
4208	144
4209	137
4210	162
4211	132
4212	158
4213	147
4214	156
4215	171
4216	144
4217	153
4218	171
4219	137
4220	126
4221	130
4222	141
4223	141
4224	164
4225	143
4226	166
4227	132
4228	143
4229	156
4230	142
4231	154
4232	169
4233	183
4234	134
4235	166
4236	138
4237	151
4238	144
4239	155
4240	143
4241	152
4242	133
4243	153
4244	136
4245	157
4246	168
4247	145
4248	142
4249	172
4250	178
4251	178
4252	144
4253	144
4254	169
4255	170
4256	154
4257	175
4258	164
4259	156
4260	146
4261	149
4262	172
4263	161
4264	177
4265	178
4266	155
4267	139
4268	178
4269	166
4270	179
4271	172
4272	170
4273	155
4274	158
4275	162
4276	157
4277	157
4278	134
4279	160
4280	182
4281	159
4282	158
4283	155
4284	185
4285	153
4286	183
4287	175
4288	163
4289	184
4290	189
4291	168
4292	182
4293	186
4294	163
4295	189
4296	172
4297	164
4298	154
4299	189
4300	183
4301	162
4302	174
4303	173
4304	174
4305	205
4306	186
4307	173
4308	177
4309	188
4310	196
4311	181
4312	175
4313	175
4314	183
4315	185
4316	181
4317	196
4318	183
4319	177
4320	164
4321	202
4322	190
4323	210
4324	196
4325	184
4326	216
4327	185
4328	221
4329	150
4330	194
4331	212
4332	201
4333	216
4334	190
4335	206
4336	197
4337	190
4338	214
4339	196
4340	206
4341	214
4342	197
4343	192
4344	208
4345	219
4346	185
4347	208
4348	203
4349	198
4350	219
4351	200
4352	212
4353	207
4354	190
4355	197
4356	226
4357	196
4358	188
4359	214
4360	193
4361	221
4362	203
4363	201
4364	219
4365	229
4366	199
4367	239
4368	203
4369	209
4370	216
4371	222
4372	225
4373	215
4374	209
4375	216
4376	215
4377	221
4378	234
4379	213
4380	231
4381	225
4382	219
4383	228
4384	187
4385	239
4386	204
4387	231
4388	215
4389	203
4390	210
4391	230
4392	223
4393	221
4394	227
4395	220
4396	238
4397	203
4398	228
4399	211
4400	195
4401	225
4402	217
4403	219
4404	220
4405	246
4406	213
4407	204
4408	238
4409	213
4410	216
4411	214
4412	252
4413	224
4414	238
4415	228
4416	261
4417	193
4418	258
4419	217
4420	215
4421	234
4422	256
4423	227
4424	242
4425	227
4426	241
4427	217
4428	232
4429	255
4430	224
4431	252
4432	219
4433	229
4434	224
4435	225
4436	271
4437	225
4438	215
4439	211
4440	208
4441	202
4442	237
4443	209
4444	236
4445	253
4446	223
4447	254
4448	246
4449	236
4450	222
4451	255
4452	229
4453	208
4454	230
4455	223
4456	248
4457	250
4458	239
4459	231
4460	234
4461	263
4462	239
4463	236
4464	237
4465	269
4466	210
4467	216
4468	211
4469	231
4470	252
4471	229
4472	238
4473	215
4474	218
4475	215
4476	206
4477	209
4478	228
4479	226
4480	237
4481	178
4482	231
4483	242
4484	224
4485	232
4486	204
4487	236
4488	239
4489	245
4490	215
4491	207
4492	236
4493	236
4494	244
4495	253
4496	229
4497	260
4498	233
4499	209
4500	244
4501	199
4502	218
4503	196
4504	226
4505	215
4506	207
4507	222
4508	229
4509	212
4510	225
4511	225
4512	225
4513	225
4514	239
4515	215
4516	239
4517	195
4518	220
4519	212
4520	225
4521	205
4522	233
4523	187
4524	233
4525	224
4526	235
4527	221
4528	229
4529	240
4530	198
4531	217
4532	225
4533	221
4534	222
4535	222
4536	229
4537	216
4538	198
4539	215
4540	227
4541	211
4542	195
4543	228
4544	200
4545	206
4546	218
4547	210
4548	211
4549	208
4550	211
4551	209
4552	225
4553	195
4554	215
4555	213
4556	203
4557	210
4558	215
4559	164
4560	211
4561	199
4562	219
4563	197
4564	213
4565	184
4566	204
4567	173
4568	214
4569	199
4570	208
4571	196
4572	194
4573	195
4574	173
4575	188
4576	205
4577	182
4578	198
4579	190
4580	186
4581	217
4582	195
4583	181
4584	187
4585	163
4586	175
4587	180
4588	181
4589	195
4590	167
4591	186
4592	203
4593	187
4594	170
4595	184
4596	176
4597	194
4598	153
4599	167
4600	166
4601	186
4602	207
4603	170
4604	150
4605	184
4606	182
4607	182
4608	167
4609	161
4610	163
4611	178
4612	168
4613	149
4614	172
4615	148
4616	176
4617	157
4618	162
4619	155
4620	152
4621	143
4622	155
4623	191
4624	146
4625	169
4626	156
4627	148
4628	161
4629	162
4630	164
4631	169
4632	151
4633	165
4634	138
4635	160
4636	139
4637	157
4638	153
4639	168
4640	157
4641	152
4642	157
4643	142
4644	147
4645	148
4646	141
4647	121
4648	149
4649	123
4650	150
4651	123
4652	143
4653	138
4654	138
4655	140
4656	143
4657	144
4658	151
4659	141
4660	141
4661	116
4662	137
4663	133
4664	130
4665	125
4666	110
4667	126
4668	126
4669	120
4670	122
4671	116
4672	122
4673	128
4674	112
4675	140
4676	126
4677	117
4678	144
4679	92
4680	109
4681	110
4682	123
4683	119
4684	106
4685	117
4686	105
4687	115
4688	127
4689	110
4690	120
4691	126
4692	120
4693	123
4694	105
4695	122
4696	101
4697	115
4698	103
4699	112
4700	111
4701	109
4702	126
4703	108
4704	103
4705	115
4706	95
4707	103
4708	113
4709	110
4710	92
4711	104
4712	112
4713	103
4714	110
4715	80
4716	103
4717	90
4718	106
4719	113
4720	97
4721	103
4722	105
4723	109
4724	98
4725	105
4726	91
4727	102
4728	105
4729	91
4730	94
4731	100
4732	97
4733	89
4734	131
4735	105
4736	102
4737	97
4738	89
4739	91
4740	99
4741	99
4742	103
4743	94
4744	110
4745	91
4746	95
4747	98
4748	95
4749	84
4750	110
4751	111
4752	87
4753	88
4754	112
4755	99
4756	91
4757	112
4758	87
4759	84
4760	82
4761	93
4762	84
4763	94
4764	97
4765	97
4766	77
4767	92
4768	70
4769	97
4770	101
4771	95
4772	80
4773	98
4774	88
4775	88
4776	91
4777	93
4778	78
4779	95
4780	84
4781	75
4782	97
4783	103
4784	83
4785	93
4786	89
4787	102
4788	95
4789	101
4790	77
4791	110
4792	90
4793	91
4794	89
4795	84
4796	125
4797	109
4798	108
4799	89
4800	99
4801	85
4802	95
4803	102
4804	80
4805	94
4806	105
4807	86
4808	91
4809	108
4810	105
4811	98
4812	81
4813	93
4814	97
4815	82
4816	86
4817	94
4818	92
4819	96
4820	97
4821	98
4822	99
4823	119
4824	111
4825	95
4826	101
4827	114
4828	112
4829	88
4830	101
4831	113
4832	131
4833	97
4834	102
4835	103
4836	107
4837	105
4838	104
4839	107
4840	101
4841	105
4842	133
4843	119
4844	107
4845	111
4846	127
4847	100
4848	102
4849	122
4850	115
4851	115
4852	106
4853	126
4854	125
4855	127
4856	125
4857	100
4858	107
4859	124
4860	126
4861	123
4862	113
4863	110
4864	121
4865	109
4866	94
4867	133
4868	119
4869	133
4870	106
4871	108
4872	124
4873	132
4874	141
4875	120
4876	143
4877	139
4878	133
4879	151
4880	122
4881	134
4882	138
4883	110
4884	149
4885	133
4886	148
4887	136
4888	114
4889	141
4890	137
4891	154
4892	136
4893	135
4894	147
4895	151
4896	154
4897	147
4898	162
4899	161
4900	139
4901	156
4902	151
4903	161
4904	130
4905	162
4906	165
4907	141
4908	169
4909	144
4910	168
4911	175
4912	152
4913	161
4914	163
4915	152
4916	168
4917	168
4918	156
4919	163
4920	174
4921	163
4922	166
4923	174
4924	185
4925	177
4926	178
4927	189
4928	182
4929	198
4930	195
4931	190
4932	179
4933	189
4934	184
4935	222
4936	184
4937	201
4938	189
4939	156
4940	194
4941	217
4942	205
4943	208
4944	197
4945	192
4946	209
4947	216
4948	203
4949	195
4950	230
4951	220
4952	221
4953	231
4954	235
4955	209
4956	191
4957	215
4958	227
4959	225
4960	244
4961	226
4962	203
4963	227
4964	224
4965	248
4966	260
4967	230
4968	231
4969	242
4970	231
4971	234
4972	261
4973	255
4974	204
4975	238
4976	246
4977	252
4978	248
4979	257
4980	261
4981	241
4982	279
4983	265
4984	256
4985	268
4986	261
4987	250
4988	233
4989	261
4990	279
4991	252
4992	279
4993	314
4994	295
4995	255
4996	280
4997	276
4998	279
4999	298
5000	279
5001	279
5002	269
5003	247
5004	326
5005	293
5006	272
5007	313
5008	294
5009	279
5010	253
5011	288
5012	279
5013	289
5014	301
5015	314
5016	340
5017	312
5018	343
5019	303
5020	328
5021	337
5022	311
5023	326
5024	350
5025	336
5026	348
5027	323
5028	340
5029	348
5030	354
5031	305
5032	299
5033	357
5034	327
5035	349
5036	319
5037	371
5038	317
5039	351
5040	372
5041	333
5042	329
5043	365
5044	397
5045	396
5046	353
5047	351
5048	372
5049	378
5050	393
5051	384
5052	388
5053	354
5054	377
5055	358
5056	351
5057	369
5058	383
5059	389
5060	389
5061	400
5062	385
5063	396
5064	373
5065	395
5066	389
5067	402
5068	374
5069	362
5070	405
5071	421
5072	404
5073	419
5074	406
5075	388
5076	424
5077	416
5078	413
5079	406
5080	430
5081	409
5082	407
5083	400
5084	429
5085	436
5086	455
5087	401
5088	444
5089	444
5090	394
5091	449
5092	396
5093	431
5094	487
5095	458
5096	453
5097	412
5098	436
5099	413
5100	421
5101	437
5102	437
5103	434
5104	406
5105	441
5106	501
5107	490
5108	430
5109	483
5110	456
5111	463
5112	472
5113	426
5114	468
5115	453
5116	460
5117	463
5118	440
5119	485
5120	493
5121	499
5122	480
5123	453
5124	452
5125	501
5126	469
5127	474
5128	513
5129	533
5130	446
5131	528
5132	447
5133	471
5134	491
5135	469
5136	488
5137	475
5138	490
5139	489
5140	485
5141	485
5142	523
5143	515
5144	466
5145	463
5146	484
5147	528
5148	544
5149	501
5150	494
5151	479
5152	478
5153	476
5154	518
5155	515
5156	516
5157	529
5158	545
5159	507
5160	520
5161	526
5162	543
5163	531
5164	507
5165	512
5166	522
5167	494
5168	528
5169	525
5170	492
5171	480
5172	528
5173	540
5174	518
5175	516
5176	503
5177	507
5178	496
5179	541
5180	526
5181	509
5182	535
5183	546
5184	573
5185	536
5186	519
5187	515
5188	507
5189	524
5190	516
5191	533
5192	550
5193	546
5194	583
5195	544
5196	545
5197	501
5198	524
5199	566
5200	561
5201	569
5202	534
5203	570
5204	527
5205	527
5206	553
5207	556
5208	515
5209	526
5210	609
5211	535
5212	576
5213	534
5214	570
5215	562
5216	548
5217	562
5218	539
5219	523
5220	521
5221	554
5222	547
5223	560
5224	561
5225	574
5226	519
5227	555
5228	573
5229	548
5230	556
5231	538
5232	587
5233	603
5234	591
5235	565
5236	570
5237	547
5238	568
5239	603
5240	592
5241	565
5242	537
5243	568
5244	564
5245	512
5246	571
5247	626
5248	554
5249	564
5250	558
5251	570
5252	584
5253	546
5254	581
5255	582
5256	533
5257	593
5258	551
5259	546
5260	559
5261	549
5262	544
5263	585
5264	607
5265	524
5266	553
5267	536
5268	585
5269	566
5270	518
5271	499
5272	547
5273	583
5274	546
5275	552
5276	544
5277	546
5278	535
5279	549
5280	526
5281	548
5282	561
5283	546
5284	536
5285	542
5286	525
5287	527
5288	497
5289	508
5290	534
5291	553
5292	527
5293	563
5294	563
5295	545
5296	527
5297	560
5298	532
5299	521
5300	538
5301	528
5302	532
5303	613
5304	538
5305	535
5306	546
5307	561
5308	549
5309	516
5310	536
5311	531
5312	538
5313	497
5314	510
5315	521
5316	533
5317	506
5318	497
5319	522
5320	551
5321	516
5322	506
5323	517
5324	477
5325	510
5326	490
5327	523
5328	506
5329	479
5330	481
5331	530
5332	508
5333	516
5334	518
5335	479
5336	524
5337	467
5338	474
5339	483
5340	476
5341	501
5342	504
5343	534
5344	474
5345	495
5346	483
5347	498
5348	468
5349	475
5350	492
5351	457
5352	485
5353	449
5354	459
5355	511
5356	457
5357	465
5358	470
5359	466
5360	483
5361	482
5362	466
5363	503
5364	439
5365	441
5366	504
5367	481
5368	411
5369	435
5370	402
5371	467
5372	482
5373	469
5374	454
5375	415
5376	414
5377	437
5378	400
5379	469
5380	479
5381	424
5382	449
5383	413
5384	416
5385	441
5386	455
5387	447
5388	416
5389	416
5390	442
5391	423
5392	437
5393	421
5394	379
5395	398
5396	442
5397	409
5398	415
5399	438
5400	388
5401	414
5402	394
5403	392
5404	374
5405	401
5406	407
5407	401
5408	404
5409	391
5410	357
5411	400
5412	379
5413	400
5414	384
5415	372
5416	355
5417	371
5418	355
5419	388
5420	385
5421	382
5422	355
5423	354
5424	374
5425	365
5426	335
5427	370
5428	324
5429	367
5430	367
5431	355
5432	392
5433	366
5434	371
5435	341
5436	349
5437	368
5438	337
5439	358
5440	370
5441	357
5442	362
5443	402
5444	359
5445	340
5446	341
5447	319
5448	344
5449	307
5450	327
5451	343
5452	290
5453	305
5454	310
5455	370
5456	341
5457	330
5458	310
5459	316
5460	311
5461	337
5462	334
5463	298
5464	311
5465	276
5466	314
5467	307
5468	308
5469	330
5470	307
5471	318
5472	294
5473	286
5474	325
5475	301
5476	293
5477	308
5478	297
5479	303
5480	308
5481	303
5482	293
5483	265
5484	292
5485	258
5486	314
5487	287
5488	301
5489	289
5490	291
5491	281
5492	279
5493	265
5494	256
5495	302
5496	273
5497	267
5498	300
5499	247
5500	267
5501	285
5502	265
5503	247
5504	290
5505	239
5506	277
5507	299
5508	274
5509	253
5510	258
5511	248
5512	281
5513	267
5514	266
5515	252
5516	245
5517	272
5518	231
5519	263
5520	276
5521	243
5522	246
5523	249
5524	248
5525	267
5526	255
5527	212
5528	242
5529	260
5530	257
5531	252
5532	246
5533	235
5534	264
5535	232
5536	263
5537	234
5538	246
5539	252
5540	240
5541	238
5542	246
5543	241
5544	215
5545	241
5546	227
5547	204
5548	203
5549	226
5550	208
5551	235
5552	195
5553	223
5554	206
5555	207
5556	227
5557	218
5558	224
5559	221
5560	223
5561	226
5562	233
5563	227
5564	221
5565	203
5566	222
5567	200
5568	192
5569	226
5570	216
5571	211
5572	213
5573	187
5574	208
5575	208
5576	193
5577	218
5578	216
5579	234
5580	217
5581	226
5582	217
5583	230
5584	207
5585	198
5586	204
5587	231
5588	193
5589	209
5590	180
5591	214
5592	205
5593	217
5594	200
5595	204
5596	174
5597	195
5598	201
5599	213
5600	202
5601	201
5602	177
5603	186
5604	215
5605	178
5606	191
5607	190
5608	181
5609	197
5610	181
5611	172
5612	200
5613	188
5614	187
5615	192
5616	186
5617	192
5618	212
5619	195
5620	188
5621	180
5622	198
5623	174
5624	194
5625	183
5626	194
5627	211
5628	166
5629	183
5630	177
5631	188
5632	162
5633	195
5634	179
5635	197
5636	177
5637	160
5638	194
5639	199
5640	173
5641	167
5642	151
5643	190
5644	169
5645	169
5646	170
5647	170
5648	176
5649	169
5650	201
5651	189
5652	166
5653	166
5654	156
5655	174
5656	173
5657	169
5658	195
5659	181
5660	157
5661	182
5662	201
5663	171
5664	171
5665	176
5666	176
5667	180
5668	179
5669	166
5670	179
5671	149
5672	179
5673	173
5674	166
5675	181
5676	181
5677	170
5678	177
5679	158
5680	156
5681	166
5682	162
5683	177
5684	185
5685	162
5686	169
5687	179
5688	185
5689	155
5690	165
5691	202
5692	157
5693	180
5694	176
5695	165
5696	193
5697	160
5698	166
5699	154
5700	174
5701	174
5702	170
5703	171
5704	198
5705	170
5706	180
5707	171
5708	172
5709	162
5710	168
5711	151
5712	150
5713	167
5714	154
5715	178
5716	195
5717	181
5718	154
5719	168
5720	168
5721	174
5722	173
5723	158
5724	165
5725	182
5726	156
5727	162
5728	154
5729	153
5730	167
5731	138
5732	148
5733	148
5734	148
5735	158
5736	135
5737	146
5738	148
5739	153
5740	133
5741	168
5742	155
5743	173
5744	160
5745	171
5746	133
5747	149
5748	161
5749	151
5750	151
5751	156
5752	140
5753	158
5754	159
5755	123
5756	160
5757	179
5758	156
5759	142
5760	136
5761	166
5762	152
5763	158
5764	148
5765	161
5766	172
5767	155
5768	139
5769	148
5770	149
5771	151
5772	166
5773	135
5774	154
5775	140
5776	142
5777	156
5778	165
5779	152
5780	156
5781	154
5782	176
5783	146
5784	146
5785	165
5786	149
5787	136
5788	139
5789	124
5790	146
5791	153
5792	145
5793	136
5794	153
5795	143
5796	178
5797	139
5798	146
5799	130
5800	146
5801	147
5802	125
5803	137
5804	143
5805	152
5806	136
5807	138
5808	114
5809	139
5810	134
5811	135
5812	146
5813	134
5814	134
5815	133
5816	119
5817	122
5818	136
5819	121
5820	145
5821	118
5822	152
5823	142
5824	113
5825	147
5826	119
5827	128
5828	133
5829	139
5830	139
5831	132
5832	115
5833	112
5834	133
5835	123
5836	137
5837	139
5838	125
5839	122
5840	151
5841	123
5842	116
5843	131
5844	114
5845	147
5846	106
5847	113
5848	97
5849	152
5850	120
5851	133
5852	128
5853	136
5854	116
5855	115
5856	118
5857	117
5858	142
5859	126
5860	113
5861	115
5862	122
5863	128
5864	124
5865	110
5866	113
5867	114
5868	143
5869	107
5870	115
5871	131
5872	104
5873	97
5874	137
5875	105
5876	122
5877	130
5878	113
5879	110
5880	106
5881	120
5882	110
5883	122
5884	96
5885	108
5886	101
5887	110
5888	127
5889	108
5890	108
5891	110
5892	103
5893	102
5894	120
5895	108
5896	97
5897	99
5898	111
5899	90
5900	98
5901	98
5902	106
5903	100
5904	97
5905	109
5906	107
5907	104
5908	98
5909	103
5910	104
5911	85
5912	116
5913	112
5914	99
5915	83
5916	107
5917	91
5918	91
5919	101
5920	100
5921	95
5922	97
5923	97
5924	98
5925	70
5926	92
5927	89
5928	84
5929	86
5930	88
5931	81
5932	90
5933	78
5934	77
5935	97
5936	79
5937	83
5938	86
5939	83
5940	73
5941	105
5942	79
5943	111
5944	82
5945	81
5946	83
5947	74
5948	73
5949	79
5950	85
5951	78
5952	97
5953	84
5954	78
5955	82
5956	77
5957	89
5958	55
5959	67
5960	98
5961	64
5962	84
5963	73
5964	88
5965	77
5966	77
5967	63
5968	74
5969	71
5970	56
5971	88
5972	80
5973	75
5974	65
5975	83
5976	76
5977	70
5978	78
5979	67
5980	76
5981	74
5982	71
5983	72
5984	58
5985	75
5986	74
5987	70
5988	70
5989	58
5990	67
5991	64
5992	62
5993	53
5994	72
5995	70
5996	66
5997	68
5998	68
5999	56
6000	62
6001	55
6002	71
6003	72
6004	67
6005	59
6006	70
6007	65
6008	75
6009	65
6010	54
6011	63
6012	69
6013	46
6014	80
6015	57
6016	56
6017	70
6018	57
6019	58
6020	57
6021	85
6022	70
6023	58
6024	50
6025	48
6026	50
6027	64
6028	57
6029	64
6030	61
6031	56
6032	66
6033	51
6034	59
6035	45
6036	60
6037	48
6038	57
6039	45
6040	61
6041	54
6042	54
6043	64
6044	36
6045	61
6046	63
6047	48
6048	48
6049	57
6050	54
6051	53
6052	50
6053	56
6054	56
6055	59
6056	51
6057	41
6058	52
6059	46
6060	55
6061	52
6062	54
6063	59
6064	54
6065	58
6066	47
6067	53
6068	42
6069	50
6070	59
6071	45
6072	54
6073	43
6074	48
6075	41
6076	48
6077	43
6078	39
6079	37
6080	35
6081	51
6082	55
6083	50
6084	34
6085	43
6086	30
6087	41
6088	58
6089	47
6090	46
6091	41
6092	43
6093	43
6094	45
6095	45
6096	29
6097	29
6098	36
6099	36
6100	38
6101	48
6102	39
6103	39
6104	39
6105	47
6106	37
6107	35
6108	41
6109	49
6110	51
6111	45
6112	38
6113	42
6114	52
6115	39
6116	45
6117	37
6118	32
6119	35
6120	39
6121	45
6122	45
6123	41
6124	38
6125	47
6126	38
6127	31
6128	47
6129	49
6130	23
6131	40
6132	47
6133	51
6134	33
6135	48
6136	34
6137	34
6138	46
6139	33
6140	38
6141	28
6142	40
6143	37
6144	42
6145	35
6146	32
6147	37
6148	37
6149	41
6150	35
6151	40
6152	41
6153	29
6154	38
6155	29
6156	25
6157	44
6158	35
6159	38
6160	46
6161	45
6162	35
6163	29
6164	35
6165	42
6166	38
6167	33
6168	33
6169	41
6170	42
6171	39
6172	37
6173	44
6174	30
6175	45
6176	43
6177	40
6178	30
6179	38
6180	32
6181	36
6182	40
6183	30
6184	34
6185	35
6186	40
6187	38
6188	37
6189	38
6190	44
6191	36
6192	33
6193	35
6194	35
6195	37
6196	31
6197	35
6198	41
6199	38
6200	38
6201	30
6202	45
6203	33
6204	31
6205	37
6206	29
6207	45
6208	39
6209	22
6210	40
6211	40
6212	33
6213	28
6214	38
6215	38
6216	34
6217	39
6218	34
6219	31
6220	33
6221	31
6222	32
6223	35
6224	27
6225	36
6226	47
6227	42
6228	32
6229	40
6230	37
6231	38
6232	43
6233	40
6234	40
6235	37
6236	35
6237	38
6238	31
6239	32
6240	29
6241	37
6242	29
6243	33
6244	41
6245	35
6246	29
6247	34
6248	40
6249	41
6250	33
6251	33
6252	38
6253	35
6254	26
6255	24
6256	39
6257	34
6258	38
6259	47
6260	29
6261	34
6262	45
6263	36
6264	34
6265	52
6266	44
6267	33
6268	47
6269	43
6270	35
6271	40
6272	33
6273	24
6274	41
6275	38
6276	43
6277	37
6278	38
6279	29
6280	39
6281	42
6282	35
6283	41
6284	31
6285	33
6286	41
6287	32
6288	43
6289	44
6290	33
6291	41
6292	44
6293	38
6294	35
6295	32
6296	50
6297	40
6298	42
6299	44
6300	39
6301	48
6302	33
6303	34
6304	41
6305	43
6306	32
6307	42
6308	38
6309	29
6310	42
6311	37
6312	34
6313	37
6314	33
6315	40
6316	35
6317	35
6318	40
6319	44
6320	45
6321	31
6322	44
6323	44
6324	37
6325	32
6326	49
6327	47
6328	36
6329	32
6330	41
6331	35
6332	42
6333	45
6334	58
6335	42
6336	35
6337	48
6338	36
6339	41
6340	37
6341	26
6342	40
6343	48
6344	46
6345	47
6346	46
6347	47
6348	38
6349	35
6350	30
6351	42
6352	55
6353	50
6354	49
6355	41
6356	52
6357	37
6358	54
6359	48
6360	43
6361	56
6362	32
6363	42
6364	42
6365	45
6366	42
6367	36
6368	42
6369	34
6370	40
6371	42
6372	35
6373	43
6374	52
6375	49
6376	38
6377	40
6378	44
6379	48
6380	49
6381	38
6382	38
6383	46
6384	38
6385	45
6386	42
6387	44
6388	43
6389	67
6390	44
6391	46
6392	54
6393	48
6394	48
6395	50
6396	37
6397	50
6398	44
6399	46
6400	51
6401	47
6402	43
6403	44
6404	57
6405	43
6406	39
6407	48
6408	47
6409	56
6410	44
6411	47
6412	53
6413	47
6414	69
6415	54
6416	49
6417	52
6418	44
6419	54
6420	57
6421	49
6422	53
6423	54
6424	44
6425	40
6426	56
6427	48
6428	42
6429	43
6430	51
6431	48
6432	50
6433	51
6434	57
6435	52
6436	42
6437	46
6438	45
6439	56
6440	43
6441	56
6442	55
6443	45
6444	59
6445	40
6446	62
6447	46
6448	46
6449	57
6450	53
6451	38
6452	51
6453	56
6454	56
6455	39
6456	53
6457	55
6458	51
6459	57
6460	64
6461	66
6462	38
6463	54
6464	51
6465	48
6466	46
6467	37
6468	56
6469	46
6470	40
6471	47
6472	49
6473	51
6474	40
6475	60
6476	57
6477	49
6478	54
6479	43
6480	35
6481	55
6482	58
6483	59
6484	37
6485	63
6486	56
6487	40
6488	42
6489	51
6490	59
6491	49
6492	54
6493	37
6494	47
6495	32
6496	52
6497	52
6498	49
6499	58
6500	50
6501	43
6502	44
6503	60
6504	59
6505	63
6506	53
6507	41
6508	57
6509	50
6510	52
6511	48
6512	57
6513	59
6514	43
6515	50
6516	48
6517	42
6518	42
6519	40
6520	54
6521	48
6522	44
6523	51
6524	47
6525	44
6526	64
6527	62
6528	55
6529	56
6530	57
6531	39
6532	44
6533	58
6534	54
6535	47
6536	50
6537	57
6538	64
6539	54
6540	45
6541	53
6542	60
6543	56
6544	37
6545	44
6546	63
6547	54
6548	43
6549	48
6550	56
6551	59
6552	60
6553	56
6554	51
6555	47
6556	56
6557	47
6558	46
6559	37
6560	46
6561	56
6562	44
6563	65
6564	55
6565	52
6566	62
6567	50
6568	50
6569	54
6570	55
6571	51
6572	35
6573	52
6574	46
6575	59
6576	52
6577	50
6578	55
6579	43
6580	47
6581	51
6582	45
6583	63
6584	55
6585	50
6586	54
6587	32
6588	57
6589	51
6590	58
6591	44
6592	54
6593	46
6594	51
6595	51
6596	38
6597	47
6598	37
6599	60
6600	39
6601	50
6602	41
6603	41
6604	56
6605	43
6606	33
6607	45
6608	57
6609	37
6610	46
6611	52
6612	58
6613	55
6614	41
6615	45
6616	43
6617	48
6618	44
6619	42
6620	49
6621	40
6622	43
6623	52
6624	57
6625	41
6626	44
6627	47
6628	47
6629	46
6630	54
6631	53
6632	41
6633	43
6634	48
6635	41
6636	48
6637	43
6638	42
6639	40
6640	37
6641	50
6642	42
6643	47
6644	50
6645	47
6646	54
6647	29
6648	38
6649	45
6650	48
6651	45
6652	43
6653	41
6654	41
6655	21
6656	40
6657	36
6658	40
6659	48
6660	44
6661	39
6662	41
6663	29
6664	39
6665	56
6666	42
6667	39
6668	45
6669	48
6670	49
6671	40
6672	36
6673	46
6674	51
6675	35
6676	42
6677	27
6678	45
6679	41
6680	40
6681	49
6682	42
6683	46
6684	45
6685	39
6686	49
6687	33
6688	41
6689	31
6690	32
6691	32
6692	40
6693	37
6694	40
6695	28
6696	42
6697	39
6698	37
6699	35
6700	48
6701	49
6702	35
6703	41
6704	35
6705	35
6706	40
6707	45
6708	31
6709	35
6710	35
6711	53
6712	33
6713	27
6714	35
6715	35
6716	32
6717	39
6718	27
6719	44
6720	38
6721	38
6722	31
6723	35
6724	35
6725	31
6726	38
6727	34
6728	45
6729	35
6730	34
6731	37
6732	37
6733	34
6734	38
6735	39
6736	36
6737	38
6738	33
6739	27
6740	38
6741	29
6742	23
6743	33
6744	31
6745	28
6746	35
6747	31
6748	35
6749	34
6750	32
6751	21
6752	25
6753	32
6754	23
6755	22
6756	27
6757	30
6758	28
6759	38
6760	26
6761	34
6762	23
6763	29
6764	32
6765	26
6766	29
6767	34
6768	33
6769	27
6770	22
6771	31
6772	30
6773	23
6774	23
6775	21
6776	29
6777	26
6778	25
6779	20
6780	19
6781	29
6782	28
6783	27
6784	25
6785	24
6786	31
6787	20
6788	28
6789	33
6790	31
6791	24
6792	21
6793	17
6794	30
6795	14
6796	21
6797	25
6798	25
6799	29
6800	20
6801	22
6802	23
6803	24
6804	30
6805	30
6806	26
6807	22
6808	22
6809	31
6810	28
6811	23
6812	14
6813	24
6814	15
6815	21
6816	22
6817	15
6818	27
6819	25
6820	26
6821	18
6822	20
6823	25
6824	20
6825	24
6826	19
6827	23
6828	17
6829	19
6830	15
6831	22
6832	23
6833	21
6834	21
6835	16
6836	20
6837	21
6838	19
6839	21
6840	23
6841	16
6842	21
6843	19
6844	21
6845	13
6846	14
6847	25
6848	20
6849	16
6850	28
6851	19
6852	23
6853	19
6854	19
6855	19
6856	13
6857	17
6858	19
6859	24
6860	20
6861	24
6862	15
6863	23
6864	18
6865	20
6866	17
6867	11
6868	16
6869	16
6870	16
6871	17
6872	15
6873	17
6874	15
6875	21
6876	17
6877	17
6878	11
6879	8
6880	18
6881	18
6882	19
6883	18
6884	13
6885	12
6886	14
6887	17
6888	11
6889	21
6890	19
6891	17
6892	18
6893	19
6894	20
6895	17
6896	13
6897	20
6898	24
6899	10
6900	17
6901	5
6902	14
6903	15
6904	10
6905	15
6906	13
6907	19
6908	14
6909	13
6910	19
6911	14
6912	22
6913	13
6914	17
6915	19
6916	15
6917	15
6918	13
6919	14
6920	7
6921	18
6922	20
6923	15
6924	18
6925	20
6926	17
6927	10
6928	9
6929	8
6930	10
6931	10
6932	11
6933	13
6934	17
6935	27
6936	12
6937	9
6938	16
6939	12
6940	7
6941	12
6942	6
6943	21
6944	16
6945	13
6946	17
6947	17
6948	10
6949	8
6950	9
6951	14
6952	10
6953	12
6954	11
6955	13
6956	10
6957	11
6958	10
6959	11
6960	12
6961	19
6962	14
6963	16
6964	16
6965	12
6966	10
6967	12
6968	11
6969	13
6970	12
6971	12
6972	12
6973	11
6974	16
6975	9
6976	11
6977	8
6978	13
6979	16
6980	14
6981	13
6982	14
6983	19
6984	11
6985	5
6986	10
6987	14
6988	9
6989	5
6990	15
6991	16
6992	11
6993	23
6994	11
6995	11
6996	13
6997	21
6998	9
6999	9
7000	10
7001	13
7002	14
7003	12
7004	14
7005	6
7006	9
7007	14
7008	8
7009	6
7010	11
7011	8
7012	9
7013	15
7014	11
7015	11
7016	11
7017	12
7018	10
7019	12
7020	13
7021	11
7022	8
7023	15
7024	12
7025	9
7026	14
7027	16
7028	7
7029	8
7030	8
7031	6
7032	11
7033	16
7034	15
7035	9
7036	11
7037	9
7038	11
7039	6
7040	7
7041	4
7042	9
7043	15
7044	11
7045	9
7046	10
7047	7
7048	11
7049	10
7050	6
7051	11
7052	9
7053	16
7054	12
7055	7
7056	7
7057	3
7058	10
7059	7
7060	9
7061	8
7062	18
7063	7
7064	8
7065	12
7066	10
7067	11
7068	8
7069	10
7070	7
7071	9
7072	11
7073	9
7074	11
7075	9
7076	12
7077	16
7078	12
7079	7
7080	10
7081	9
7082	9
7083	6
7084	13
7085	9
7086	12
7087	16
7088	11
7089	8
7090	9
7091	8
7092	14
7093	13
7094	9
7095	11
7096	9
7097	17
7098	14
7099	10
7100	11
7101	11
7102	13
7103	11
7104	11
7105	8
7106	8
7107	13
7108	10
7109	11
7110	9
7111	4
7112	12
7113	14
7114	7
7115	15
7116	11
7117	6
7118	9
7119	11
7120	11
7121	12
7122	12
7123	7
7124	7
7125	7
7126	9
7127	10
7128	13
7129	15
7130	11
7131	11
7132	12
7133	10
7134	10
7135	12
7136	8
7137	8
7138	13
7139	7
7140	14
7141	13
7142	11
7143	10
7144	12
7145	12
7146	18
7147	10
7148	6
7149	8
7150	14
7151	15
7152	7
7153	10
7154	8
7155	9
7156	12
7157	10
7158	10
7159	11
7160	10
7161	15
7162	12
7163	14
7164	6
7165	11
7166	11
7167	3
7168	9
7169	6
7170	8
7171	7
7172	5
7173	16
7174	10
7175	10
7176	16
7177	9
7178	11
7179	10
7180	10
7181	11
7182	11
7183	9
7184	7
7185	12
7186	11
7187	10
7188	11
7189	14
7190	10
7191	10
7192	12
7193	14
7194	7
7195	13
7196	9
7197	13
7198	8
7199	11
7200	19
7201	15
7202	15
7203	10
7204	12
7205	15
7206	9
7207	8
7208	7
7209	15
7210	8
7211	15
7212	14
7213	10
7214	8
7215	8
7216	12
7217	19
7218	14
7219	11
7220	11
7221	12
7222	10
7223	16
7224	12
7225	11
7226	18
7227	11
7228	13
7229	11
7230	9
7231	8
7232	11
7233	10
7234	14
7235	11
7236	9
7237	11
7238	8
7239	10
7240	11
7241	9
7242	11
7243	7
7244	11
7245	16
7246	7
7247	10
7248	21
7249	9
7250	9
7251	10
7252	13
7253	13
7254	10
7255	12
7256	13
7257	13
7258	17
7259	10
7260	17
7261	12
7262	11
7263	17
7264	17
7265	14
7266	13
7267	6
7268	11
7269	10
7270	16
7271	16
7272	10
7273	9
7274	8
7275	8
7276	15
7277	17
7278	10
7279	5
7280	11
7281	17
7282	15
7283	7
7284	6
7285	13
7286	14
7287	14
7288	16
7289	6
7290	6
7291	15
7292	15
7293	11
7294	12
7295	11
7296	11
7297	11
7298	12
7299	20
7300	13
7301	6
7302	11
7303	15
7304	11
7305	6
7306	16
7307	13
7308	9
7309	12
7310	15
7311	12
7312	11
7313	12
7314	10
7315	14
7316	10
7317	7
7318	18
7319	8
7320	6
7321	11
7322	16
7323	10
7324	7
7325	17
7326	10
7327	12
7328	8
7329	16
7330	12
7331	12
7332	14
7333	12
7334	13
7335	7
7336	9
7337	10
7338	14
7339	17
7340	9
7341	18
7342	14
7343	16
7344	9
7345	12
7346	8
7347	12
7348	11
7349	6
7350	9
7351	10
7352	9
7353	11
7354	13
7355	16
7356	9
7357	12
7358	15
7359	16
7360	13
7361	8
7362	10
7363	9
7364	16
7365	9
7366	9
7367	17
7368	7
7369	8
7370	9
7371	16
7372	9
7373	12
7374	6
7375	13
7376	16
7377	9
7378	16
7379	9
7380	7
7381	12
7382	12
7383	8
7384	17
7385	12
7386	19
7387	18
7388	21
7389	12
7390	11
7391	8
7392	13
7393	6
7394	13
7395	5
7396	12
7397	14
7398	14
7399	8
7400	14
7401	18
7402	9
7403	13
7404	15
7405	13
7406	9
7407	14
7408	19
7409	16
7410	13
7411	15
7412	14
7413	13
7414	19
7415	6
7416	16
7417	11
7418	23
7419	18
7420	7
7421	16
7422	8
7423	11
7424	12
7425	16
7426	15
7427	12
7428	16
7429	18
7430	11
7431	18
7432	11
7433	12
7434	15
7435	9
7436	8
7437	10
7438	10
7439	12
7440	18
7441	6
7442	12
7443	18
7444	8
7445	9
7446	15
7447	12
7448	14
7449	10
7450	17
7451	9
7452	15
7453	11
7454	11
7455	8
7456	17
7457	9
7458	9
7459	16
7460	11
7461	12
7462	5
7463	9
7464	10
7465	6
7466	8
7467	5
7468	13
7469	18
7470	19
7471	12
7472	15
7473	15
7474	15
7475	23
7476	9
7477	9
7478	11
7479	17
7480	14
7481	12
7482	11
7483	7
7484	9
7485	7
7486	23
7487	11
7488	5
7489	9
7490	16
7491	15
7492	14
7493	8
7494	13
7495	19
7496	9
7497	9
7498	7
7499	12
7500	8
7501	5
7502	17
7503	14
7504	11
7505	7
7506	10
7507	16
7508	17
7509	11
7510	9
7511	8
7512	19
7513	13
7514	8
7515	9
7516	13
7517	9
7518	12
7519	9
7520	14
7521	9
7522	12
7523	19
7524	12
7525	15
7526	10
7527	13
7528	12
7529	7
7530	14
7531	9
7532	14
7533	14
7534	7
7535	12
7536	18
7537	12
7538	15
7539	11
7540	7
7541	11
7542	12
7543	5
7544	9
7545	15
7546	13
7547	4
7548	17
7549	8
7550	10
7551	18
7552	9
7553	8
7554	11
7555	7
7556	4
7557	10
7558	10
7559	8
7560	6
7561	15
7562	10
7563	9
7564	7
7565	9
7566	8
7567	10
7568	10
7569	13
7570	9
7571	10
7572	18
7573	11
7574	17
7575	13
7576	8
7577	13
7578	8
7579	12
7580	8
7581	7
7582	11
7583	9
7584	10
7585	6
7586	12
7587	10
7588	6
7589	7
7590	9
7591	7
7592	11
7593	6
7594	14
7595	7
7596	9
7597	13
7598	8
7599	16
7600	9
7601	10
7602	15
7603	8
7604	6
7605	14
7606	14
7607	8
7608	5
7609	8
7610	16
7611	8
7612	13
7613	13
7614	13
7615	10
7616	11
7617	11
7618	9
7619	12
7620	3
7621	13
7622	13
7623	11
7624	10
7625	17
7626	7
7627	8
7628	12
7629	9
7630	8
7631	11
7632	16
7633	10
7634	6
7635	7
7636	11
7637	15
7638	9
7639	13
7640	9
7641	4
7642	11
7643	8
7644	12
7645	10
7646	6
7647	10
7648	6
7649	7
7650	16
7651	8
7652	9
7653	10
7654	5
7655	8
7656	9
7657	8
7658	10
7659	14
7660	7
7661	9
7662	10
7663	4
7664	12
7665	12
7666	13
7667	9
7668	8
7669	8
7670	6
7671	11
7672	9
7673	12
7674	9
7675	7
7676	8
7677	11
7678	8
7679	11
7680	13
7681	5
7682	8
7683	11
7684	7
7685	6
7686	5
7687	5
7688	11
7689	7
7690	8
7691	4
7692	4
7693	9
7694	3
7695	9
7696	6
7697	10
7698	10
7699	9
7700	5
7701	9
7702	10
7703	12
7704	4
7705	8
7706	3
7707	9
7708	8
7709	10
7710	12
7711	7
7712	7
7713	7
7714	6
7715	5
7716	8
7717	5
7718	4
7719	11
7720	6
7721	11
7722	8
7723	7
7724	5
7725	8
7726	6
7727	7
7728	7
7729	13
7730	5
7731	5
7732	6
7733	7
7734	11
7735	5
7736	10
7737	3
7738	6
7739	7
7740	8
7741	4
7742	6
7743	10
7744	9
7745	5
7746	11
7747	10
7748	10
7749	10
7750	3
7751	6
7752	6
7753	5
7754	9
7755	7
7756	9
7757	8
7758	5
7759	5
7760	4
7761	5
7762	7
7763	7
7764	10
7765	8
7766	4
7767	9
7768	7
7769	6
7770	10
7771	4
7772	4
7773	8
7774	5
7775	2
7776	2
7777	8
7778	7
7779	7
7780	3
7781	7
7782	8
7783	6
7784	3
7785	7
7786	5
7787	8
7788	1
7789	4
7790	2
7791	5
7792	5
7793	2
7794	6
7795	4
7796	2
7797	3
7798	6
7799	4
7800	4
7801	4
7802	7
7803	8
7804	4
7805	8
7806	5
7807	6
7808	9
7809	5
7810	3
7811	7
7812	5
7813	7
7814	7
7815	4
7816	4
7817	11
7818	7
7819	4
7820	3
7821	4
7822	5
7823	3
7824	2
7825	4
7826	3
7827	3
7828	2
7829	5
7830	4
7831	9
7832	9
7833	4
7834	2
7835	5
7836	4
7837	8
7838	5
7839	6
7840	3
7841	1
7842	2
7843	7
7844	7
7845	3
7846	6
7847	3
7848	2
7849	4
7850	4
7851	5
7852	3
7853	1
7854	3
7855	4
7856	3
7857	6
7858	7
7859	4
7860	2
7861	3
7862	9
7863	2
7864	4
7865	4
7866	4
7867	5
7868	3
7869	6
7870	2
7871	6
7872	6
7873	5
7874	4
7875	2
7876	4
7877	5
7878	5
7879	3
7880	3
7881	2
7882	3
7883	4
7884	2
7885	1
7886	4
7887	5
7888	6
7889	1
7890	12
7891	6
7892	8
7893	2
7894	5
7895	6
7896	5
7897	4
7898	5
7899	4
7900	4
7901	2
7902	4
7903	5
7904	2
7905	7
7906	6
7907	2
7908	7
7909	7
7910	6
7911	2
7912	5
7913	2
7914	2
7915	4
7916	4
7917	5
7918	5
7919	2
7920	1
7921	3
7922	3
7923	3
7924	1
7925	2
7926	5
7927	9
7928	2
7929	9
7930	2
7931	3
7932	1
7933	4
7934	6
7935	2
7936	7
7937	7
7938	5
7939	0
7940	4
7941	2
7942	4
7943	1
7944	3
7945	2
7946	4
7947	2
7948	4
7949	4
7950	3
7951	2
7952	2
7953	2
7954	4
7955	2
7956	1
7957	4
7958	2
7959	3
7960	3
7961	3
7962	4
7963	3
7964	1
7965	2
7966	0
7967	2
7968	8
7969	2
7970	1
7971	6
7972	0
7973	3
7974	5
7975	4
7976	3
7977	4
7978	1
7979	2
7980	2
7981	6
7982	3
7983	4
7984	5
7985	3
7986	3
7987	1
7988	4
7989	3
7990	3
7991	1
7992	3
7993	2
7994	1
7995	3
7996	1
7997	2
7998	1
7999	3
8000	6
8001	4
8002	5
8003	2
8004	4
8005	1
8006	2
8007	0
8008	2
8009	5
8010	4
8011	0
8012	0
8013	3
8014	4
8015	2
8016	1
8017	3
8018	3
8019	3
8020	6
8021	6
8022	3
8023	6
8024	5
8025	2
8026	2
8027	4
8028	1
8029	0
8030	3
8031	4
8032	3
8033	4
8034	3
8035	3
8036	6
8037	1
8038	3
8039	3
8040	4
8041	3
8042	2
8043	2
8044	1
8045	5
8046	5
8047	3
8048	1
8049	1
8050	5
8051	3
8052	1
8053	3
8054	3
8055	1
8056	2
8057	1
8058	1
8059	5
8060	4
8061	3
8062	2
8063	5
8064	2
8065	4
8066	2
8067	2
8068	2
8069	3
8070	2
8071	1
8072	2
8073	4
8074	1
8075	2
8076	3
8077	2
8078	1
8079	4
8080	2
8081	3
8082	2
8083	0
8084	6
8085	1
8086	3
8087	2
8088	4
8089	1
8090	4
8091	3
8092	0
8093	0
8094	0
8095	3
8096	1
8097	0
8098	1
8099	0
8100	0
8101	0
8102	0
8103	1
8104	0
8105	1
8106	1
8107	0
8108	0
8109	0
8110	0
8111	0
8112	1
8113	0
8114	0
8115	0
8116	0
8117	0
8118	0
8119	0
8120	0
8121	0
8122	1
8123	1
8124	1
8125	0
8126	0
8127	0
8128	0
8129	1
8130	0
8131	0
8132	0
8133	0
8134	0
8135	0
8136	0
8137	0
8138	0
8139	0
8140	0
8141	0
8142	0
8143	1
8144	0
8145	0
8146	0
8147	0
8148	0
8149	0
8150	0
8151	0
8152	0
8153	0
8154	0
8155	0
8156	0
8157	0
8158	0
8159	0
8160	0
8161	0
8162	0
8163	0
8164	0
8165	0
8166	0
8167	0
8168	0
8169	0
8170	0
8171	0
8172	0
8173	0
8174	0
8175	0
8176	0
8177	0
8178	0
8179	0
8180	0
8181	0
8182	0
8183	0
8184	0
8185	0
8186	0
8187	0
8188	0
8189	0
8190	0
8191	0
