0	0
1	0
2	0
3	0
4	0
5	0
6	0
7	0
8	0
9	0
10	0
11	0
12	0
13	0
14	0
15	0
16	0
17	0
18	0
19	0
20	0
21	0
22	0
23	0
24	0
25	0
26	0
27	0
28	0
29	0
30	0
31	0
32	0
33	0
34	0
35	0
36	0
37	0
38	0
39	0
40	0
41	0
42	0
43	0
44	0
45	0
46	0
47	0
48	0
49	0
50	0
51	0
52	0
53	0
54	0
55	0
56	0
57	0
58	0
59	0
60	0
61	0
62	0
63	0
64	0
65	0
66	0
67	0
68	0
69	0
70	0
71	0
72	0
73	0
74	0
75	0
76	0
77	0
78	0
79	0
80	0
81	0
82	0
83	0
84	0
85	0
86	0
87	0
88	0
89	0
90	0
91	0
92	0
93	0
94	0
95	0
96	0
97	0
98	0
99	0
100	0
101	0
102	0
103	0
104	0
105	0
106	0
107	0
108	0
109	0
110	0
111	0
112	0
113	0
114	0
115	0
116	0
117	0
118	0
119	0
120	0
121	0
122	0
123	0
124	0
125	0
126	0
127	0
128	0
129	0
130	0
131	0
132	0
133	0
134	0
135	0
136	0
137	0
138	0
139	0
140	0
141	0
142	0
143	0
144	0
145	0
146	0
147	0
148	0
149	0
150	0
151	0
152	0
153	0
154	0
155	0
156	0
157	0
158	0
159	0
160	0
161	0
162	0
163	0
164	0
165	0
166	0
167	0
168	0
169	0
170	0
171	0
172	0
173	0
174	0
175	0
176	0
177	0
178	0
179	0
180	0
181	0
182	0
183	0
184	0
185	0
186	0
187	0
188	0
189	0
190	0
191	0
192	0
193	0
194	0
195	0
196	0
197	0
198	0
199	0
200	0
201	0
202	0
203	0
204	0
205	0
206	0
207	0
208	0
209	0
210	0
211	0
212	0
213	0
214	0
215	0
216	0
217	0
218	0
219	0
220	0
221	0
222	0
223	0
224	0
225	0
226	0
227	0
228	0
229	0
230	0
231	0
232	0
233	1
234	0
235	0
236	0
237	0
238	0
239	0
240	0
241	0
242	0
243	0
244	0
245	0
246	0
247	0
248	0
249	0
250	0
251	0
252	0
253	0
254	0
255	0
256	0
257	0
258	0
259	0
260	1
261	0
262	0
263	0
264	0
265	0
266	0
267	0
268	0
269	0
270	0
271	0
272	0
273	0
274	0
275	0
276	0
277	0
278	0
279	0
280	0
281	0
282	0
283	0
284	0
285	0
286	0
287	0
288	0
289	0
290	0
291	0
292	0
293	0
294	0
295	0
296	0
297	0
298	0
299	0
300	0
301	1
302	0
303	0
304	0
305	0
306	1
307	0
308	0
309	0
310	0
311	0
312	0
313	0
314	0
315	0
316	0
317	0
318	0
319	0
320	0
321	0
322	0
323	0
324	0
325	0
326	0
327	0
328	0
329	0
330	0
331	0
332	0
333	0
334	0
335	0
336	0
337	0
338	1
339	0
340	0
341	0
342	0
343	0
344	0
345	0
346	0
347	0
348	0
349	0
350	0
351	0
352	0
353	0
354	0
355	0
356	0
357	0
358	0
359	0
360	0
361	0
362	0
363	0
364	0
365	0
366	0
367	0
368	0
369	0
370	0
371	0
372	0
373	0
374	0
375	0
376	0
377	0
378	0
379	0
380	0
381	0
382	0
383	0
384	0
385	0
386	0
387	0
388	0
389	0
390	0
391	0
392	0
393	0
394	0
395	0
396	0
397	0
398	0
399	0
400	0
401	0
402	0
403	0
404	0
405	0
406	0
407	0
408	0
409	0
410	0
411	0
412	0
413	0
414	0
415	0
416	0
417	0
418	0
419	0
420	0
421	0
422	0
423	0
424	0
425	0
426	0
427	0
428	0
429	0
430	0
431	0
432	0
433	0
434	0
435	0
436	0
437	0
438	0
439	0
440	0
441	0
442	0
443	0
444	0
445	1
446	0
447	0
448	0
449	0
450	0
451	0
452	0
453	0
454	0
455	0
456	0
457	0
458	0
459	0
460	0
461	0
462	0
463	0
464	0
465	0
466	0
467	0
468	0
469	0
470	0
471	0
472	0
473	0
474	0
475	0
476	0
477	0
478	0
479	0
480	0
481	0
482	0
483	0
484	0
485	0
486	0
487	0
488	0
489	0
490	0
491	0
492	0
493	0
494	0
495	0
496	0
497	0
498	0
499	0
500	0
501	0
502	0
503	0
504	0
505	0
506	0
507	0
508	0
509	0
510	0
511	0
512	0
513	0
514	0
515	0
516	0
517	0
518	0
519	0
520	0
521	1
522	0
523	0
524	0
525	0
526	0
527	0
528	0
529	0
530	0
531	0
532	0
533	0
534	0
535	0
536	0
537	0
538	0
539	0
540	0
541	1
542	0
543	0
544	0
545	0
546	0
547	0
548	0
549	0
550	0
551	0
552	0
553	0
554	0
555	0
556	0
557	0
558	0
559	0
560	0
561	0
562	0
563	0
564	0
565	0
566	0
567	0
568	0
569	0
570	0
571	0
572	0
573	0
574	0
575	0
576	0
577	0
578	0
579	0
580	0
581	0
582	0
583	0
584	0
585	0
586	0
587	0
588	0
589	0
590	0
591	0
592	0
593	0
594	0
595	0
596	0
597	0
598	0
599	0
600	0
601	0
602	0
603	0
604	0
605	0
606	0
607	0
608	0
609	0
610	0
611	0
612	0
613	0
614	0
615	0
616	0
617	0
618	0
619	0
620	0
621	0
622	0
623	0
624	0
625	0
626	0
627	0
628	0
629	0
630	0
631	0
632	0
633	0
634	0
635	0
636	0
637	0
638	0
639	0
640	0
641	0
642	0
643	0
644	0
645	0
646	0
647	0
648	0
649	0
650	0
651	0
652	0
653	1
654	0
655	0
656	0
657	0
658	0
659	1
660	0
661	0
662	0
663	0
664	0
665	0
666	0
667	0
668	0
669	0
670	0
671	0
672	0
673	0
674	0
675	0
676	0
677	0
678	0
679	0
680	0
681	0
682	0
683	0
684	0
685	0
686	0
687	0
688	0
689	0
690	0
691	0
692	0
693	0
694	0
695	0
696	0
697	0
698	0
699	0
700	0
701	0
702	0
703	0
704	0
705	0
706	0
707	0
708	0
709	0
710	0
711	0
712	0
713	0
714	0
715	0
716	0
717	1
718	0
719	0
720	0
721	0
722	0
723	0
724	0
725	0
726	0
727	1
728	0
729	0
730	0
731	0
732	0
733	0
734	0
735	0
736	0
737	0
738	0
739	0
740	0
741	0
742	0
743	0
744	0
745	1
746	0
747	1
748	0
749	0
750	0
751	0
752	0
753	0
754	1
755	1
756	0
757	0
758	0
759	1
760	0
761	0
762	0
763	1
764	0
765	0
766	0
767	0
768	1
769	1
770	0
771	1
772	1
773	0
774	0
775	0
776	2
777	0
778	0
779	0
780	0
781	0
782	1
783	0
784	0
785	0
786	1
787	1
788	0
789	0
790	0
791	0
792	0
793	0
794	0
795	1
796	0
797	0
798	1
799	0
800	1
801	1
802	0
803	1
804	0
805	2
806	2
807	1
808	1
809	2
810	0
811	0
812	1
813	1
814	1
815	2
816	1
817	2
818	1
819	1
820	3
821	1
822	3
823	0
824	0
825	2
826	2
827	2
828	1
829	2
830	1
831	1
832	3
833	1
834	3
835	3
836	1
837	1
838	3
839	5
840	1
841	0
842	4
843	3
844	3
845	3
846	4
847	3
848	3
849	1
850	5
851	2
852	1
853	1
854	0
855	3
856	3
857	4
858	3
859	3
860	2
861	5
862	4
863	4
864	6
865	3
866	7
867	13
868	3
869	8
870	4
871	3
872	2
873	5
874	3
875	4
876	3
877	6
878	4
879	3
880	9
881	4
882	4
883	6
884	7
885	5
886	11
887	8
888	9
889	6
890	8
891	8
892	6
893	11
894	5
895	6
896	7
897	4
898	8
899	7
900	15
901	8
902	9
903	6
904	14
905	16
906	6
907	11
908	8
909	11
910	14
911	16
912	16
913	12
914	15
915	19
916	12
917	16
918	16
919	15
920	15
921	12
922	9
923	19
924	20
925	15
926	14
927	12
928	24
929	10
930	14
931	26
932	12
933	14
934	19
935	19
936	18
937	21
938	23
939	29
940	22
941	27
942	17
943	22
944	24
945	29
946	31
947	21
948	25
949	24
950	17
951	27
952	28
953	30
954	29
955	27
956	23
957	30
958	19
959	34
960	28
961	29
962	29
963	33
964	30
965	42
966	36
967	41
968	40
969	56
970	32
971	36
972	49
973	32
974	35
975	37
976	39
977	42
978	42
979	35
980	33
981	35
982	38
983	53
984	46
985	49
986	46
987	40
988	44
989	49
990	41
991	53
992	27
993	41
994	47
995	49
996	49
997	41
998	54
999	50
1000	42
1001	40
1002	57
1003	41
1004	63
1005	49
1006	37
1007	44
1008	51
1009	43
1010	40
1011	54
1012	61
1013	58
1014	63
1015	70
1016	64
1017	56
1018	55
1019	70
1020	59
1021	68
1022	65
1023	58
1024	51
1025	47
1026	63
1027	63
1028	69
1029	65
1030	65
1031	67
1032	74
1033	67
1034	67
1035	76
1036	54
1037	77
1038	61
1039	75
1040	68
1041	62
1042	64
1043	66
1044	70
1045	66
1046	57
1047	76
1048	72
1049	69
1050	65
1051	69
1052	83
1053	74
1054	77
1055	79
1056	72
1057	75
1058	91
1059	66
1060	69
1061	75
1062	71
1063	73
1064	56
1065	75
1066	73
1067	67
1068	69
1069	82
1070	51
1071	61
1072	75
1073	66
1074	79
1075	74
1076	69
1077	66
1078	74
1079	73
1080	78
1081	63
1082	61
1083	87
1084	74
1085	66
1086	71
1087	67
1088	63
1089	69
1090	69
1091	89
1092	75
1093	65
1094	70
1095	73
1096	64
1097	62
1098	71
1099	91
1100	64
1101	84
1102	68
1103	74
1104	72
1105	65
1106	70
1107	75
1108	63
1109	68
1110	85
1111	80
1112	70
1113	68
1114	82
1115	57
1116	71
1117	71
1118	68
1119	72
1120	65
1121	62
1122	62
1123	65
1124	62
1125	73
1126	72
1127	73
1128	67
1129	67
1130	75
1131	65
1132	66
1133	51
1134	52
1135	46
1136	69
1137	57
1138	67
1139	52
1140	59
1141	52
1142	54
1143	58
1144	60
1145	76
1146	60
1147	55
1148	61
1149	49
1150	57
1151	47
1152	52
1153	41
1154	62
1155	58
1156	42
1157	45
1158	58
1159	48
1160	54
1161	38
1162	49
1163	37
1164	39
1165	43
1166	64
1167	33
1168	39
1169	50
1170	40
1171	44
1172	36
1173	46
1174	44
1175	50
1176	42
1177	40
1178	41
1179	40
1180	43
1181	33
1182	37
1183	37
1184	26
1185	48
1186	51
1187	28
1188	24
1189	36
1190	48
1191	24
1192	31
1193	28
1194	37
1195	33
1196	31
1197	44
1198	33
1199	29
1200	21
1201	30
1202	34
1203	24
1204	25
1205	30
1206	25
1207	26
1208	34
1209	27
1210	25
1211	24
1212	26
1213	18
1214	20
1215	22
1216	29
1217	17
1218	25
1219	13
1220	17
1221	22
1222	24
1223	20
1224	20
1225	23
1226	17
1227	18
1228	18
1229	12
1230	18
1231	16
1232	23
1233	17
1234	18
1235	18
1236	11
1237	12
1238	11
1239	10
1240	12
1241	15
1242	21
1243	17
1244	20
1245	21
1246	5
1247	21
1248	11
1249	14
1250	16
1251	15
1252	14
1253	9
1254	10
1255	10
1256	13
1257	9
1258	10
1259	12
1260	6
1261	13
1262	8
1263	7
1264	7
1265	9
1266	14
1267	9
1268	10
1269	14
1270	8
1271	5
1272	7
1273	7
1274	4
1275	4
1276	10
1277	6
1278	9
1279	9
1280	7
1281	6
1282	6
1283	4
1284	7
1285	5
1286	9
1287	7
1288	3
1289	8
1290	2
1291	8
1292	3
1293	7
1294	4
1295	4
1296	3
1297	6
1298	4
1299	7
1300	8
1301	1
1302	4
1303	5
1304	2
1305	3
1306	3
1307	1
1308	2
1309	5
1310	6
1311	1
1312	1
1313	3
1314	0
1315	6
1316	5
1317	0
1318	4
1319	3
1320	4
1321	1
1322	6
1323	0
1324	1
1325	1
1326	0
1327	0
1328	3
1329	1
1330	1
1331	5
1332	4
1333	3
1334	0
1335	0
1336	2
1337	2
1338	1
1339	1
1340	1
1341	0
1342	0
1343	2
1344	0
1345	0
1346	0
1347	1
1348	2
1349	3
1350	0
1351	2
1352	0
1353	1
1354	0
1355	2
1356	0
1357	0
1358	0
1359	2
1360	0
1361	2
1362	0
1363	1
1364	2
1365	1
1366	1
1367	1
1368	0
1369	0
1370	0
1371	0
1372	0
1373	1
1374	0
1375	0
1376	0
1377	1
1378	0
1379	1
1380	0
1381	0
1382	0
1383	0
1384	0
1385	0
1386	0
1387	0
1388	1
1389	0
1390	0
1391	0
1392	0
1393	0
1394	0
1395	0
1396	1
1397	0
1398	0
1399	0
1400	0
1401	0
1402	0
1403	1
1404	1
1405	0
1406	1
1407	0
1408	0
1409	1
1410	2
1411	0
1412	0
1413	0
1414	0
1415	0
1416	2
1417	0
1418	0
1419	1
1420	0
1421	0
1422	0
1423	0
1424	0
1425	0
1426	0
1427	0
1428	0
1429	0
1430	0
1431	0
1432	0
1433	0
1434	0
1435	0
1436	0
1437	0
1438	1
1439	0
1440	0
1441	0
1442	0
1443	1
1444	0
1445	0
1446	0
1447	0
1448	0
1449	0
1450	1
1451	0
1452	0
1453	0
1454	0
1455	0
1456	0
1457	0
1458	0
1459	0
1460	0
1461	0
1462	0
1463	0
1464	0
1465	0
1466	0
1467	0
1468	0
1469	0
1470	0
1471	0
1472	0
1473	0
1474	0
1475	0
1476	0
1477	0
1478	0
1479	0
1480	0
1481	0
1482	0
1483	0
1484	0
1485	0
1486	0
1487	0
1488	0
1489	0
1490	0
1491	0
1492	0
1493	0
1494	0
1495	0
1496	0
1497	0
1498	0
1499	0
1500	0
1501	0
1502	0
1503	0
1504	0
1505	0
1506	0
1507	0
1508	0
1509	0
1510	0
1511	0
1512	0
1513	0
1514	0
1515	0
1516	0
1517	0
1518	0
1519	0
1520	0
1521	0
1522	1
1523	0
1524	0
1525	0
1526	0
1527	0
1528	0
1529	0
1530	0
1531	0
1532	0
1533	0
1534	0
1535	0
1536	0
1537	0
1538	0
1539	0
1540	0
1541	0
1542	0
1543	0
1544	0
1545	0
1546	0
1547	0
1548	0
1549	0
1550	0
1551	0
1552	0
1553	0
1554	0
1555	0
1556	0
1557	0
1558	0
1559	0
1560	0
1561	0
1562	0
1563	0
1564	0
1565	0
1566	0
1567	0
1568	0
1569	0
1570	0
1571	0
1572	0
1573	0
1574	0
1575	0
1576	0
1577	0
1578	0
1579	0
1580	0
1581	0
1582	0
1583	0
1584	0
1585	0
1586	1
1587	0
1588	0
1589	0
1590	0
1591	0
1592	0
1593	0
1594	0
1595	0
1596	0
1597	0
1598	0
1599	0
1600	0
1601	0
1602	1
1603	0
1604	0
1605	0
1606	0
1607	0
1608	0
1609	0
1610	0
1611	0
1612	0
1613	0
1614	0
1615	0
1616	0
1617	0
1618	0
1619	0
1620	0
1621	0
1622	0
1623	0
1624	0
1625	0
1626	1
1627	0
1628	0
1629	0
1630	0
1631	0
1632	0
1633	0
1634	0
1635	0
1636	0
1637	0
1638	0
1639	0
1640	0
1641	0
1642	0
1643	0
1644	0
1645	0
1646	0
1647	0
1648	0
1649	0
1650	0
1651	0
1652	0
1653	0
1654	1
1655	0
1656	0
1657	0
1658	0
1659	0
1660	0
1661	0
1662	0
1663	0
1664	0
1665	0
1666	0
1667	0
1668	0
1669	0
1670	0
1671	0
1672	0
1673	0
1674	1
1675	0
1676	0
1677	0
1678	0
1679	0
1680	0
1681	0
1682	0
1683	0
1684	0
1685	0
1686	0
1687	0
1688	0
1689	0
1690	0
1691	0
1692	0
1693	0
1694	0
1695	0
1696	0
1697	0
1698	0
1699	0
1700	0
1701	0
1702	0
1703	0
1704	0
1705	0
1706	0
1707	0
1708	0
1709	0
1710	0
1711	0
1712	0
1713	0
1714	0
1715	0
1716	0
1717	0
1718	0
1719	0
1720	0
1721	0
1722	0
1723	0
1724	0
1725	0
1726	0
1727	0
1728	0
1729	0
1730	0
1731	0
1732	0
1733	0
1734	0
1735	0
1736	0
1737	0
1738	0
1739	0
1740	0
1741	0
1742	0
1743	0
1744	0
1745	0
1746	0
1747	0
1748	0
1749	0
1750	0
1751	0
1752	0
1753	0
1754	0
1755	0
1756	0
1757	0
1758	0
1759	0
1760	0
1761	0
1762	0
1763	0
1764	0
1765	0
1766	0
1767	0
1768	0
1769	0
1770	0
1771	0
1772	0
1773	0
1774	0
1775	0
1776	0
1777	0
1778	0
1779	0
1780	0
1781	0
1782	0
1783	0
1784	0
1785	0
1786	0
1787	0
1788	0
1789	0
1790	0
1791	0
1792	0
1793	1
1794	0
1795	0
1796	0
1797	0
1798	0
1799	0
1800	0
1801	0
1802	0
1803	0
1804	0
1805	0
1806	0
1807	0
1808	0
1809	0
1810	0
1811	0
1812	0
1813	0
1814	0
1815	0
1816	0
1817	0
1818	0
1819	0
1820	0
1821	0
1822	0
1823	0
1824	0
1825	0
1826	0
1827	0
1828	0
1829	0
1830	0
1831	0
1832	0
1833	0
1834	0
1835	0
1836	0
1837	0
1838	0
1839	0
1840	0
1841	0
1842	0
1843	0
1844	0
1845	0
1846	0
1847	0
1848	0
1849	0
1850	0
1851	1
1852	0
1853	0
1854	0
1855	0
1856	0
1857	0
1858	0
1859	0
1860	0
1861	0
1862	0
1863	0
1864	0
1865	0
1866	0
1867	0
1868	0
1869	0
1870	0
1871	0
1872	0
1873	0
1874	0
1875	0
1876	0
1877	0
1878	0
1879	0
1880	0
1881	0
1882	0
1883	0
1884	0
1885	0
1886	0
1887	0
1888	0
1889	0
1890	0
1891	0
1892	0
1893	0
1894	0
1895	0
1896	0
1897	0
1898	0
1899	0
1900	0
1901	0
1902	0
1903	0
1904	0
1905	0
1906	0
1907	0
1908	0
1909	0
1910	0
1911	0
1912	0
1913	0
1914	0
1915	0
1916	0
1917	0
1918	0
1919	0
1920	0
1921	0
1922	0
1923	0
1924	0
1925	0
1926	1
1927	0
1928	0
1929	0
1930	0
1931	0
1932	0
1933	0
1934	0
1935	0
1936	1
1937	0
1938	0
1939	0
1940	0
1941	0
1942	0
1943	0
1944	0
1945	0
1946	0
1947	0
1948	0
1949	0
1950	0
1951	0
1952	0
1953	0
1954	0
1955	0
1956	0
1957	0
1958	0
1959	0
1960	1
1961	1
1962	0
1963	0
1964	0
1965	0
1966	0
1967	0
1968	0
1969	0
1970	0
1971	1
1972	0
1973	0
1974	0
1975	0
1976	0
1977	0
1978	0
1979	1
1980	1
1981	0
1982	0
1983	0
1984	0
1985	0
1986	0
1987	0
1988	0
1989	0
1990	0
1991	0
1992	0
1993	0
1994	0
1995	0
1996	1
1997	0
1998	0
1999	0
2000	0
2001	0
2002	1
2003	0
2004	0
2005	0
2006	1
2007	2
2008	0
2009	1
2010	0
2011	0
2012	0
2013	0
2014	1
2015	1
2016	0
2017	1
2018	0
2019	0
2020	0
2021	0
2022	1
2023	0
2024	0
2025	0
2026	0
2027	0
2028	0
2029	0
2030	0
2031	1
2032	0
2033	1
2034	0
2035	0
2036	0
2037	1
2038	0
2039	0
2040	1
2041	0
2042	0
2043	0
2044	0
2045	0
2046	2
2047	1
2048	0
2049	1
2050	3
2051	1
2052	2
2053	0
2054	0
2055	0
2056	1
2057	0
2058	1
2059	0
2060	1
2061	0
2062	0
2063	0
2064	0
2065	1
2066	1
2067	1
2068	1
2069	3
2070	1
2071	2
2072	2
2073	1
2074	2
2075	0
2076	0
2077	1
2078	2
2079	2
2080	2
2081	0
2082	1
2083	2
2084	1
2085	1
2086	1
2087	0
2088	1
2089	5
2090	2
2091	3
2092	3
2093	2
2094	2
2095	2
2096	0
2097	1
2098	3
2099	0
2100	3
2101	4
2102	1
2103	2
2104	5
2105	3
2106	8
2107	2
2108	4
2109	3
2110	4
2111	7
2112	3
2113	2
2114	1
2115	5
2116	3
2117	9
2118	7
2119	3
2120	4
2121	6
2122	4
2123	8
2124	3
2125	6
2126	4
2127	3
2128	5
2129	7
2130	6
2131	7
2132	4
2133	9
2134	5
2135	6
2136	6
2137	9
2138	5
2139	9
2140	8
2141	6
2142	10
2143	8
2144	10
2145	6
2146	10
2147	9
2148	6
2149	14
2150	12
2151	12
2152	8
2153	11
2154	6
2155	16
2156	13
2157	6
2158	10
2159	11
2160	13
2161	11
2162	3
2163	15
2164	21
2165	18
2166	13
2167	21
2168	9
2169	12
2170	18
2171	14
2172	12
2173	18
2174	15
2175	19
2176	23
2177	16
2178	20
2179	18
2180	15
2181	17
2182	16
2183	15
2184	19
2185	10
2186	26
2187	18
2188	20
2189	25
2190	21
2191	23
2192	20
2193	25
2194	21
2195	28
2196	22
2197	21
2198	28
2199	26
2200	22
2201	15
2202	15
2203	25
2204	20
2205	27
2206	25
2207	29
2208	31
2209	32
2210	27
2211	32
2212	28
2213	32
2214	26
2215	29
2216	32
2217	39
2218	37
2219	32
2220	23
2221	43
2222	32
2223	35
2224	33
2225	36
2226	48
2227	45
2228	37
2229	33
2230	38
2231	33
2232	42
2233	48
2234	36
2235	52
2236	53
2237	31
2238	38
2239	49
2240	45
2241	41
2242	34
2243	42
2244	50
2245	41
2246	37
2247	44
2248	48
2249	54
2250	40
2251	44
2252	50
2253	59
2254	52
2255	59
2256	53
2257	51
2258	68
2259	48
2260	44
2261	49
2262	49
2263	52
2264	64
2265	68
2266	47
2267	55
2268	46
2269	47
2270	47
2271	53
2272	58
2273	62
2274	64
2275	58
2276	63
2277	50
2278	46
2279	76
2280	44
2281	65
2282	51
2283	67
2284	55
2285	74
2286	83
2287	76
2288	54
2289	70
2290	64
2291	78
2292	52
2293	65
2294	68
2295	76
2296	71
2297	64
2298	68
2299	59
2300	58
2301	75
2302	72
2303	72
2304	64
2305	67
2306	63
2307	74
2308	77
2309	80
2310	77
2311	80
2312	61
2313	61
2314	84
2315	60
2316	89
2317	65
2318	64
2319	73
2320	74
2321	71
2322	71
2323	67
2324	69
2325	68
2326	80
2327	69
2328	63
2329	74
2330	77
2331	68
2332	77
2333	66
2334	76
2335	65
2336	86
2337	81
2338	72
2339	78
2340	67
2341	70
2342	66
2343	65
2344	85
2345	66
2346	79
2347	67
2348	69
2349	69
2350	71
2351	59
2352	90
2353	71
2354	65
2355	57
2356	63
2357	61
2358	62
2359	64
2360	79
2361	86
2362	73
2363	62
2364	75
2365	55
2366	73
2367	72
2368	57
2369	79
2370	59
2371	71
2372	70
2373	53
2374	62
2375	66
2376	58
2377	74
2378	54
2379	75
2380	81
2381	63
2382	67
2383	67
2384	57
2385	62
2386	58
2387	67
2388	79
2389	59
2390	54
2391	61
2392	56
2393	67
2394	55
2395	65
2396	62
2397	53
2398	54
2399	60
2400	59
2401	52
2402	54
2403	54
2404	63
2405	54
2406	50
2407	47
2408	50
2409	52
2410	57
2411	53
2412	45
2413	54
2414	51
2415	38
2416	55
2417	46
2418	52
2419	43
2420	32
2421	42
2422	52
2423	44
2424	51
2425	48
2426	44
2427	42
2428	48
2429	40
2430	43
2431	35
2432	40
2433	39
2434	35
2435	36
2436	47
2437	49
2438	34
2439	32
2440	40
2441	35
2442	37
2443	43
2444	33
2445	33
2446	38
2447	31
2448	33
2449	32
2450	33
2451	36
2452	23
2453	24
2454	22
2455	38
2456	24
2457	29
2458	42
2459	29
2460	23
2461	22
2462	30
2463	28
2464	26
2465	34
2466	21
2467	30
2468	20
2469	27
2470	25
2471	33
2472	26
2473	21
2474	24
2475	15
2476	9
2477	26
2478	15
2479	18
2480	16
2481	20
2482	13
2483	13
2484	9
2485	13
2486	18
2487	9
2488	13
2489	21
2490	18
2491	19
2492	11
2493	13
2494	16
2495	14
2496	11
2497	11
2498	11
2499	11
2500	7
2501	12
2502	16
2503	11
2504	10
2505	17
2506	8
2507	13
2508	12
2509	14
2510	15
2511	12
2512	12
2513	10
2514	11
2515	4
2516	5
2517	4
2518	7
2519	10
2520	9
2521	7
2522	14
2523	6
2524	8
2525	5
2526	7
2527	5
2528	8
2529	6
2530	7
2531	7
2532	6
2533	9
2534	6
2535	4
2536	1
2537	3
2538	5
2539	4
2540	1
2541	7
2542	9
2543	6
2544	5
2545	5
2546	4
2547	6
2548	6
2549	3
2550	5
2551	5
2552	2
2553	3
2554	4
2555	5
2556	2
2557	6
2558	5
2559	3
2560	0
2561	0
2562	2
2563	4
2564	1
2565	2
2566	7
2567	3
2568	0
2569	7
2570	3
2571	1
2572	3
2573	5
2574	2
2575	4
2576	3
2577	3
2578	1
2579	2
2580	2
2581	3
2582	5
2583	1
2584	0
2585	1
2586	1
2587	1
2588	0
2589	1
2590	2
2591	2
2592	5
2593	1
2594	2
2595	0
2596	0
2597	0
2598	1
2599	0
2600	2
2601	0
2602	0
2603	3
2604	0
2605	0
2606	0
2607	1
2608	1
2609	0
2610	0
2611	2
2612	0
2613	0
2614	0
2615	0
2616	2
2617	0
2618	0
2619	0
2620	0
2621	0
2622	2
2623	2
2624	0
2625	2
2626	1
2627	0
2628	1
2629	1
2630	0
2631	0
2632	0
2633	0
2634	0
2635	0
2636	0
2637	0
2638	0
2639	1
2640	0
2641	0
2642	2
2643	1
2644	0
2645	0
2646	1
2647	0
2648	0
2649	0
2650	0
2651	0
2652	1
2653	1
2654	0
2655	0
2656	0
2657	0
2658	0
2659	0
2660	1
2661	0
2662	0
2663	0
2664	0
2665	0
2666	0
2667	1
2668	0
2669	0
2670	0
2671	0
2672	0
2673	0
2674	0
2675	0
2676	0
2677	0
2678	0
2679	0
2680	0
2681	1
2682	2
2683	0
2684	0
2685	0
2686	0
2687	0
2688	0
2689	0
2690	0
2691	0
2692	0
2693	0
2694	0
2695	1
2696	0
2697	0
2698	0
2699	0
2700	0
2701	0
2702	0
2703	0
2704	0
2705	0
2706	0
2707	0
2708	0
2709	0
2710	0
2711	0
2712	0
2713	0
2714	0
2715	0
2716	0
2717	1
2718	0
2719	0
2720	0
2721	0
2722	0
2723	0
2724	0
2725	0
2726	0
2727	0
2728	1
2729	0
2730	0
2731	0
2732	0
2733	0
2734	0
2735	0
2736	0
2737	0
2738	0
2739	0
2740	0
2741	0
2742	0
2743	0
2744	0
2745	0
2746	0
2747	0
2748	0
2749	0
2750	0
2751	0
2752	0
2753	0
2754	0
2755	0
2756	0
2757	0
2758	0
2759	0
2760	0
2761	0
2762	0
2763	0
2764	0
2765	0
2766	0
2767	0
2768	0
2769	0
2770	0
2771	0
2772	0
2773	0
2774	0
2775	0
2776	0
2777	0
2778	1
2779	0
2780	0
2781	0
2782	0
2783	0
2784	0
2785	0
2786	0
2787	0
2788	0
2789	0
2790	0
2791	0
2792	0
2793	0
2794	0
2795	0
2796	0
2797	0
2798	0
2799	0
2800	0
2801	0
2802	0
2803	0
2804	0
2805	0
2806	0
2807	0
2808	0
2809	0
2810	0
2811	0
2812	0
2813	0
2814	0
2815	0
2816	0
2817	0
2818	0
2819	0
2820	0
2821	0
2822	0
2823	0
2824	0
2825	0
2826	0
2827	0
2828	0
2829	0
2830	0
2831	1
2832	0
2833	0
2834	0
2835	0
2836	0
2837	0
2838	0
2839	0
2840	0
2841	0
2842	0
2843	0
2844	0
2845	0
2846	0
2847	0
2848	0
2849	0
2850	0
2851	0
2852	0
2853	0
2854	0
2855	0
2856	0
2857	0
2858	0
2859	0
2860	0
2861	0
2862	0
2863	0
2864	0
2865	0
2866	0
2867	0
2868	0
2869	0
2870	0
2871	0
2872	0
2873	0
2874	0
2875	0
2876	0
2877	0
2878	0
2879	0
2880	0
2881	0
2882	0
2883	0
2884	0
2885	0
2886	0
2887	0
2888	0
2889	0
2890	0
2891	0
2892	0
2893	0
2894	0
2895	0
2896	0
2897	0
2898	0
2899	0
2900	0
2901	0
2902	0
2903	0
2904	0
2905	0
2906	0
2907	0
2908	0
2909	0
2910	0
2911	0
2912	0
2913	0
2914	0
2915	0
2916	0
2917	0
2918	0
2919	0
2920	0
2921	0
2922	0
2923	0
2924	0
2925	0
2926	0
2927	0
2928	0
2929	0
2930	0
2931	0
2932	0
2933	0
2934	0
2935	0
2936	0
2937	0
2938	0
2939	0
2940	0
2941	0
2942	0
2943	0
2944	0
2945	0
2946	0
2947	0
2948	0
2949	0
2950	0
2951	0
2952	0
2953	0
2954	0
2955	0
2956	0
2957	0
2958	0
2959	0
2960	0
2961	0
2962	0
2963	0
2964	0
2965	0
2966	0
2967	0
2968	0
2969	0
2970	0
2971	0
2972	0
2973	0
2974	0
2975	0
2976	0
2977	0
2978	0
2979	0
2980	0
2981	0
2982	0
2983	0
2984	0
2985	0
2986	0
2987	0
2988	0
2989	0
2990	0
2991	0
2992	0
2993	0
2994	0
2995	0
2996	0
2997	0
2998	0
2999	0
3000	0
3001	0
3002	0
3003	0
3004	0
3005	0
3006	0
3007	0
3008	0
3009	0
3010	0
3011	0
3012	0
3013	0
3014	0
3015	0
3016	0
3017	0
3018	0
3019	0
3020	0
3021	0
3022	0
3023	0
3024	0
3025	0
3026	0
3027	0
3028	0
3029	0
3030	0
3031	0
3032	0
3033	0
3034	0
3035	0
3036	0
3037	0
3038	0
3039	0
3040	0
3041	0
3042	0
3043	0
3044	0
3045	0
3046	0
3047	0
3048	0
3049	0
3050	0
3051	0
3052	0
3053	0
3054	0
3055	0
3056	0
3057	0
3058	0
3059	0
3060	0
3061	0
3062	0
3063	0
3064	0
3065	0
3066	0
3067	0
3068	0
3069	0
3070	0
3071	0
3072	0
3073	1
3074	0
3075	0
3076	0
3077	0
3078	0
3079	0
3080	0
3081	0
3082	0
3083	0
3084	0
3085	0
3086	0
3087	0
3088	0
3089	0
3090	0
3091	0
3092	0
3093	0
3094	0
3095	0
3096	1
3097	0
3098	0
3099	0
3100	0
3101	0
3102	0
3103	0
3104	0
3105	0
3106	0
3107	0
3108	0
3109	0
3110	0
3111	0
3112	0
3113	0
3114	0
3115	0
3116	0
3117	0
3118	0
3119	0
3120	0
3121	0
3122	0
3123	0
3124	0
3125	0
3126	0
3127	0
3128	0
3129	0
3130	0
3131	0
3132	0
3133	0
3134	0
3135	0
3136	0
3137	0
3138	0
3139	0
3140	0
3141	0
3142	0
3143	0
3144	0
3145	0
3146	0
3147	1
3148	0
3149	0
3150	0
3151	0
3152	0
3153	0
3154	0
3155	0
3156	0
3157	0
3158	0
3159	0
3160	0
3161	0
3162	0
3163	0
3164	0
3165	0
3166	0
3167	0
3168	0
3169	0
3170	0
3171	0
3172	0
3173	0
3174	0
3175	0
3176	0
3177	0
3178	0
3179	0
3180	0
3181	0
3182	0
3183	0
3184	0
3185	0
3186	0
3187	0
3188	0
3189	0
3190	0
3191	0
3192	0
3193	0
3194	1
3195	0
3196	0
3197	0
3198	0
3199	1
3200	0
3201	0
3202	0
3203	0
3204	0
3205	0
3206	0
3207	0
3208	0
3209	0
3210	0
3211	0
3212	0
3213	0
3214	0
3215	0
3216	0
3217	0
3218	0
3219	0
3220	0
3221	0
3222	0
3223	0
3224	0
3225	0
3226	0
3227	0
3228	0
3229	0
3230	0
3231	0
3232	0
3233	0
3234	0
3235	0
3236	0
3237	0
3238	0
3239	0
3240	0
3241	0
3242	0
3243	0
3244	0
3245	0
3246	0
3247	0
3248	1
3249	0
3250	0
3251	0
3252	0
3253	0
3254	0
3255	0
3256	2
3257	1
3258	0
3259	0
3260	0
3261	0
3262	0
3263	0
3264	0
3265	1
3266	0
3267	0
3268	0
3269	0
3270	0
3271	0
3272	0
3273	0
3274	1
3275	0
3276	0
3277	1
3278	0
3279	2
3280	0
3281	1
3282	2
3283	0
3284	0
3285	1
3286	0
3287	0
3288	0
3289	0
3290	1
3291	0
3292	1
3293	1
3294	0
3295	0
3296	0
3297	1
3298	0
3299	0
3300	1
3301	0
3302	0
3303	0
3304	1
3305	2
3306	3
3307	5
3308	1
3309	2
3310	1
3311	1
3312	1
3313	0
3314	1
3315	2
3316	2
3317	0
3318	0
3319	1
3320	1
3321	3
3322	0
3323	1
3324	0
3325	3
3326	0
3327	1
3328	3
3329	2
3330	2
3331	1
3332	1
3333	2
3334	5
3335	2
3336	2
3337	2
3338	3
3339	2
3340	4
3341	4
3342	3
3343	5
3344	1
3345	5
3346	2
3347	5
3348	4
3349	4
3350	2
3351	0
3352	9
3353	4
3354	2
3355	5
3356	2
3357	4
3358	3
3359	3
3360	3
3361	8
3362	9
3363	4
3364	5
3365	4
3366	2
3367	3
3368	5
3369	5
3370	8
3371	5
3372	4
3373	3
3374	11
3375	6
3376	6
3377	6
3378	11
3379	5
3380	5
3381	9
3382	6
3383	6
3384	6
3385	5
3386	16
3387	7
3388	6
3389	6
3390	4
3391	12
3392	8
3393	13
3394	11
3395	9
3396	12
3397	7
3398	10
3399	8
3400	6
3401	7
3402	15
3403	13
3404	11
3405	9
3406	11
3407	14
3408	13
3409	8
3410	8
3411	14
3412	13
3413	15
3414	14
3415	13
3416	15
3417	15
3418	15
3419	21
3420	16
3421	16
3422	15
3423	16
3424	14
3425	18
3426	20
3427	21
3428	18
3429	21
3430	18
3431	22
3432	20
3433	8
3434	12
3435	13
3436	24
3437	23
3438	15
3439	17
3440	18
3441	23
3442	16
3443	18
3444	30
3445	23
3446	15
3447	17
3448	21
3449	27
3450	18
3451	23
3452	35
3453	25
3454	20
3455	39
3456	24
3457	24
3458	26
3459	38
3460	29
3461	32
3462	47
3463	25
3464	42
3465	24
3466	28
3467	33
3468	33
3469	27
3470	29
3471	40
3472	33
3473	37
3474	31
3475	36
3476	25
3477	35
3478	37
3479	35
3480	43
3481	46
3482	45
3483	43
3484	37
3485	44
3486	46
3487	44
3488	35
3489	39
3490	36
3491	43
3492	38
3493	44
3494	50
3495	39
3496	48
3497	46
3498	43
3499	50
3500	49
3501	41
3502	63
3503	42
3504	40
3505	50
3506	49
3507	67
3508	55
3509	48
3510	49
3511	43
3512	48
3513	47
3514	51
3515	52
3516	49
3517	65
3518	42
3519	67
3520	78
3521	51
3522	57
3523	55
3524	74
3525	68
3526	58
3527	51
3528	62
3529	63
3530	60
3531	70
3532	53
3533	58
3534	80
3535	57
3536	67
3537	64
3538	67
3539	57
3540	62
3541	74
3542	42
3543	66
3544	62
3545	80
3546	62
3547	63
3548	58
3549	70
3550	67
3551	76
3552	68
3553	70
3554	66
3555	68
3556	70
3557	72
3558	64
3559	62
3560	68
3561	75
3562	79
3563	73
3564	74
3565	94
3566	105
3567	78
3568	76
3569	73
3570	82
3571	60
3572	66
3573	65
3574	75
3575	70
3576	69
3577	65
3578	61
3579	86
3580	88
3581	58
3582	62
3583	59
3584	79
3585	74
3586	75
3587	75
3588	62
3589	83
3590	80
3591	67
3592	77
3593	59
3594	77
3595	59
3596	67
3597	72
3598	82
3599	79
3600	76
3601	70
3602	72
3603	81
3604	69
3605	74
3606	82
3607	67
3608	60
3609	76
3610	69
3611	59
3612	66
3613	65
3614	63
3615	60
3616	73
3617	78
3618	90
3619	64
3620	81
3621	76
3622	65
3623	60
3624	75
3625	58
3626	58
3627	67
3628	67
3629	67
3630	65
3631	79
3632	67
3633	48
3634	52
3635	68
3636	61
3637	49
3638	47
3639	59
3640	84
3641	54
3642	63
3643	47
3644	54
3645	59
3646	70
3647	59
3648	58
3649	57
3650	56
3651	41
3652	74
3653	50
3654	68
3655	56
3656	48
3657	52
3658	46
3659	56
3660	59
3661	52
3662	37
3663	58
3664	46
3665	44
3666	32
3667	51
3668	51
3669	47
3670	45
3671	54
3672	51
3673	39
3674	40
3675	45
3676	48
3677	36
3678	41
3679	35
3680	44
3681	40
3682	31
3683	36
3684	44
3685	35
3686	35
3687	46
3688	32
3689	35
3690	40
3691	22
3692	31
3693	48
3694	30
3695	39
3696	50
3697	37
3698	43
3699	32
3700	39
3701	31
3702	18
3703	23
3704	31
3705	32
3706	33
3707	25
3708	35
3709	17
3710	23
3711	29
3712	19
3713	32
3714	25
3715	28
3716	26
3717	25
3718	31
3719	29
3720	14
3721	22
3722	13
3723	24
3724	20
3725	37
3726	15
3727	15
3728	21
3729	13
3730	24
3731	19
3732	16
3733	21
3734	19
3735	17
3736	11
3737	21
3738	16
3739	17
3740	20
3741	17
3742	16
3743	14
3744	16
3745	15
3746	15
3747	23
3748	17
3749	13
3750	13
3751	12
3752	7
3753	16
3754	7
3755	10
3756	11
3757	12
3758	5
3759	10
3760	11
3761	11
3762	6
3763	9
3764	6
3765	13
3766	9
3767	6
3768	13
3769	10
3770	8
3771	6
3772	9
3773	3
3774	4
3775	6
3776	7
3777	2
3778	6
3779	7
3780	4
3781	9
3782	8
3783	3
3784	5
3785	9
3786	5
3787	9
3788	4
3789	6
3790	6
3791	6
3792	5
3793	6
3794	4
3795	5
3796	7
3797	4
3798	4
3799	4
3800	3
3801	4
3802	7
3803	3
3804	4
3805	9
3806	2
3807	6
3808	5
3809	3
3810	1
3811	3
3812	2
3813	6
3814	1
3815	1
3816	3
3817	1
3818	4
3819	1
3820	4
3821	1
3822	1
3823	1
3824	0
3825	0
3826	2
3827	2
3828	2
3829	3
3830	1
3831	3
3832	2
3833	2
3834	2
3835	4
3836	2
3837	1
3838	1
3839	3
3840	0
3841	1
3842	1
3843	2
3844	1
3845	0
3846	2
3847	1
3848	2
3849	6
3850	0
3851	0
3852	1
3853	0
3854	0
3855	1
3856	0
3857	0
3858	0
3859	0
3860	1
3861	0
3862	0
3863	0
3864	0
3865	0
3866	0
3867	0
3868	2
3869	1
3870	1
3871	1
3872	0
3873	0
3874	0
3875	0
3876	0
3877	1
3878	0
3879	2
3880	0
3881	2
3882	0
3883	0
3884	0
3885	0
3886	1
3887	0
3888	0
3889	0
3890	0
3891	0
3892	1
3893	0
3894	0
3895	0
3896	1
3897	0
3898	0
3899	1
3900	0
3901	0
3902	0
3903	0
3904	0
3905	0
3906	0
3907	0
3908	0
3909	0
3910	0
3911	0
3912	0
3913	0
3914	0
3915	0
3916	0
3917	0
3918	0
3919	0
3920	0
3921	0
3922	0
3923	1
3924	0
3925	0
3926	1
3927	0
3928	0
3929	0
3930	0
3931	0
3932	0
3933	0
3934	0
3935	0
3936	0
3937	0
3938	0
3939	0
3940	0
3941	0
3942	0
3943	0
3944	0
3945	0
3946	0
3947	0
3948	0
3949	0
3950	0
3951	1
3952	0
3953	0
3954	0
3955	0
3956	0
3957	0
3958	0
3959	0
3960	0
3961	0
3962	0
3963	1
3964	0
3965	0
3966	1
3967	0
3968	0
3969	0
3970	1
3971	0
3972	0
3973	0
3974	0
3975	0
3976	0
3977	0
3978	0
3979	0
3980	0
3981	0
3982	0
3983	0
3984	0
3985	0
3986	0
3987	0
3988	0
3989	0
3990	1
3991	0
3992	0
3993	0
3994	0
3995	0
3996	0
3997	0
3998	0
3999	1
4000	0
4001	0
4002	0
4003	0
4004	1
4005	0
4006	0
4007	0
4008	0
4009	0
4010	0
4011	0
4012	0
4013	0
4014	0
4015	0
4016	1
4017	0
4018	0
4019	0
4020	0
4021	0
4022	0
4023	1
4024	0
4025	0
4026	0
4027	0
4028	0
4029	0
4030	0
4031	0
4032	0
4033	0
4034	0
4035	0
4036	0
4037	0
4038	0
4039	0
4040	0
4041	0
4042	0
4043	0
4044	0
4045	0
4046	0
4047	0
4048	0
4049	0
4050	0
4051	0
4052	0
4053	0
4054	0
4055	0
4056	0
4057	0
4058	0
4059	0
4060	1
4061	0
4062	0
4063	0
4064	0
4065	0
4066	0
4067	0
4068	0
4069	0
4070	0
4071	0
4072	0
4073	0
4074	0
4075	0
4076	0
4077	0
4078	0
4079	0
4080	0
4081	0
4082	0
4083	0
4084	0
4085	0
4086	0
4087	0
4088	0
4089	0
4090	0
4091	0
4092	0
4093	0
4094	0
4095	1
4096	0
4097	0
4098	0
4099	0
4100	0
4101	0
4102	0
4103	0
4104	0
4105	0
4106	0
4107	0
4108	0
4109	0
4110	0
4111	0
4112	0
4113	0
4114	0
4115	0
4116	0
4117	0
4118	0
4119	0
4120	0
4121	0
4122	0
4123	0
4124	0
4125	0
4126	0
4127	0
4128	0
4129	0
4130	0
4131	0
4132	0
4133	0
4134	0
4135	0
4136	0
4137	0
4138	0
4139	0
4140	0
4141	0
4142	0
4143	0
4144	0
4145	0
4146	0
4147	0
4148	0
4149	0
4150	0
4151	0
4152	0
4153	0
4154	0
4155	0
4156	0
4157	0
4158	0
4159	0
4160	0
4161	0
4162	0
4163	0
4164	0
4165	0
4166	0
4167	0
4168	0
4169	0
4170	0
4171	0
4172	0
4173	0
4174	0
4175	0
4176	0
4177	0
4178	1
4179	0
4180	0
4181	0
4182	0
4183	0
4184	0
4185	0
4186	0
4187	0
4188	0
4189	0
4190	0
4191	1
4192	0
4193	0
4194	0
4195	1
4196	0
4197	0
4198	0
4199	0
4200	0
4201	0
4202	0
4203	0
4204	0
4205	0
4206	0
4207	0
4208	0
4209	0
4210	0
4211	0
4212	0
4213	0
4214	0
4215	0
4216	0
4217	0
4218	0
4219	0
4220	0
4221	0
4222	0
4223	0
4224	0
4225	0
4226	0
4227	0
4228	0
4229	0
4230	0
4231	0
4232	0
4233	0
4234	0
4235	0
4236	0
4237	0
4238	0
4239	0
4240	0
4241	0
4242	0
4243	0
4244	0
4245	0
4246	0
4247	0
4248	0
4249	0
4250	0
4251	0
4252	0
4253	0
4254	0
4255	0
4256	0
4257	0
4258	0
4259	0
4260	0
4261	0
4262	0
4263	0
4264	0
4265	0
4266	0
4267	0
4268	0
4269	0
4270	0
4271	0
4272	0
4273	0
4274	0
4275	0
4276	0
4277	0
4278	0
4279	0
4280	0
4281	0
4282	0
4283	0
4284	0
4285	0
4286	0
4287	0
4288	0
4289	0
4290	0
4291	0
4292	0
4293	0
4294	0
4295	0
4296	0
4297	0
4298	0
4299	0
4300	0
4301	0
4302	0
4303	0
4304	0
4305	0
4306	0
4307	0
4308	0
4309	0
4310	0
4311	0
4312	0
4313	0
4314	0
4315	0
4316	0
4317	0
4318	0
4319	0
4320	0
4321	0
4322	0
4323	0
4324	0
4325	0
4326	0
4327	0
4328	0
4329	0
4330	0
4331	0
4332	0
4333	0
4334	0
4335	0
4336	0
4337	0
4338	0
4339	0
4340	0
4341	0
4342	0
4343	0
4344	0
4345	0
4346	0
4347	0
4348	0
4349	0
4350	0
4351	0
4352	0
4353	0
4354	0
4355	0
4356	0
4357	0
4358	0
4359	0
4360	0
4361	0
4362	0
4363	0
4364	0
4365	0
4366	0
4367	0
4368	0
4369	0
4370	0
4371	0
4372	0
4373	0
4374	0
4375	0
4376	0
4377	0
4378	0
4379	0
4380	0
4381	0
4382	0
4383	0
4384	0
4385	0
4386	0
4387	0
4388	0
4389	0
4390	0
4391	0
4392	0
4393	0
4394	0
4395	0
4396	0
4397	0
4398	0
4399	0
4400	0
4401	0
4402	0
4403	0
4404	0
4405	0
4406	0
4407	0
4408	0
4409	0
4410	0
4411	0
4412	0
4413	0
4414	0
4415	0
4416	0
4417	0
4418	0
4419	0
4420	0
4421	0
4422	1
4423	0
4424	0
4425	0
4426	0
4427	0
4428	0
4429	0
4430	0
4431	0
4432	0
4433	0
4434	0
4435	0
4436	0
4437	0
4438	0
4439	0
4440	0
4441	0
4442	0
4443	0
4444	0
4445	0
4446	1
4447	0
4448	0
4449	0
4450	0
4451	0
4452	0
4453	0
4454	0
4455	0
4456	1
4457	1
4458	0
4459	0
4460	0
4461	0
4462	0
4463	1
4464	0
4465	0
4466	0
4467	0
4468	0
4469	0
4470	0
4471	0
4472	0
4473	0
4474	1
4475	0
4476	0
4477	0
4478	0
4479	0
4480	0
4481	0
4482	0
4483	0
4484	0
4485	0
4486	0
4487	0
4488	0
4489	0
4490	1
4491	0
4492	0
4493	0
4494	0
4495	1
4496	0
4497	0
4498	1
4499	0
4500	0
4501	0
4502	0
4503	0
4504	2
4505	0
4506	0
4507	0
4508	0
4509	1
4510	0
4511	0
4512	0
4513	0
4514	0
4515	0
4516	0
4517	0
4518	0
4519	0
4520	0
4521	0
4522	0
4523	1
4524	0
4525	0
4526	0
4527	1
4528	0
4529	1
4530	0
4531	0
4532	0
4533	0
4534	0
4535	0
4536	2
4537	0
4538	0
4539	0
4540	2
4541	0
4542	2
4543	1
4544	1
4545	0
4546	0
4547	0
4548	0
4549	2
4550	0
4551	0
4552	0
4553	1
4554	1
4555	1
4556	0
4557	0
4558	0
4559	0
4560	2
4561	0
4562	0
4563	1
4564	0
4565	0
4566	1
4567	1
4568	0
4569	1
4570	0
4571	2
4572	1
4573	0
4574	2
4575	1
4576	0
4577	1
4578	4
4579	3
4580	1
4581	1
4582	2
4583	2
4584	0
4585	0
4586	1
4587	2
4588	1
4589	2
4590	2
4591	2
4592	0
4593	2
4594	0
4595	2
4596	1
4597	3
4598	0
4599	3
4600	1
4601	2
4602	1
4603	2
4604	5
4605	3
4606	2
4607	6
4608	1
4609	7
4610	6
4611	3
4612	5
4613	3
4614	3
4615	6
4616	3
4617	5
4618	1
4619	6
4620	4
4621	3
4622	2
4623	3
4624	9
4625	6
4626	4
4627	6
4628	6
4629	3
4630	4
4631	4
4632	7
4633	6
4634	7
4635	3
4636	9
4637	5
4638	7
4639	11
4640	8
4641	7
4642	11
4643	7
4644	9
4645	6
4646	6
4647	5
4648	9
4649	2
4650	6
4651	8
4652	14
4653	7
4654	12
4655	15
4656	11
4657	5
4658	14
4659	8
4660	9
4661	11
4662	6
4663	16
4664	9
4665	13
4666	11
4667	14
4668	19
4669	10
4670	12
4671	12
4672	16
4673	17
4674	18
4675	14
4676	12
4677	10
4678	10
4679	15
4680	19
4681	20
4682	18
4683	19
4684	16
4685	16
4686	21
4687	14
4688	13
4689	19
4690	22
4691	15
4692	17
4693	17
4694	18
4695	14
4696	27
4697	21
4698	26
4699	26
4700	22
4701	20
4702	27
4703	20
4704	26
4705	30
4706	20
4707	26
4708	19
4709	25
4710	19
4711	32
4712	28
4713	40
4714	36
4715	34
4716	22
4717	23
4718	25
4719	33
4720	32
4721	29
4722	26
4723	26
4724	31
4725	28
4726	39
4727	42
4728	32
4729	45
4730	38
4731	39
4732	33
4733	31
4734	37
4735	33
4736	41
4737	49
4738	29
4739	48
4740	47
4741	42
4742	37
4743	47
4744	45
4745	45
4746	46
4747	42
4748	51
4749	37
4750	35
4751	53
4752	43
4753	44
4754	41
4755	53
4756	53
4757	52
4758	45
4759	53
4760	57
4761	55
4762	60
4763	42
4764	57
4765	53
4766	52
4767	42
4768	47
4769	57
4770	51
4771	69
4772	63
4773	60
4774	55
4775	62
4776	56
4777	52
4778	56
4779	55
4780	58
4781	59
4782	64
4783	60
4784	66
4785	54
4786	69
4787	61
4788	58
4789	56
4790	58
4791	66
4792	62
4793	52
4794	75
4795	67
4796	56
4797	65
4798	72
4799	75
4800	75
4801	65
4802	61
4803	74
4804	75
4805	69
4806	70
4807	71
4808	74
4809	77
4810	58
4811	69
4812	65
4813	55
4814	71
4815	77
4816	75
4817	84
4818	67
4819	66
4820	60
4821	68
4822	77
4823	68
4824	68
4825	82
4826	57
4827	67
4828	64
4829	75
4830	68
4831	67
4832	59
4833	69
4834	77
4835	69
4836	79
4837	81
4838	68
4839	68
4840	72
4841	76
4842	80
4843	82
4844	80
4845	75
4846	66
4847	81
4848	62
4849	79
4850	67
4851	91
4852	58
4853	56
4854	66
4855	87
4856	59
4857	66
4858	65
4859	71
4860	68
4861	84
4862	51
4863	62
4864	72
4865	82
4866	82
4867	72
4868	70
4869	74
4870	84
4871	60
4872	78
4873	64
4874	84
4875	61
4876	73
4877	53
4878	70
4879	70
4880	58
4881	52
4882	77
4883	55
4884	72
4885	49
4886	63
4887	61
4888	61
4889	54
4890	59
4891	60
4892	59
4893	65
4894	60
4895	61
4896	59
4897	49
4898	49
4899	58
4900	54
4901	52
4902	55
4903	40
4904	46
4905	43
4906	52
4907	51
4908	66
4909	53
4910	50
4911	49
4912	50
4913	45
4914	57
4915	50
4916	54
4917	38
4918	44
4919	48
4920	56
4921	45
4922	31
4923	41
4924	41
4925	39
4926	49
4927	44
4928	41
4929	49
4930	44
4931	33
4932	33
4933	40
4934	33
4935	32
4936	48
4937	39
4938	36
4939	33
4940	31
4941	36
4942	33
4943	45
4944	33
4945	35
4946	27
4947	29
4948	26
4949	32
4950	25
4951	25
4952	28
4953	29
4954	24
4955	27
4956	23
4957	23
4958	39
4959	24
4960	25
4961	26
4962	23
4963	21
4964	22
4965	34
4966	12
4967	28
4968	34
4969	19
4970	17
4971	26
4972	30
4973	27
4974	21
4975	23
4976	19
4977	18
4978	22
4979	25
4980	28
4981	24
4982	14
4983	15
4984	25
4985	17
4986	19
4987	20
4988	12
4989	19
4990	16
4991	22
4992	11
4993	19
4994	15
4995	10
4996	21
4997	16
4998	16
4999	17
5000	14
5001	13
5002	14
5003	14
5004	12
5005	14
5006	14
5007	12
5008	12
5009	8
5010	9
5011	8
5012	15
5013	9
5014	8
5015	5
5016	13
5017	11
5018	11
5019	12
5020	11
5021	8
5022	8
5023	6
5024	6
5025	8
5026	5
5027	7
5028	6
5029	9
5030	6
5031	5
5032	6
5033	7
5034	8
5035	3
5036	8
5037	7
5038	7
5039	2
5040	5
5041	7
5042	4
5043	3
5044	7
5045	4
5046	6
5047	7
5048	5
5049	5
5050	2
5051	3
5052	3
5053	2
5054	6
5055	3
5056	3
5057	5
5058	1
5059	2
5060	4
5061	3
5062	7
5063	4
5064	4
5065	4
5066	1
5067	5
5068	2
5069	1
5070	3
5071	2
5072	1
5073	1
5074	3
5075	1
5076	1
5077	2
5078	2
5079	0
5080	3
5081	2
5082	0
5083	0
5084	1
5085	2
5086	0
5087	1
5088	2
5089	2
5090	2
5091	0
5092	3
5093	1
5094	1
5095	1
5096	1
5097	2
5098	2
5099	1
5100	3
5101	2
5102	2
5103	0
5104	1
5105	1
5106	1
5107	2
5108	2
5109	0
5110	1
5111	0
5112	1
5113	0
5114	0
5115	0
5116	1
5117	0
5118	1
5119	1
5120	0
5121	0
5122	0
5123	1
5124	0
5125	0
5126	1
5127	0
5128	1
5129	1
5130	0
5131	1
5132	0
5133	1
5134	1
5135	1
5136	0
5137	1
5138	2
5139	0
5140	2
5141	1
5142	1
5143	0
5144	0
5145	0
5146	0
5147	0
5148	0
5149	0
5150	0
5151	1
5152	1
5153	1
5154	0
5155	0
5156	0
5157	0
5158	0
5159	0
5160	0
5161	1
5162	0
5163	0
5164	0
5165	0
5166	0
5167	0
5168	0
5169	0
5170	0
5171	0
5172	1
5173	0
5174	0
5175	0
5176	0
5177	0
5178	0
5179	0
5180	0
5181	0
5182	0
5183	0
5184	0
5185	0
5186	1
5187	0
5188	0
5189	0
5190	0
5191	0
5192	0
5193	0
5194	0
5195	0
5196	0
5197	0
5198	0
5199	0
5200	0
5201	1
5202	0
5203	0
5204	0
5205	0
5206	0
5207	0
5208	0
5209	0
5210	0
5211	0
5212	0
5213	0
5214	1
5215	0
5216	0
5217	0
5218	0
5219	0
5220	0
5221	1
5222	0
5223	0
5224	0
5225	0
5226	0
5227	0
5228	0
5229	0
5230	0
5231	0
5232	0
5233	0
5234	0
5235	0
5236	0
5237	0
5238	0
5239	0
5240	0
5241	0
5242	0
5243	0
5244	0
5245	0
5246	0
5247	0
5248	0
5249	0
5250	0
5251	0
5252	1
5253	0
5254	0
5255	0
5256	0
5257	1
5258	0
5259	0
5260	0
5261	0
5262	0
5263	0
5264	0
5265	0
5266	0
5267	0
5268	0
5269	0
5270	0
5271	0
5272	0
5273	0
5274	0
5275	0
5276	0
5277	0
5278	0
5279	0
5280	0
5281	0
5282	0
5283	0
5284	0
5285	0
5286	0
5287	0
5288	0
5289	0
5290	0
5291	0
5292	0
5293	0
5294	0
5295	0
5296	0
5297	0
5298	0
5299	0
5300	0
5301	0
5302	0
5303	0
5304	0
5305	0
5306	0
5307	0
5308	0
5309	0
5310	0
5311	0
5312	0
5313	0
5314	0
5315	1
5316	0
5317	0
5318	0
5319	0
5320	0
5321	0
5322	0
5323	0
5324	0
5325	0
5326	0
5327	0
5328	0
5329	0
5330	0
5331	0
5332	0
5333	0
5334	0
5335	0
5336	0
5337	0
5338	0
5339	0
5340	0
5341	0
5342	0
5343	0
5344	0
5345	0
5346	0
5347	0
5348	0
5349	0
5350	0
5351	0
5352	0
5353	0
5354	0
5355	0
5356	0
5357	0
5358	0
5359	0
5360	0
5361	0
5362	0
5363	0
5364	0
5365	0
5366	0
5367	0
5368	0
5369	0
5370	0
5371	0
5372	0
5373	0
5374	0
5375	0
5376	0
5377	0
5378	0
5379	0
5380	0
5381	0
5382	0
5383	0
5384	0
5385	0
5386	0
5387	0
5388	0
5389	0
5390	0
5391	0
5392	0
5393	0
5394	0
5395	0
5396	0
5397	0
5398	0
5399	1
5400	0
5401	0
5402	0
5403	0
5404	0
5405	0
5406	0
5407	0
5408	0
5409	0
5410	0
5411	0
5412	0
5413	0
5414	0
5415	0
5416	0
5417	0
5418	0
5419	0
5420	0
5421	0
5422	1
5423	0
5424	0
5425	0
5426	0
5427	0
5428	0
5429	0
5430	0
5431	0
5432	0
5433	0
5434	0
5435	0
5436	0
5437	0
5438	0
5439	0
5440	0
5441	0
5442	0
5443	0
5444	0
5445	0
5446	0
5447	0
5448	0
5449	0
5450	0
5451	0
5452	0
5453	0
5454	0
5455	0
5456	0
5457	0
5458	0
5459	0
5460	0
5461	0
5462	0
5463	0
5464	0
5465	0
5466	0
5467	0
5468	0
5469	0
5470	0
5471	0
5472	0
5473	0
5474	0
5475	0
5476	0
5477	0
5478	0
5479	0
5480	0
5481	0
5482	0
5483	0
5484	0
5485	0
5486	0
5487	0
5488	0
5489	0
5490	0
5491	0
5492	0
5493	0
5494	0
5495	0
5496	0
5497	0
5498	0
5499	0
5500	0
5501	0
5502	0
5503	0
5504	0
5505	0
5506	0
5507	0
5508	0
5509	0
5510	0
5511	0
5512	0
5513	0
5514	0
5515	0
5516	1
5517	0
5518	0
5519	0
5520	0
5521	0
5522	0
5523	0
5524	0
5525	0
5526	0
5527	0
5528	0
5529	0
5530	0
5531	0
5532	0
5533	0
5534	0
5535	0
5536	0
5537	0
5538	0
5539	0
5540	0
5541	0
5542	0
5543	0
5544	0
5545	0
5546	0
5547	0
5548	0
5549	0
5550	0
5551	0
5552	0
5553	0
5554	0
5555	0
5556	1
5557	0
5558	1
5559	0
5560	0
5561	0
5562	0
5563	0
5564	0
5565	0
5566	0
5567	0
5568	0
5569	0
5570	0
5571	0
5572	0
5573	0
5574	0
5575	0
5576	0
5577	0
5578	0
5579	0
5580	0
5581	1
5582	0
5583	0
5584	0
5585	0
5586	0
5587	0
5588	0
5589	0
5590	0
5591	0
5592	0
5593	0
5594	0
5595	0
5596	0
5597	0
5598	0
5599	0
5600	0
5601	0
5602	0
5603	0
5604	0
5605	0
5606	0
5607	0
5608	0
5609	0
5610	0
5611	0
5612	1
5613	0
5614	0
5615	0
5616	0
5617	0
5618	0
5619	0
5620	0
5621	0
5622	0
5623	0
5624	0
5625	0
5626	0
5627	0
5628	0
5629	0
5630	0
5631	0
5632	0
5633	0
5634	0
5635	0
5636	0
5637	0
5638	0
5639	0
5640	0
5641	0
5642	0
5643	0
5644	0
5645	0
5646	0
5647	0
5648	0
5649	0
5650	0
5651	0
5652	0
5653	0
5654	0
5655	0
5656	0
5657	0
5658	0
5659	0
5660	0
5661	0
5662	0
5663	0
5664	0
5665	0
5666	0
5667	0
5668	0
5669	0
5670	0
5671	0
5672	0
5673	0
5674	0
5675	0
5676	1
5677	0
5678	0
5679	0
5680	0
5681	0
5682	0
5683	0
5684	0
5685	0
5686	1
5687	0
5688	0
5689	0
5690	0
5691	0
5692	0
5693	0
5694	0
5695	0
5696	1
5697	0
5698	0
5699	0
5700	0
5701	0
5702	0
5703	0
5704	0
5705	0
5706	0
5707	0
5708	0
5709	0
5710	0
5711	0
5712	0
5713	0
5714	0
5715	0
5716	0
5717	0
5718	0
5719	0
5720	0
5721	0
5722	0
5723	0
5724	0
5725	0
5726	0
5727	0
5728	0
5729	0
5730	0
5731	0
5732	0
5733	0
5734	0
5735	0
5736	0
5737	0
5738	0
5739	1
5740	0
5741	0
5742	0
5743	0
5744	0
5745	0
5746	0
5747	1
5748	1
5749	0
5750	0
5751	0
5752	1
5753	0
5754	0
5755	0
5756	0
5757	0
5758	0
5759	0
5760	0
5761	0
5762	0
5763	0
5764	0
5765	1
5766	0
5767	1
5768	0
5769	0
5770	0
5771	0
5772	1
5773	0
5774	0
5775	0
5776	0
5777	1
5778	0
5779	0
5780	1
5781	0
5782	0
5783	2
5784	0
5785	0
5786	0
5787	1
5788	0
5789	0
5790	2
5791	0
5792	1
5793	0
5794	1
5795	0
5796	0
5797	0
5798	0
5799	0
5800	1
5801	0
5802	0
5803	0
5804	0
5805	2
5806	0
5807	1
5808	2
5809	0
5810	0
5811	1
5812	0
5813	1
5814	0
5815	1
5816	1
5817	0
5818	2
5819	1
5820	0
5821	1
5822	1
5823	0
5824	1
5825	1
5826	0
5827	0
5828	1
5829	2
5830	2
5831	1
5832	0
5833	2
5834	1
5835	5
5836	0
5837	2
5838	1
5839	1
5840	2
5841	2
5842	4
5843	1
5844	1
5845	1
5846	3
5847	2
5848	2
5849	3
5850	0
5851	2
5852	1
5853	3
5854	2
5855	6
5856	2
5857	2
5858	5
5859	4
5860	4
5861	3
5862	1
5863	1
5864	2
5865	3
5866	1
5867	0
5868	5
5869	5
5870	6
5871	3
5872	3
5873	6
5874	4
5875	11
5876	4
5877	9
5878	3
5879	3
5880	4
5881	11
5882	5
5883	6
5884	3
5885	3
5886	5
5887	6
5888	7
5889	5
5890	9
5891	5
5892	6
5893	8
5894	4
5895	6
5896	7
5897	9
5898	8
5899	3
5900	7
5901	8
5902	18
5903	11
5904	8
5905	10
5906	7
5907	9
5908	6
5909	10
5910	16
5911	10
5912	7
5913	10
5914	9
5915	9
5916	12
5917	13
5918	11
5919	12
5920	12
5921	17
5922	11
5923	14
5924	13
5925	15
5926	12
5927	7
5928	14
5929	10
5930	27
5931	17
5932	17
5933	18
5934	13
5935	16
5936	15
5937	21
5938	24
5939	16
5940	20
5941	21
5942	18
5943	16
5944	19
5945	10
5946	25
5947	25
5948	24
5949	22
5950	17
5951	16
5952	23
5953	28
5954	29
5955	24
5956	28
5957	22
5958	17
5959	20
5960	24
5961	26
5962	27
5963	29
5964	28
5965	23
5966	24
5967	24
5968	22
5969	31
5970	25
5971	28
5972	32
5973	23
5974	29
5975	27
5976	33
5977	33
5978	32
5979	42
5980	22
5981	28
5982	30
5983	38
5984	43
5985	36
5986	34
5987	33
5988	37
5989	43
5990	40
5991	38
5992	44
5993	31
5994	49
5995	36
5996	40
5997	33
5998	38
5999	38
6000	35
6001	52
6002	52
6003	54
6004	42
6005	47
6006	37
6007	45
6008	54
6009	51
6010	55
6011	52
6012	58
6013	36
6014	43
6015	51
6016	56
6017	47
6018	57
6019	52
6020	54
6021	54
6022	48
6023	48
6024	50
6025	40
6026	59
6027	49
6028	65
6029	68
6030	48
6031	54
6032	78
6033	70
6034	52
6035	56
6036	57
6037	46
6038	51
6039	46
6040	72
6041	77
6042	63
6043	63
6044	48
6045	65
6046	62
6047	68
6048	77
6049	50
6050	78
6051	64
6052	66
6053	71
6054	55
6055	58
6056	63
6057	58
6058	67
6059	63
6060	85
6061	70
6062	63
6063	88
6064	51
6065	59
6066	52
6067	60
6068	64
6069	68
6070	77
6071	61
6072	84
6073	65
6074	74
6075	67
6076	67
6077	70
6078	72
6079	75
6080	72
6081	74
6082	71
6083	55
6084	72
6085	79
6086	68
6087	63
6088	71
6089	67
6090	86
6091	65
6092	60
6093	75
6094	93
6095	80
6096	68
6097	68
6098	98
6099	67
6100	80
6101	75
6102	57
6103	74
6104	62
6105	64
6106	73
6107	80
6108	85
6109	65
6110	67
6111	80
6112	75
6113	55
6114	65
6115	62
6116	74
6117	81
6118	61
6119	70
6120	56
6121	86
6122	70
6123	64
6124	71
6125	58
6126	61
6127	82
6128	61
6129	59
6130	50
6131	66
6132	70
6133	70
6134	60
6135	72
6136	47
6137	62
6138	65
6139	61
6140	56
6141	68
6142	49
6143	65
6144	56
6145	59
6146	58
6147	55
6148	44
6149	42
6150	67
6151	46
6152	57
6153	58
6154	57
6155	50
6156	46
6157	47
6158	38
6159	50
6160	55
6161	45
6162	62
6163	50
6164	54
6165	48
6166	48
6167	34
6168	48
6169	50
6170	62
6171	45
6172	48
6173	51
6174	46
6175	39
6176	51
6177	49
6178	40
6179	37
6180	40
6181	54
6182	44
6183	56
6184	37
6185	45
6186	36
6187	37
6188	41
6189	36
6190	35
6191	37
6192	41
6193	28
6194	46
6195	47
6196	39
6197	38
6198	35
6199	25
6200	27
6201	35
6202	26
6203	26
6204	28
6205	29
6206	35
6207	20
6208	18
6209	28
6210	33
6211	34
6212	24
6213	27
6214	11
6215	29
6216	22
6217	22
6218	21
6219	21
6220	22
6221	30
6222	21
6223	21
6224	21
6225	26
6226	18
6227	23
6228	29
6229	20
6230	20
6231	23
6232	24
6233	14
6234	15
6235	22
6236	22
6237	15
6238	19
6239	20
6240	9
6241	22
6242	15
6243	22
6244	15
6245	16
6246	14
6247	17
6248	18
6249	21
6250	8
6251	10
6252	10
6253	12
6254	25
6255	13
6256	11
6257	13
6258	13
6259	13
6260	18
6261	8
6262	9
6263	12
6264	17
6265	7
6266	10
6267	12
6268	14
6269	8
6270	8
6271	12
6272	10
6273	8
6274	12
6275	10
6276	8
6277	5
6278	12
6279	5
6280	7
6281	14
6282	8
6283	9
6284	10
6285	4
6286	9
6287	6
6288	9
6289	4
6290	3
6291	9
6292	4
6293	8
6294	7
6295	4
6296	1
6297	6
6298	9
6299	4
6300	3
6301	4
6302	8
6303	8
6304	2
6305	6
6306	1
6307	5
6308	3
6309	5
6310	6
6311	8
6312	6
6313	7
6314	2
6315	3
6316	3
6317	4
6318	4
6319	4
6320	0
6321	0
6322	4
6323	1
6324	2
6325	2
6326	2
6327	4
6328	3
6329	5
6330	4
6331	3
6332	1
6333	1
6334	3
6335	0
6336	1
6337	2
6338	1
6339	2
6340	2
6341	1
6342	1
6343	2
6344	4
6345	2
6346	0
6347	1
6348	1
6349	1
6350	2
6351	1
6352	1
6353	3
6354	1
6355	1
6356	0
6357	2
6358	0
6359	1
6360	1
6361	1
6362	1
6363	0
6364	0
6365	1
6366	1
6367	0
6368	1
6369	3
6370	0
6371	0
6372	0
6373	1
6374	1
6375	0
6376	1
6377	0
6378	1
6379	0
6380	0
6381	0
6382	1
6383	0
6384	1
6385	2
6386	1
6387	0
6388	0
6389	0
6390	0
6391	1
6392	0
6393	0
6394	0
6395	0
6396	1
6397	0
6398	0
6399	0
6400	0
6401	0
6402	1
6403	0
6404	1
6405	0
6406	0
6407	1
6408	0
6409	0
6410	0
6411	0
6412	1
6413	0
6414	0
6415	0
6416	0
6417	0
6418	0
6419	0
6420	0
6421	0
6422	0
6423	0
6424	0
6425	0
6426	0
6427	0
6428	0
6429	0
6430	0
6431	0
6432	0
6433	0
6434	0
6435	1
6436	0
6437	0
6438	0
6439	0
6440	0
6441	0
6442	0
6443	0
6444	0
6445	0
6446	0
6447	0
6448	0
6449	1
6450	0
6451	0
6452	0
6453	0
6454	0
6455	0
6456	1
6457	0
6458	0
6459	0
6460	0
6461	0
6462	0
6463	0
6464	0
6465	0
6466	0
6467	0
6468	0
6469	0
6470	0
6471	0
6472	0
6473	0
6474	0
6475	0
6476	0
6477	0
6478	0
6479	0
6480	0
6481	0
6482	0
6483	0
6484	0
6485	0
6486	0
6487	0
6488	0
6489	0
6490	0
6491	0
6492	0
6493	0
6494	0
6495	1
6496	0
6497	0
6498	0
6499	0
6500	0
6501	0
6502	0
6503	0
6504	0
6505	0
6506	0
6507	0
6508	0
6509	0
6510	0
6511	0
6512	0
6513	0
6514	0
6515	0
6516	0
6517	0
6518	0
6519	0
6520	0
6521	0
6522	0
6523	0
6524	0
6525	0
6526	0
6527	0
6528	0
6529	0
6530	0
6531	0
6532	0
6533	0
6534	0
6535	0
6536	0
6537	1
6538	0
6539	0
6540	0
6541	0
6542	0
6543	0
6544	0
6545	0
6546	0
6547	0
6548	0
6549	0
6550	0
6551	0
6552	0
6553	0
6554	0
6555	0
6556	0
6557	0
6558	0
6559	0
6560	0
6561	0
6562	0
6563	0
6564	0
6565	0
6566	0
6567	0
6568	0
6569	0
6570	0
6571	0
6572	0
6573	0
6574	0
6575	0
6576	0
6577	0
6578	0
6579	0
6580	0
6581	0
6582	0
6583	0
6584	0
6585	0
6586	0
6587	0
6588	0
6589	0
6590	0
6591	0
6592	0
6593	0
6594	0
6595	0
6596	0
6597	0
6598	0
6599	0
6600	0
6601	0
6602	0
6603	0
6604	0
6605	0
6606	0
6607	0
6608	0
6609	0
6610	0
6611	0
6612	0
6613	0
6614	0
6615	0
6616	0
6617	0
6618	0
6619	0
6620	0
6621	0
6622	0
6623	0
6624	0
6625	0
6626	0
6627	0
6628	0
6629	0
6630	0
6631	0
6632	0
6633	0
6634	0
6635	0
6636	0
6637	0
6638	0
6639	0
6640	0
6641	0
6642	0
6643	0
6644	0
6645	0
6646	0
6647	0
6648	0
6649	0
6650	0
6651	0
6652	0
6653	0
6654	1
6655	0
6656	0
6657	0
6658	1
6659	0
6660	0
6661	0
6662	0
6663	0
6664	0
6665	0
6666	0
6667	0
6668	0
6669	0
6670	0
6671	0
6672	0
6673	0
6674	0
6675	0
6676	0
6677	0
6678	0
6679	0
6680	0
6681	0
6682	0
6683	0
6684	0
6685	0
6686	0
6687	0
6688	0
6689	0
6690	0
6691	0
6692	0
6693	0
6694	0
6695	0
6696	0
6697	0
6698	0
6699	0
6700	0
6701	0
6702	0
6703	0
6704	0
6705	0
6706	0
6707	0
6708	0
6709	0
6710	0
6711	0
6712	0
6713	0
6714	0
6715	0
6716	0
6717	0
6718	0
6719	0
6720	0
6721	0
6722	0
6723	0
6724	0
6725	0
6726	0
6727	0
6728	0
6729	0
6730	0
6731	0
6732	0
6733	0
6734	0
6735	0
6736	0
6737	0
6738	0
6739	0
6740	0
6741	0
6742	0
6743	0
6744	0
6745	0
6746	0
6747	0
6748	0
6749	0
6750	0
6751	0
6752	0
6753	0
6754	0
6755	0
6756	0
6757	0
6758	0
6759	0
6760	0
6761	1
6762	0
6763	0
6764	0
6765	0
6766	0
6767	0
6768	0
6769	0
6770	0
6771	0
6772	0
6773	1
6774	0
6775	0
6776	0
6777	0
6778	0
6779	0
6780	0
6781	0
6782	0
6783	0
6784	0
6785	0
6786	0
6787	0
6788	0
6789	0
6790	0
6791	0
6792	0
6793	0
6794	0
6795	0
6796	0
6797	0
6798	0
6799	0
6800	0
6801	0
6802	0
6803	0
6804	0
6805	0
6806	0
6807	0
6808	0
6809	0
6810	0
6811	0
6812	0
6813	0
6814	0
6815	0
6816	0
6817	0
6818	0
6819	0
6820	0
6821	0
6822	0
6823	0
6824	0
6825	0
6826	0
6827	0
6828	0
6829	0
6830	0
6831	0
6832	0
6833	0
6834	0
6835	0
6836	0
6837	0
6838	0
6839	0
6840	0
6841	0
6842	0
6843	0
6844	0
6845	1
6846	0
6847	0
6848	0
6849	0
6850	0
6851	0
6852	0
6853	0
6854	0
6855	0
6856	1
6857	0
6858	0
6859	1
6860	0
6861	0
6862	1
6863	0
6864	0
6865	0
6866	0
6867	0
6868	0
6869	0
6870	0
6871	0
6872	0
6873	0
6874	0
6875	0
6876	0
6877	0
6878	0
6879	0
6880	0
6881	0
6882	0
6883	0
6884	0
6885	0
6886	0
6887	0
6888	0
6889	0
6890	0
6891	0
6892	1
6893	0
6894	0
6895	0
6896	0
6897	0
6898	0
6899	0
6900	0
6901	0
6902	0
6903	0
6904	0
6905	0
6906	0
6907	0
6908	0
6909	0
6910	0
6911	0
6912	0
6913	0
6914	0
6915	0
6916	0
6917	0
6918	0
6919	0
6920	0
6921	0
6922	0
6923	0
6924	0
6925	0
6926	0
6927	0
6928	0
6929	0
6930	0
6931	0
6932	0
6933	0
6934	0
6935	0
6936	0
6937	0
6938	0
6939	0
6940	0
6941	0
6942	0
6943	0
6944	0
6945	0
6946	0
6947	0
6948	1
6949	0
6950	0
6951	0
6952	0
6953	0
6954	0
6955	0
6956	0
6957	0
6958	0
6959	0
6960	0
6961	0
6962	0
6963	0
6964	0
6965	0
6966	0
6967	0
6968	0
6969	0
6970	0
6971	0
6972	0
6973	0
6974	0
6975	0
6976	0
6977	1
6978	0
6979	0
6980	0
6981	0
6982	0
6983	0
6984	1
6985	0
6986	0
6987	0
6988	0
6989	1
6990	0
6991	0
6992	0
6993	1
6994	0
6995	0
6996	0
6997	0
6998	0
6999	1
7000	0
7001	0
7002	0
7003	1
7004	0
7005	1
7006	0
7007	0
7008	0
7009	0
7010	0
7011	0
7012	0
7013	0
7014	2
7015	0
7016	0
7017	0
7018	0
7019	0
7020	0
7021	1
7022	0
7023	0
7024	0
7025	0
7026	0
7027	0
7028	0
7029	0
7030	0
7031	1
7032	2
7033	0
7034	0
7035	0
7036	0
7037	0
7038	0
7039	0
7040	1
7041	0
7042	0
7043	0
7044	0
7045	0
7046	0
7047	0
7048	1
7049	1
7050	0
7051	0
7052	0
7053	1
7054	0
7055	1
7056	0
7057	1
7058	0
7059	0
7060	0
7061	2
7062	0
7063	1
7064	0
7065	0
7066	1
7067	0
7068	2
7069	2
7070	2
7071	0
7072	0
7073	1
7074	2
7075	0
7076	1
7077	0
7078	0
7079	3
7080	1
7081	3
7082	1
7083	0
7084	0
7085	1
7086	2
7087	0
7088	2
7089	2
7090	3
7091	2
7092	1
7093	1
7094	0
7095	4
7096	3
7097	3
7098	0
7099	4
7100	1
7101	2
7102	1
7103	2
7104	4
7105	3
7106	2
7107	4
7108	3
7109	4
7110	2
7111	3
7112	3
7113	1
7114	6
7115	2
7116	1
7117	4
7118	2
7119	3
7120	0
7121	3
7122	7
7123	4
7124	2
7125	4
7126	6
7127	1
7128	4
7129	8
7130	3
7131	6
7132	4
7133	7
7134	4
7135	5
7136	6
7137	6
7138	8
7139	8
7140	3
7141	10
7142	5
7143	8
7144	8
7145	7
7146	6
7147	2
7148	5
7149	8
7150	7
7151	6
7152	9
7153	8
7154	7
7155	5
7156	7
7157	16
7158	4
7159	9
7160	7
7161	6
7162	11
7163	11
7164	5
7165	11
7166	8
7167	11
7168	10
7169	5
7170	12
7171	10
7172	15
7173	14
7174	17
7175	11
7176	7
7177	12
7178	16
7179	9
7180	13
7181	6
7182	12
7183	11
7184	18
7185	10
7186	18
7187	14
7188	14
7189	24
7190	27
7191	18
7192	17
7193	16
7194	17
7195	23
7196	15
7197	26
7198	16
7199	13
7200	23
7201	17
7202	26
7203	22
7204	21
7205	18
7206	18
7207	15
7208	20
7209	18
7210	20
7211	24
7212	21
7213	21
7214	28
7215	29
7216	23
7217	29
7218	29
7219	37
7220	27
7221	32
7222	29
7223	26
7224	32
7225	35
7226	25
7227	41
7228	35
7229	25
7230	26
7231	21
7232	34
7233	35
7234	35
7235	38
7236	42
7237	32
7238	41
7239	38
7240	31
7241	47
7242	30
7243	43
7244	38
7245	41
7246	38
7247	36
7248	44
7249	41
7250	35
7251	51
7252	57
7253	46
7254	55
7255	44
7256	43
7257	49
7258	45
7259	49
7260	48
7261	40
7262	43
7263	47
7264	61
7265	51
7266	59
7267	36
7268	43
7269	40
7270	69
7271	51
7272	61
7273	67
7274	43
7275	58
7276	40
7277	57
7278	60
7279	50
7280	61
7281	63
7282	64
7283	57
7284	72
7285	52
7286	65
7287	55
7288	57
7289	85
7290	67
7291	80
7292	45
7293	53
7294	62
7295	63
7296	71
7297	68
7298	77
7299	60
7300	77
7301	77
7302	68
7303	68
7304	69
7305	66
7306	61
7307	64
7308	67
7309	71
7310	62
7311	63
7312	78
7313	78
7314	64
7315	75
7316	62
7317	79
7318	70
7319	60
7320	76
7321	63
7322	63
7323	77
7324	75
7325	72
7326	64
7327	57
7328	80
7329	72
7330	68
7331	69
7332	67
7333	74
7334	65
7335	65
7336	78
7337	75
7338	78
7339	65
7340	70
7341	73
7342	74
7343	69
7344	71
7345	76
7346	85
7347	73
7348	93
7349	87
7350	64
7351	70
7352	63
7353	71
7354	65
7355	84
7356	68
7357	77
7358	75
7359	60
7360	76
7361	75
7362	82
7363	77
7364	87
7365	63
7366	63
7367	76
7368	85
7369	71
7370	88
7371	81
7372	84
7373	77
7374	86
7375	64
7376	66
7377	59
7378	76
7379	80
7380	58
7381	74
7382	75
7383	66
7384	74
7385	74
7386	72
7387	62
7388	78
7389	66
7390	57
7391	64
7392	65
7393	59
7394	69
7395	57
7396	68
7397	64
7398	67
7399	67
7400	54
7401	63
7402	65
7403	77
7404	54
7405	59
7406	61
7407	54
7408	69
7409	62
7410	67
7411	50
7412	52
7413	60
7414	50
7415	58
7416	57
7417	59
7418	48
7419	55
7420	60
7421	57
7422	56
7423	52
7424	46
7425	46
7426	49
7427	52
7428	38
7429	48
7430	44
7431	48
7432	73
7433	29
7434	51
7435	62
7436	53
7437	34
7438	42
7439	46
7440	57
7441	42
7442	50
7443	33
7444	38
7445	40
7446	42
7447	42
7448	44
7449	48
7450	40
7451	45
7452	31
7453	27
7454	42
7455	28
7456	42
7457	42
7458	24
7459	25
7460	24
7461	33
7462	33
7463	41
7464	25
7465	31
7466	24
7467	25
7468	29
7469	37
7470	30
7471	28
7472	25
7473	28
7474	28
7475	26
7476	27
7477	25
7478	23
7479	29
7480	29
7481	23
7482	17
7483	17
7484	18
7485	25
7486	19
7487	21
7488	18
7489	24
7490	27
7491	13
7492	12
7493	19
7494	18
7495	21
7496	27
7497	19
7498	12
7499	14
7500	18
7501	16
7502	15
7503	13
7504	13
7505	19
7506	13
7507	20
7508	17
7509	16
7510	16
7511	16
7512	16
7513	9
7514	13
7515	10
7516	13
7517	18
7518	7
7519	17
7520	6
7521	15
7522	9
7523	16
7524	13
7525	4
7526	10
7527	9
7528	12
7529	10
7530	7
7531	11
7532	10
7533	6
7534	7
7535	4
7536	11
7537	6
7538	4
7539	11
7540	7
7541	6
7542	3
7543	8
7544	6
7545	8
7546	4
7547	7
7548	3
7549	7
7550	4
7551	6
7552	7
7553	8
7554	6
7555	7
7556	4
7557	5
7558	5
7559	5
7560	3
7561	4
7562	5
7563	7
7564	10
7565	5
7566	8
7567	5
7568	3
7569	3
7570	4
7571	2
7572	2
7573	5
7574	2
7575	5
7576	1
7577	3
7578	1
7579	3
7580	3
7581	4
7582	3
7583	6
7584	1
7585	4
7586	1
7587	2
7588	2
7589	3
7590	1
7591	2
7592	0
7593	3
7594	1
7595	1
7596	1
7597	0
7598	2
7599	1
7600	1
7601	3
7602	1
7603	0
7604	0
7605	2
7606	0
7607	2
7608	0
7609	0
7610	2
7611	1
7612	2
7613	2
7614	1
7615	0
7616	0
7617	1
7618	0
7619	0
7620	0
7621	0
7622	1
7623	0
7624	0
7625	0
7626	0
7627	0
7628	2
7629	1
7630	0
7631	1
7632	1
7633	0
7634	0
7635	0
7636	0
7637	0
7638	0
7639	0
7640	1
7641	0
7642	0
7643	1
7644	0
7645	0
7646	0
7647	0
7648	0
7649	0
7650	0
7651	2
7652	0
7653	0
7654	0
7655	0
7656	0
7657	0
7658	0
7659	1
7660	0
7661	0
7662	1
7663	0
7664	0
7665	0
7666	1
7667	1
7668	0
7669	0
7670	1
7671	0
7672	0
7673	0
7674	0
7675	0
7676	0
7677	0
7678	1
7679	1
7680	1
7681	0
7682	0
7683	0
7684	0
7685	1
7686	0
7687	0
7688	1
7689	1
7690	0
7691	0
7692	0
7693	0
7694	0
7695	0
7696	0
7697	0
7698	0
7699	0
7700	0
7701	0
7702	0
7703	0
7704	0
7705	0
7706	0
7707	0
7708	0
7709	0
7710	0
7711	0
7712	0
7713	0
7714	0
7715	0
7716	0
7717	0
7718	0
7719	1
7720	0
7721	0
7722	0
7723	0
7724	0
7725	0
7726	0
7727	0
7728	0
7729	0
7730	0
7731	0
7732	0
7733	0
7734	0
7735	1
7736	1
7737	0
7738	0
7739	0
7740	0
7741	0
7742	0
7743	0
7744	0
7745	0
7746	0
7747	0
7748	0
7749	0
7750	0
7751	0
7752	0
7753	0
7754	0
7755	0
7756	0
7757	0
7758	0
7759	0
7760	0
7761	0
7762	0
7763	0
7764	0
7765	0
7766	0
7767	0
7768	0
7769	0
7770	0
7771	0
7772	0
7773	0
7774	0
7775	0
7776	0
7777	0
7778	0
7779	0
7780	0
7781	0
7782	0
7783	0
7784	0
7785	0
7786	0
7787	0
7788	0
7789	0
7790	0
7791	0
7792	0
7793	0
7794	0
7795	0
7796	0
7797	0
7798	0
7799	0
7800	0
7801	0
7802	0
7803	0
7804	0
7805	0
7806	0
7807	0
7808	0
7809	0
7810	1
7811	0
7812	0
7813	0
7814	0
7815	0
7816	1
7817	0
7818	0
7819	0
7820	0
7821	0
7822	0
7823	0
7824	0
7825	0
7826	0
7827	0
7828	0
7829	0
7830	0
7831	0
7832	0
7833	0
7834	0
7835	0
7836	0
7837	0
7838	0
7839	0
7840	0
7841	0
7842	0
7843	1
7844	0
7845	0
7846	0
7847	0
7848	0
7849	0
7850	0
7851	0
7852	0
7853	0
7854	0
7855	0
7856	0
7857	0
7858	0
7859	0
7860	0
7861	0
7862	0
7863	0
7864	0
7865	0
7866	0
7867	0
7868	0
7869	0
7870	0
7871	0
7872	0
7873	0
7874	0
7875	0
7876	0
7877	0
7878	0
7879	0
7880	0
7881	0
7882	0
7883	0
7884	0
7885	0
7886	0
7887	0
7888	0
7889	0
7890	0
7891	0
7892	0
7893	0
7894	0
7895	0
7896	0
7897	0
7898	0
7899	0
7900	0
7901	0
7902	1
7903	0
7904	0
7905	0
7906	0
7907	0
7908	0
7909	0
7910	0
7911	0
7912	0
7913	0
7914	0
7915	0
7916	0
7917	0
7918	0
7919	0
7920	0
7921	0
7922	0
7923	0
7924	0
7925	1
7926	0
7927	0
7928	0
7929	0
7930	0
7931	0
7932	0
7933	0
7934	0
7935	0
7936	0
7937	0
7938	0
7939	0
7940	0
7941	0
7942	0
7943	0
7944	0
7945	0
7946	0
7947	0
7948	0
7949	0
7950	0
7951	0
7952	0
7953	0
7954	0
7955	0
7956	0
7957	0
7958	0
7959	0
7960	0
7961	0
7962	0
7963	0
7964	0
7965	0
7966	0
7967	0
7968	0
7969	0
7970	0
7971	0
7972	0
7973	0
7974	0
7975	0
7976	0
7977	0
7978	0
7979	0
7980	0
7981	0
7982	0
7983	0
7984	0
7985	0
7986	0
7987	0
7988	0
7989	0
7990	0
7991	0
7992	0
7993	0
7994	0
7995	0
7996	0
7997	0
7998	0
7999	0
8000	0
8001	0
8002	0
8003	0
8004	0
8005	0
8006	0
8007	0
8008	0
8009	0
8010	0
8011	0
8012	0
8013	0
8014	0
8015	0
8016	0
8017	0
8018	0
8019	0
8020	0
8021	0
8022	0
8023	0
8024	0
8025	0
8026	0
8027	0
8028	0
8029	0
8030	0
8031	0
8032	0
8033	0
8034	0
8035	0
8036	0
8037	0
8038	0
8039	0
8040	0
8041	0
8042	0
8043	0
8044	0
8045	0
8046	0
8047	0
8048	0
8049	0
8050	0
8051	0
8052	0
8053	0
8054	0
8055	0
8056	0
8057	0
8058	0
8059	0
8060	0
8061	0
8062	0
8063	0
8064	0
8065	0
8066	0
8067	0
8068	0
8069	0
8070	0
8071	0
8072	0
8073	0
8074	0
8075	0
8076	0
8077	0
8078	0
8079	0
8080	0
8081	0
8082	0
8083	0
8084	0
8085	0
8086	0
8087	0
8088	0
8089	0
8090	0
8091	0
8092	0
8093	0
8094	0
8095	0
8096	0
8097	0
8098	0
8099	0
8100	0
8101	0
8102	0
8103	0
8104	0
8105	0
8106	0
8107	0
8108	0
8109	0
8110	0
8111	0
8112	0
8113	0
8114	0
8115	0
8116	0
8117	0
8118	0
8119	0
8120	0
8121	0
8122	0
8123	0
8124	0
8125	0
8126	0
8127	0
8128	0
8129	0
8130	0
8131	0
8132	0
8133	0
8134	0
8135	0
8136	0
8137	0
8138	0
8139	0
8140	0
8141	0
8142	0
8143	0
8144	0
8145	0
8146	0
8147	0
8148	0
8149	0
8150	0
8151	0
8152	0
8153	0
8154	0
8155	0
8156	0
8157	0
8158	0
8159	0
8160	0
8161	0
8162	0
8163	0
8164	0
8165	0
8166	0
8167	0
8168	0
8169	0
8170	0
8171	0
8172	0
8173	0
8174	0
8175	0
8176	0
8177	0
8178	0
8179	0
8180	0
8181	0
8182	0
8183	0
8184	0
8185	0
8186	0
8187	0
8188	0
8189	0
8190	0
8191	0
