0	0
1	0
2	0
3	0
4	0
5	0
6	0
7	0
8	0
9	0
10	0
11	0
12	0
13	0
14	0
15	0
16	0
17	0
18	0
19	0
20	0
21	0
22	0
23	0
24	0
25	0
26	0
27	0
28	0
29	0
30	0
31	0
32	0
33	0
34	0
35	0
36	0
37	0
38	0
39	0
40	0
41	0
42	0
43	0
44	0
45	0
46	0
47	0
48	0
49	0
50	0
51	0
52	0
53	0
54	0
55	0
56	0
57	0
58	0
59	0
60	0
61	0
62	0
63	0
64	0
65	0
66	0
67	0
68	0
69	0
70	0
71	0
72	0
73	0
74	0
75	0
76	0
77	0
78	0
79	0
80	0
81	0
82	0
83	0
84	0
85	0
86	0
87	0
88	0
89	0
90	0
91	0
92	0
93	0
94	0
95	0
96	0
97	0
98	0
99	0
100	0
101	0
102	0
103	0
104	0
105	0
106	0
107	0
108	0
109	0
110	0
111	0
112	0
113	0
114	0
115	0
116	0
117	0
118	0
119	0
120	0
121	0
122	0
123	0
124	0
125	0
126	0
127	0
128	0
129	0
130	0
131	0
132	0
133	0
134	0
135	0
136	0
137	0
138	0
139	0
140	0
141	0
142	0
143	0
144	0
145	0
146	0
147	0
148	0
149	0
150	0
151	0
152	0
153	0
154	0
155	0
156	0
157	0
158	0
159	0
160	0
161	0
162	0
163	0
164	0
165	0
166	0
167	0
168	0
169	0
170	0
171	0
172	0
173	0
174	0
175	0
176	0
177	0
178	0
179	0
180	0
181	0
182	0
183	0
184	0
185	0
186	0
187	0
188	0
189	0
190	0
191	0
192	0
193	0
194	0
195	0
196	0
197	0
198	0
199	0
200	0
201	0
202	0
203	0
204	0
205	0
206	0
207	0
208	0
209	0
210	0
211	0
212	0
213	0
214	0
215	0
216	0
217	0
218	0
219	0
220	0
221	0
222	0
223	0
224	0
225	0
226	0
227	0
228	0
229	0
230	0
231	0
232	0
233	0
234	0
235	0
236	0
237	0
238	0
239	0
240	0
241	0
242	0
243	0
244	0
245	0
246	0
247	0
248	0
249	0
250	0
251	0
252	0
253	0
254	0
255	0
256	0
257	0
258	0
259	0
260	0
261	0
262	0
263	0
264	0
265	0
266	0
267	0
268	0
269	0
270	0
271	0
272	0
273	0
274	0
275	0
276	0
277	0
278	0
279	0
280	0
281	0
282	0
283	0
284	0
285	0
286	0
287	0
288	0
289	0
290	0
291	0
292	0
293	0
294	0
295	0
296	0
297	0
298	0
299	0
300	0
301	0
302	0
303	0
304	0
305	0
306	0
307	0
308	0
309	0
310	0
311	0
312	0
313	0
314	0
315	0
316	0
317	1
318	0
319	0
320	0
321	0
322	0
323	0
324	0
325	0
326	0
327	0
328	0
329	0
330	0
331	0
332	0
333	0
334	0
335	0
336	0
337	0
338	0
339	0
340	1
341	0
342	0
343	0
344	0
345	0
346	0
347	0
348	0
349	0
350	0
351	0
352	0
353	0
354	0
355	0
356	0
357	0
358	0
359	0
360	0
361	0
362	0
363	0
364	0
365	0
366	0
367	0
368	0
369	0
370	0
371	0
372	0
373	0
374	0
375	0
376	0
377	0
378	1
379	0
380	0
381	0
382	0
383	0
384	0
385	0
386	0
387	0
388	0
389	0
390	0
391	0
392	0
393	0
394	0
395	0
396	0
397	0
398	0
399	0
400	0
401	0
402	0
403	0
404	0
405	0
406	0
407	0
408	0
409	0
410	0
411	0
412	0
413	0
414	0
415	0
416	0
417	0
418	0
419	0
420	0
421	0
422	0
423	0
424	0
425	0
426	0
427	0
428	0
429	0
430	0
431	0
432	0
433	0
434	0
435	0
436	0
437	0
438	0
439	0
440	0
441	0
442	0
443	0
444	0
445	0
446	0
447	0
448	0
449	0
450	0
451	0
452	0
453	0
454	0
455	0
456	0
457	0
458	0
459	0
460	0
461	0
462	0
463	0
464	0
465	0
466	0
467	0
468	0
469	0
470	0
471	0
472	0
473	0
474	0
475	0
476	0
477	0
478	0
479	0
480	0
481	0
482	0
483	0
484	0
485	0
486	0
487	0
488	0
489	0
490	0
491	0
492	0
493	0
494	0
495	0
496	0
497	0
498	0
499	0
500	0
501	0
502	0
503	0
504	0
505	0
506	0
507	0
508	0
509	0
510	0
511	0
512	0
513	0
514	0
515	0
516	0
517	0
518	0
519	0
520	0
521	0
522	0
523	0
524	0
525	0
526	0
527	0
528	0
529	0
530	0
531	0
532	0
533	0
534	0
535	0
536	0
537	0
538	0
539	0
540	0
541	0
542	0
543	0
544	0
545	0
546	0
547	0
548	0
549	0
550	0
551	0
552	0
553	0
554	0
555	0
556	0
557	0
558	0
559	0
560	0
561	0
562	0
563	0
564	0
565	0
566	0
567	0
568	0
569	0
570	0
571	0
572	0
573	0
574	0
575	0
576	0
577	0
578	0
579	0
580	0
581	0
582	0
583	0
584	0
585	0
586	0
587	0
588	0
589	0
590	0
591	0
592	0
593	0
594	0
595	0
596	0
597	0
598	0
599	0
600	0
601	0
602	0
603	0
604	0
605	0
606	0
607	0
608	0
609	0
610	0
611	0
612	0
613	1
614	0
615	0
616	0
617	0
618	0
619	0
620	0
621	0
622	0
623	0
624	0
625	0
626	0
627	0
628	0
629	0
630	0
631	0
632	0
633	0
634	0
635	0
636	0
637	0
638	0
639	0
640	0
641	0
642	0
643	0
644	0
645	0
646	0
647	0
648	0
649	0
650	0
651	0
652	0
653	0
654	0
655	0
656	0
657	0
658	0
659	0
660	0
661	0
662	0
663	0
664	0
665	0
666	0
667	0
668	0
669	0
670	0
671	0
672	0
673	0
674	0
675	0
676	0
677	0
678	0
679	0
680	0
681	0
682	0
683	0
684	0
685	0
686	0
687	0
688	0
689	0
690	0
691	0
692	0
693	0
694	0
695	0
696	0
697	0
698	0
699	0
700	0
701	0
702	0
703	0
704	0
705	0
706	0
707	0
708	0
709	0
710	0
711	0
712	0
713	0
714	0
715	0
716	0
717	0
718	0
719	0
720	0
721	0
722	0
723	0
724	0
725	0
726	0
727	0
728	0
729	0
730	0
731	0
732	0
733	0
734	0
735	0
736	0
737	0
738	0
739	0
740	0
741	0
742	0
743	0
744	0
745	0
746	0
747	0
748	0
749	0
750	0
751	0
752	0
753	0
754	0
755	0
756	0
757	1
758	0
759	0
760	1
761	0
762	0
763	0
764	0
765	0
766	0
767	0
768	0
769	0
770	0
771	0
772	0
773	0
774	0
775	0
776	0
777	0
778	1
779	0
780	0
781	0
782	0
783	0
784	0
785	0
786	0
787	0
788	0
789	0
790	0
791	0
792	0
793	0
794	0
795	0
796	0
797	0
798	0
799	0
800	0
801	0
802	0
803	0
804	0
805	0
806	0
807	0
808	0
809	0
810	0
811	0
812	0
813	0
814	0
815	0
816	0
817	0
818	0
819	0
820	0
821	0
822	0
823	0
824	0
825	0
826	0
827	0
828	0
829	0
830	0
831	0
832	1
833	0
834	0
835	0
836	0
837	0
838	0
839	0
840	0
841	0
842	0
843	0
844	0
845	0
846	0
847	0
848	0
849	0
850	0
851	0
852	0
853	0
854	0
855	0
856	0
857	0
858	0
859	0
860	0
861	0
862	0
863	0
864	1
865	0
866	0
867	0
868	0
869	0
870	0
871	0
872	0
873	0
874	0
875	0
876	0
877	0
878	0
879	0
880	0
881	0
882	0
883	0
884	0
885	0
886	0
887	0
888	0
889	0
890	0
891	0
892	0
893	0
894	0
895	0
896	0
897	0
898	0
899	0
900	0
901	0
902	0
903	0
904	0
905	0
906	0
907	0
908	0
909	0
910	0
911	0
912	0
913	0
914	0
915	0
916	0
917	0
918	0
919	0
920	0
921	0
922	0
923	0
924	0
925	0
926	0
927	0
928	0
929	0
930	0
931	0
932	0
933	0
934	0
935	0
936	0
937	0
938	0
939	0
940	0
941	1
942	0
943	0
944	0
945	0
946	0
947	0
948	0
949	0
950	0
951	0
952	0
953	0
954	0
955	0
956	0
957	0
958	0
959	0
960	0
961	0
962	0
963	0
964	0
965	0
966	0
967	0
968	0
969	0
970	0
971	0
972	0
973	0
974	0
975	0
976	0
977	0
978	0
979	0
980	0
981	0
982	0
983	0
984	0
985	0
986	0
987	0
988	0
989	0
990	0
991	0
992	0
993	0
994	0
995	0
996	0
997	0
998	0
999	0
1000	0
1001	0
1002	0
1003	0
1004	0
1005	0
1006	0
1007	0
1008	0
1009	0
1010	0
1011	0
1012	0
1013	0
1014	0
1015	0
1016	0
1017	0
1018	0
1019	0
1020	0
1021	0
1022	0
1023	0
1024	0
1025	0
1026	0
1027	0
1028	0
1029	0
1030	0
1031	0
1032	0
1033	0
1034	0
1035	0
1036	0
1037	0
1038	0
1039	0
1040	0
1041	0
1042	0
1043	0
1044	1
1045	0
1046	0
1047	0
1048	0
1049	0
1050	0
1051	0
1052	0
1053	0
1054	0
1055	0
1056	0
1057	0
1058	0
1059	0
1060	0
1061	0
1062	0
1063	0
1064	0
1065	0
1066	0
1067	0
1068	0
1069	0
1070	0
1071	0
1072	0
1073	0
1074	0
1075	0
1076	0
1077	0
1078	0
1079	0
1080	0
1081	0
1082	0
1083	0
1084	0
1085	0
1086	0
1087	0
1088	0
1089	0
1090	0
1091	0
1092	0
1093	0
1094	0
1095	0
1096	0
1097	0
1098	0
1099	0
1100	0
1101	0
1102	0
1103	0
1104	0
1105	0
1106	0
1107	0
1108	0
1109	0
1110	0
1111	0
1112	0
1113	0
1114	0
1115	0
1116	0
1117	0
1118	0
1119	0
1120	0
1121	0
1122	0
1123	0
1124	0
1125	0
1126	0
1127	0
1128	0
1129	0
1130	0
1131	0
1132	0
1133	0
1134	0
1135	0
1136	0
1137	0
1138	0
1139	0
1140	0
1141	0
1142	0
1143	0
1144	0
1145	0
1146	0
1147	0
1148	0
1149	0
1150	0
1151	0
1152	0
1153	0
1154	0
1155	0
1156	0
1157	0
1158	0
1159	0
1160	0
1161	0
1162	0
1163	0
1164	0
1165	0
1166	0
1167	0
1168	0
1169	0
1170	0
1171	0
1172	0
1173	0
1174	0
1175	0
1176	0
1177	0
1178	1
1179	0
1180	0
1181	0
1182	0
1183	0
1184	0
1185	0
1186	0
1187	0
1188	0
1189	0
1190	0
1191	0
1192	0
1193	0
1194	0
1195	0
1196	0
1197	0
1198	0
1199	0
1200	0
1201	0
1202	0
1203	0
1204	0
1205	0
1206	0
1207	0
1208	0
1209	0
1210	0
1211	0
1212	0
1213	0
1214	0
1215	0
1216	0
1217	0
1218	0
1219	0
1220	0
1221	0
1222	0
1223	1
1224	0
1225	0
1226	0
1227	0
1228	0
1229	0
1230	0
1231	0
1232	0
1233	0
1234	0
1235	0
1236	0
1237	0
1238	0
1239	0
1240	0
1241	0
1242	0
1243	0
1244	0
1245	0
1246	0
1247	0
1248	0
1249	0
1250	0
1251	0
1252	0
1253	0
1254	0
1255	0
1256	0
1257	0
1258	0
1259	0
1260	0
1261	0
1262	0
1263	0
1264	0
1265	0
1266	0
1267	0
1268	0
1269	0
1270	0
1271	0
1272	0
1273	0
1274	0
1275	0
1276	0
1277	0
1278	0
1279	0
1280	0
1281	0
1282	0
1283	0
1284	0
1285	0
1286	0
1287	0
1288	0
1289	0
1290	0
1291	0
1292	0
1293	0
1294	0
1295	0
1296	0
1297	0
1298	0
1299	0
1300	0
1301	0
1302	0
1303	0
1304	0
1305	0
1306	0
1307	0
1308	0
1309	0
1310	0
1311	0
1312	0
1313	0
1314	0
1315	0
1316	0
1317	1
1318	0
1319	0
1320	0
1321	0
1322	0
1323	0
1324	0
1325	0
1326	0
1327	0
1328	0
1329	0
1330	0
1331	0
1332	0
1333	0
1334	0
1335	0
1336	0
1337	0
1338	0
1339	0
1340	0
1341	0
1342	0
1343	0
1344	0
1345	0
1346	0
1347	1
1348	0
1349	0
1350	0
1351	0
1352	0
1353	0
1354	0
1355	0
1356	0
1357	0
1358	0
1359	0
1360	0
1361	0
1362	0
1363	0
1364	0
1365	0
1366	0
1367	0
1368	0
1369	0
1370	0
1371	0
1372	0
1373	0
1374	0
1375	0
1376	0
1377	0
1378	0
1379	0
1380	0
1381	0
1382	0
1383	0
1384	0
1385	0
1386	0
1387	0
1388	0
1389	1
1390	0
1391	0
1392	0
1393	0
1394	0
1395	0
1396	0
1397	0
1398	0
1399	0
1400	0
1401	0
1402	0
1403	0
1404	0
1405	0
1406	0
1407	0
1408	0
1409	0
1410	1
1411	0
1412	0
1413	0
1414	0
1415	0
1416	0
1417	0
1418	0
1419	0
1420	0
1421	0
1422	0
1423	0
1424	0
1425	0
1426	0
1427	0
1428	0
1429	0
1430	0
1431	0
1432	0
1433	0
1434	0
1435	0
1436	0
1437	0
1438	0
1439	0
1440	0
1441	0
1442	0
1443	0
1444	0
1445	0
1446	0
1447	0
1448	0
1449	0
1450	0
1451	0
1452	0
1453	0
1454	0
1455	0
1456	0
1457	0
1458	0
1459	0
1460	1
1461	0
1462	0
1463	0
1464	0
1465	0
1466	0
1467	0
1468	0
1469	0
1470	0
1471	0
1472	0
1473	0
1474	0
1475	0
1476	0
1477	0
1478	0
1479	0
1480	1
1481	0
1482	0
1483	0
1484	0
1485	0
1486	0
1487	0
1488	0
1489	0
1490	0
1491	0
1492	0
1493	0
1494	0
1495	0
1496	0
1497	0
1498	0
1499	0
1500	0
1501	0
1502	0
1503	0
1504	0
1505	0
1506	0
1507	0
1508	0
1509	0
1510	1
1511	0
1512	0
1513	0
1514	0
1515	0
1516	0
1517	0
1518	0
1519	0
1520	1
1521	0
1522	0
1523	0
1524	0
1525	0
1526	0
1527	0
1528	0
1529	0
1530	0
1531	0
1532	0
1533	0
1534	0
1535	0
1536	0
1537	0
1538	0
1539	0
1540	0
1541	0
1542	0
1543	0
1544	0
1545	0
1546	0
1547	0
1548	0
1549	0
1550	0
1551	0
1552	0
1553	0
1554	0
1555	0
1556	0
1557	0
1558	0
1559	0
1560	0
1561	0
1562	0
1563	0
1564	0
1565	0
1566	0
1567	0
1568	0
1569	0
1570	0
1571	0
1572	0
1573	0
1574	0
1575	0
1576	0
1577	0
1578	0
1579	0
1580	0
1581	0
1582	0
1583	0
1584	0
1585	1
1586	1
1587	0
1588	0
1589	0
1590	0
1591	0
1592	0
1593	0
1594	0
1595	0
1596	0
1597	0
1598	0
1599	0
1600	0
1601	0
1602	0
1603	0
1604	0
1605	0
1606	0
1607	0
1608	0
1609	0
1610	0
1611	0
1612	0
1613	0
1614	0
1615	0
1616	0
1617	0
1618	0
1619	0
1620	0
1621	0
1622	0
1623	0
1624	0
1625	0
1626	0
1627	0
1628	0
1629	0
1630	0
1631	0
1632	0
1633	0
1634	0
1635	0
1636	0
1637	0
1638	0
1639	0
1640	0
1641	0
1642	0
1643	0
1644	0
1645	0
1646	0
1647	0
1648	0
1649	0
1650	0
1651	0
1652	0
1653	0
1654	0
1655	0
1656	0
1657	0
1658	0
1659	0
1660	0
1661	0
1662	0
1663	0
1664	0
1665	0
1666	0
1667	0
1668	0
1669	0
1670	0
1671	0
1672	0
1673	0
1674	0
1675	0
1676	0
1677	0
1678	0
1679	0
1680	0
1681	0
1682	0
1683	0
1684	0
1685	0
1686	0
1687	0
1688	0
1689	0
1690	0
1691	0
1692	0
1693	0
1694	0
1695	0
1696	0
1697	0
1698	0
1699	0
1700	0
1701	0
1702	0
1703	0
1704	0
1705	0
1706	0
1707	0
1708	0
1709	0
1710	0
1711	0
1712	0
1713	0
1714	0
1715	0
1716	0
1717	0
1718	0
1719	1
1720	0
1721	0
1722	0
1723	0
1724	0
1725	0
1726	0
1727	0
1728	0
1729	0
1730	0
1731	0
1732	0
1733	0
1734	0
1735	0
1736	0
1737	0
1738	0
1739	0
1740	0
1741	0
1742	0
1743	0
1744	0
1745	0
1746	0
1747	0
1748	0
1749	0
1750	0
1751	0
1752	0
1753	0
1754	0
1755	0
1756	0
1757	0
1758	0
1759	0
1760	0
1761	0
1762	0
1763	0
1764	0
1765	0
1766	0
1767	0
1768	0
1769	0
1770	0
1771	0
1772	0
1773	0
1774	0
1775	0
1776	0
1777	0
1778	0
1779	0
1780	0
1781	0
1782	0
1783	0
1784	0
1785	0
1786	0
1787	0
1788	0
1789	0
1790	0
1791	0
1792	0
1793	0
1794	0
1795	0
1796	0
1797	0
1798	0
1799	0
1800	0
1801	0
1802	0
1803	0
1804	0
1805	0
1806	0
1807	0
1808	0
1809	0
1810	0
1811	0
1812	0
1813	0
1814	0
1815	0
1816	0
1817	0
1818	0
1819	0
1820	0
1821	0
1822	0
1823	0
1824	0
1825	0
1826	0
1827	0
1828	0
1829	0
1830	0
1831	0
1832	0
1833	0
1834	0
1835	0
1836	0
1837	0
1838	0
1839	0
1840	0
1841	0
1842	0
1843	0
1844	0
1845	0
1846	0
1847	0
1848	0
1849	0
1850	0
1851	0
1852	0
1853	0
1854	0
1855	0
1856	0
1857	0
1858	0
1859	0
1860	0
1861	0
1862	0
1863	0
1864	0
1865	0
1866	0
1867	0
1868	0
1869	0
1870	0
1871	0
1872	0
1873	0
1874	0
1875	0
1876	0
1877	0
1878	0
1879	0
1880	0
1881	0
1882	0
1883	0
1884	0
1885	0
1886	0
1887	0
1888	0
1889	0
1890	0
1891	0
1892	0
1893	0
1894	0
1895	0
1896	0
1897	0
1898	0
1899	0
1900	0
1901	0
1902	0
1903	0
1904	0
1905	0
1906	0
1907	0
1908	0
1909	1
1910	0
1911	0
1912	0
1913	0
1914	0
1915	0
1916	0
1917	0
1918	0
1919	0
1920	0
1921	0
1922	0
1923	0
1924	0
1925	1
1926	0
1927	0
1928	0
1929	0
1930	0
1931	0
1932	0
1933	0
1934	0
1935	0
1936	0
1937	0
1938	0
1939	0
1940	0
1941	0
1942	0
1943	0
1944	0
1945	0
1946	0
1947	0
1948	0
1949	0
1950	0
1951	0
1952	0
1953	0
1954	0
1955	0
1956	0
1957	0
1958	0
1959	0
1960	0
1961	0
1962	0
1963	0
1964	0
1965	0
1966	0
1967	0
1968	0
1969	0
1970	0
1971	0
1972	0
1973	0
1974	0
1975	0
1976	0
1977	0
1978	0
1979	0
1980	0
1981	0
1982	0
1983	0
1984	0
1985	0
1986	0
1987	0
1988	0
1989	0
1990	0
1991	0
1992	0
1993	0
1994	0
1995	0
1996	0
1997	0
1998	0
1999	0
2000	0
2001	0
2002	0
2003	0
2004	0
2005	0
2006	0
2007	0
2008	0
2009	0
2010	0
2011	0
2012	1
2013	0
2014	0
2015	1
2016	0
2017	0
2018	0
2019	0
2020	0
2021	0
2022	0
2023	0
2024	0
2025	0
2026	0
2027	0
2028	0
2029	0
2030	0
2031	0
2032	0
2033	0
2034	0
2035	0
2036	0
2037	0
2038	0
2039	0
2040	0
2041	0
2042	0
2043	0
2044	0
2045	0
2046	0
2047	0
2048	0
2049	0
2050	0
2051	0
2052	0
2053	0
2054	0
2055	0
2056	0
2057	0
2058	0
2059	0
2060	0
2061	0
2062	0
2063	0
2064	0
2065	0
2066	0
2067	0
2068	0
2069	0
2070	0
2071	0
2072	0
2073	0
2074	0
2075	0
2076	0
2077	0
2078	0
2079	0
2080	0
2081	0
2082	0
2083	0
2084	0
2085	0
2086	0
2087	0
2088	0
2089	0
2090	0
2091	0
2092	0
2093	0
2094	0
2095	0
2096	0
2097	0
2098	0
2099	0
2100	0
2101	0
2102	0
2103	0
2104	0
2105	0
2106	0
2107	0
2108	0
2109	0
2110	0
2111	0
2112	0
2113	0
2114	0
2115	0
2116	0
2117	0
2118	0
2119	0
2120	0
2121	0
2122	0
2123	0
2124	0
2125	0
2126	0
2127	0
2128	0
2129	1
2130	0
2131	0
2132	0
2133	0
2134	0
2135	0
2136	0
2137	0
2138	0
2139	0
2140	0
2141	0
2142	0
2143	0
2144	0
2145	0
2146	0
2147	0
2148	0
2149	0
2150	0
2151	0
2152	0
2153	0
2154	0
2155	0
2156	0
2157	0
2158	0
2159	0
2160	0
2161	1
2162	0
2163	0
2164	0
2165	0
2166	0
2167	0
2168	0
2169	0
2170	0
2171	0
2172	0
2173	0
2174	0
2175	0
2176	0
2177	0
2178	1
2179	0
2180	0
2181	0
2182	0
2183	0
2184	0
2185	0
2186	0
2187	0
2188	0
2189	0
2190	0
2191	0
2192	0
2193	0
2194	0
2195	0
2196	0
2197	0
2198	0
2199	0
2200	0
2201	0
2202	0
2203	0
2204	0
2205	0
2206	0
2207	0
2208	0
2209	0
2210	0
2211	0
2212	0
2213	0
2214	0
2215	0
2216	0
2217	0
2218	0
2219	1
2220	0
2221	0
2222	0
2223	0
2224	0
2225	0
2226	0
2227	0
2228	0
2229	0
2230	0
2231	0
2232	0
2233	0
2234	0
2235	0
2236	0
2237	0
2238	0
2239	0
2240	0
2241	0
2242	0
2243	0
2244	0
2245	0
2246	0
2247	0
2248	0
2249	0
2250	0
2251	0
2252	1
2253	0
2254	0
2255	0
2256	0
2257	0
2258	0
2259	0
2260	0
2261	0
2262	0
2263	0
2264	0
2265	0
2266	0
2267	0
2268	0
2269	0
2270	0
2271	0
2272	0
2273	0
2274	0
2275	0
2276	0
2277	0
2278	0
2279	0
2280	0
2281	0
2282	0
2283	0
2284	0
2285	0
2286	0
2287	0
2288	0
2289	0
2290	0
2291	0
2292	0
2293	0
2294	0
2295	0
2296	0
2297	0
2298	0
2299	0
2300	0
2301	0
2302	0
2303	0
2304	0
2305	0
2306	0
2307	0
2308	0
2309	0
2310	0
2311	0
2312	0
2313	0
2314	0
2315	0
2316	0
2317	0
2318	0
2319	0
2320	0
2321	0
2322	0
2323	0
2324	0
2325	0
2326	0
2327	0
2328	0
2329	1
2330	0
2331	0
2332	0
2333	0
2334	0
2335	0
2336	1
2337	0
2338	0
2339	1
2340	0
2341	0
2342	0
2343	0
2344	0
2345	0
2346	0
2347	0
2348	0
2349	0
2350	0
2351	1
2352	0
2353	0
2354	0
2355	0
2356	0
2357	0
2358	0
2359	1
2360	0
2361	0
2362	1
2363	0
2364	0
2365	0
2366	1
2367	0
2368	0
2369	0
2370	0
2371	0
2372	0
2373	0
2374	0
2375	0
2376	0
2377	0
2378	0
2379	1
2380	0
2381	0
2382	0
2383	0
2384	1
2385	0
2386	0
2387	1
2388	0
2389	0
2390	0
2391	0
2392	1
2393	0
2394	0
2395	1
2396	1
2397	2
2398	1
2399	0
2400	0
2401	0
2402	1
2403	0
2404	0
2405	0
2406	0
2407	1
2408	0
2409	0
2410	0
2411	0
2412	0
2413	0
2414	0
2415	0
2416	0
2417	1
2418	0
2419	0
2420	0
2421	0
2422	0
2423	0
2424	0
2425	0
2426	1
2427	0
2428	0
2429	0
2430	1
2431	0
2432	0
2433	0
2434	0
2435	0
2436	0
2437	0
2438	0
2439	0
2440	0
2441	0
2442	0
2443	0
2444	0
2445	0
2446	0
2447	1
2448	1
2449	0
2450	0
2451	0
2452	0
2453	0
2454	0
2455	1
2456	0
2457	0
2458	1
2459	1
2460	1
2461	0
2462	0
2463	1
2464	1
2465	0
2466	0
2467	1
2468	1
2469	0
2470	0
2471	1
2472	0
2473	1
2474	2
2475	0
2476	1
2477	0
2478	1
2479	1
2480	1
2481	1
2482	1
2483	1
2484	1
2485	0
2486	0
2487	2
2488	0
2489	1
2490	0
2491	0
2492	3
2493	0
2494	0
2495	1
2496	2
2497	2
2498	2
2499	1
2500	1
2501	0
2502	3
2503	1
2504	1
2505	1
2506	1
2507	2
2508	2
2509	0
2510	0
2511	0
2512	0
2513	1
2514	1
2515	1
2516	4
2517	0
2518	1
2519	1
2520	0
2521	3
2522	0
2523	1
2524	0
2525	1
2526	1
2527	0
2528	0
2529	2
2530	0
2531	0
2532	3
2533	2
2534	0
2535	2
2536	1
2537	1
2538	3
2539	1
2540	3
2541	0
2542	1
2543	1
2544	2
2545	2
2546	2
2547	0
2548	1
2549	2
2550	1
2551	2
2552	1
2553	0
2554	3
2555	2
2556	2
2557	2
2558	3
2559	2
2560	1
2561	2
2562	2
2563	5
2564	2
2565	2
2566	1
2567	0
2568	1
2569	2
2570	3
2571	1
2572	5
2573	2
2574	2
2575	2
2576	2
2577	4
2578	3
2579	1
2580	2
2581	2
2582	1
2583	2
2584	1
2585	4
2586	2
2587	4
2588	0
2589	2
2590	1
2591	2
2592	3
2593	1
2594	1
2595	3
2596	6
2597	2
2598	5
2599	4
2600	5
2601	0
2602	1
2603	1
2604	5
2605	2
2606	1
2607	2
2608	3
2609	2
2610	2
2611	10
2612	4
2613	3
2614	1
2615	3
2616	5
2617	1
2618	2
2619	5
2620	4
2621	2
2622	5
2623	3
2624	3
2625	5
2626	7
2627	2
2628	2
2629	4
2630	2
2631	4
2632	4
2633	7
2634	5
2635	6
2636	8
2637	6
2638	5
2639	2
2640	8
2641	8
2642	3
2643	6
2644	5
2645	5
2646	6
2647	7
2648	4
2649	7
2650	6
2651	3
2652	6
2653	5
2654	4
2655	5
2656	3
2657	4
2658	4
2659	6
2660	6
2661	6
2662	7
2663	5
2664	6
2665	9
2666	5
2667	5
2668	3
2669	8
2670	7
2671	7
2672	8
2673	10
2674	4
2675	9
2676	2
2677	4
2678	7
2679	8
2680	7
2681	6
2682	12
2683	5
2684	5
2685	6
2686	11
2687	7
2688	13
2689	8
2690	12
2691	7
2692	6
2693	10
2694	7
2695	9
2696	11
2697	7
2698	7
2699	9
2700	12
2701	7
2702	10
2703	13
2704	7
2705	7
2706	11
2707	8
2708	9
2709	8
2710	10
2711	11
2712	12
2713	16
2714	8
2715	6
2716	9
2717	10
2718	13
2719	9
2720	10
2721	17
2722	12
2723	12
2724	13
2725	16
2726	7
2727	12
2728	9
2729	16
2730	12
2731	13
2732	18
2733	12
2734	13
2735	11
2736	12
2737	10
2738	9
2739	13
2740	12
2741	16
2742	17
2743	13
2744	6
2745	14
2746	15
2747	11
2748	9
2749	23
2750	11
2751	8
2752	18
2753	12
2754	10
2755	10
2756	14
2757	17
2758	19
2759	13
2760	14
2761	18
2762	25
2763	12
2764	19
2765	16
2766	15
2767	19
2768	18
2769	12
2770	18
2771	16
2772	13
2773	15
2774	14
2775	15
2776	21
2777	18
2778	16
2779	13
2780	20
2781	18
2782	16
2783	12
2784	23
2785	22
2786	28
2787	23
2788	21
2789	17
2790	26
2791	18
2792	26
2793	15
2794	22
2795	19
2796	17
2797	19
2798	4
2799	23
2800	24
2801	25
2802	27
2803	23
2804	19
2805	19
2806	23
2807	22
2808	16
2809	19
2810	25
2811	20
2812	20
2813	30
2814	11
2815	20
2816	21
2817	23
2818	25
2819	20
2820	27
2821	28
2822	25
2823	22
2824	26
2825	14
2826	24
2827	23
2828	17
2829	18
2830	22
2831	19
2832	26
2833	23
2834	26
2835	27
2836	24
2837	21
2838	20
2839	29
2840	31
2841	34
2842	29
2843	30
2844	24
2845	31
2846	18
2847	19
2848	28
2849	26
2850	23
2851	30
2852	20
2853	33
2854	26
2855	31
2856	43
2857	33
2858	25
2859	33
2860	40
2861	25
2862	25
2863	24
2864	28
2865	39
2866	33
2867	25
2868	21
2869	27
2870	37
2871	29
2872	34
2873	34
2874	24
2875	45
2876	32
2877	32
2878	33
2879	40
2880	28
2881	36
2882	29
2883	31
2884	33
2885	29
2886	35
2887	31
2888	35
2889	43
2890	39
2891	31
2892	37
2893	36
2894	32
2895	46
2896	34
2897	35
2898	34
2899	32
2900	43
2901	32
2902	32
2903	38
2904	27
2905	32
2906	46
2907	35
2908	29
2909	40
2910	54
2911	47
2912	56
2913	45
2914	36
2915	45
2916	46
2917	46
2918	28
2919	32
2920	38
2921	47
2922	41
2923	29
2924	49
2925	46
2926	27
2927	44
2928	49
2929	37
2930	38
2931	38
2932	49
2933	40
2934	45
2935	46
2936	29
2937	46
2938	44
2939	31
2940	42
2941	43
2942	49
2943	44
2944	37
2945	52
2946	42
2947	32
2948	57
2949	57
2950	45
2951	51
2952	44
2953	53
2954	57
2955	53
2956	51
2957	45
2958	57
2959	31
2960	56
2961	47
2962	58
2963	52
2964	45
2965	46
2966	56
2967	49
2968	54
2969	42
2970	38
2971	54
2972	52
2973	54
2974	49
2975	47
2976	66
2977	52
2978	57
2979	64
2980	73
2981	39
2982	50
2983	52
2984	47
2985	54
2986	49
2987	48
2988	48
2989	49
2990	50
2991	65
2992	61
2993	70
2994	61
2995	70
2996	65
2997	66
2998	66
2999	52
3000	59
3001	59
3002	51
3003	62
3004	56
3005	57
3006	60
3007	43
3008	52
3009	76
3010	50
3011	63
3012	49
3013	57
3014	67
3015	68
3016	60
3017	64
3018	59
3019	52
3020	83
3021	55
3022	54
3023	67
3024	62
3025	65
3026	69
3027	56
3028	65
3029	66
3030	56
3031	67
3032	59
3033	56
3034	61
3035	75
3036	56
3037	69
3038	67
3039	60
3040	59
3041	57
3042	62
3043	69
3044	60
3045	63
3046	49
3047	55
3048	68
3049	64
3050	73
3051	47
3052	91
3053	80
3054	71
3055	62
3056	78
3057	58
3058	67
3059	68
3060	50
3061	62
3062	63
3063	49
3064	71
3065	61
3066	73
3067	71
3068	73
3069	57
3070	59
3071	71
3072	70
3073	73
3074	70
3075	78
3076	56
3077	77
3078	66
3079	71
3080	69
3081	73
3082	79
3083	52
3084	73
3085	74
3086	68
3087	76
3088	85
3089	73
3090	65
3091	69
3092	83
3093	72
3094	69
3095	87
3096	63
3097	65
3098	76
3099	81
3100	73
3101	72
3102	68
3103	90
3104	72
3105	81
3106	85
3107	81
3108	79
3109	71
3110	72
3111	77
3112	78
3113	73
3114	72
3115	85
3116	76
3117	82
3118	72
3119	79
3120	75
3121	77
3122	81
3123	98
3124	82
3125	70
3126	81
3127	73
3128	77
3129	62
3130	89
3131	79
3132	92
3133	82
3134	78
3135	76
3136	94
3137	65
3138	95
3139	81
3140	83
3141	77
3142	76
3143	100
3144	90
3145	64
3146	56
3147	88
3148	78
3149	62
3150	94
3151	93
3152	86
3153	79
3154	95
3155	88
3156	97
3157	84
3158	77
3159	81
3160	73
3161	107
3162	102
3163	84
3164	74
3165	93
3166	68
3167	70
3168	91
3169	84
3170	87
3171	87
3172	82
3173	85
3174	86
3175	87
3176	83
3177	85
3178	78
3179	84
3180	93
3181	80
3182	93
3183	91
3184	102
3185	80
3186	93
3187	88
3188	80
3189	86
3190	75
3191	89
3192	90
3193	93
3194	79
3195	87
3196	83
3197	99
3198	81
3199	82
3200	99
3201	100
3202	89
3203	97
3204	88
3205	74
3206	69
3207	87
3208	82
3209	87
3210	103
3211	93
3212	94
3213	66
3214	90
3215	90
3216	80
3217	88
3218	84
3219	100
3220	102
3221	76
3222	84
3223	83
3224	88
3225	85
3226	103
3227	94
3228	102
3229	85
3230	99
3231	94
3232	99
3233	91
3234	79
3235	80
3236	84
3237	80
3238	85
3239	94
3240	103
3241	97
3242	96
3243	103
3244	94
3245	102
3246	74
3247	102
3248	108
3249	97
3250	94
3251	94
3252	97
3253	94
3254	98
3255	113
3256	93
3257	95
3258	104
3259	108
3260	107
3261	79
3262	80
3263	67
3264	93
3265	90
3266	86
3267	94
3268	105
3269	96
3270	85
3271	93
3272	96
3273	100
3274	102
3275	92
3276	95
3277	93
3278	103
3279	86
3280	72
3281	111
3282	87
3283	96
3284	87
3285	94
3286	109
3287	93
3288	81
3289	97
3290	88
3291	106
3292	93
3293	92
3294	98
3295	100
3296	85
3297	102
3298	95
3299	105
3300	87
3301	92
3302	108
3303	81
3304	113
3305	88
3306	89
3307	94
3308	108
3309	100
3310	93
3311	86
3312	108
3313	119
3314	76
3315	107
3316	101
3317	98
3318	97
3319	108
3320	89
3321	100
3322	92
3323	98
3324	85
3325	103
3326	98
3327	118
3328	97
3329	103
3330	106
3331	106
3332	87
3333	104
3334	98
3335	99
3336	112
3337	109
3338	91
3339	103
3340	127
3341	91
3342	96
3343	80
3344	97
3345	82
3346	75
3347	102
3348	92
3349	102
3350	102
3351	104
3352	104
3353	107
3354	106
3355	117
3356	98
3357	86
3358	114
3359	102
3360	101
3361	112
3362	115
3363	107
3364	88
3365	101
3366	96
3367	109
3368	91
3369	102
3370	85
3371	106
3372	97
3373	85
3374	93
3375	91
3376	105
3377	95
3378	92
3379	84
3380	98
3381	92
3382	111
3383	100
3384	102
3385	115
3386	90
3387	77
3388	102
3389	91
3390	99
3391	89
3392	92
3393	99
3394	80
3395	95
3396	108
3397	103
3398	96
3399	99
3400	119
3401	105
3402	77
3403	106
3404	97
3405	86
3406	92
3407	108
3408	99
3409	108
3410	97
3411	106
3412	95
3413	91
3414	108
3415	102
3416	118
3417	99
3418	106
3419	86
3420	105
3421	90
3422	106
3423	88
3424	96
3425	107
3426	94
3427	93
3428	100
3429	104
3430	120
3431	97
3432	109
3433	96
3434	112
3435	110
3436	96
3437	119
3438	100
3439	92
3440	110
3441	107
3442	96
3443	104
3444	110
3445	111
3446	94
3447	101
3448	98
3449	109
3450	111
3451	110
3452	110
3453	92
3454	105
3455	104
3456	97
3457	106
3458	98
3459	88
3460	97
3461	88
3462	93
3463	84
3464	85
3465	85
3466	108
3467	106
3468	107
3469	125
3470	112
3471	99
3472	100
3473	113
3474	104
3475	92
3476	79
3477	92
3478	108
3479	79
3480	100
3481	97
3482	89
3483	93
3484	108
3485	79
3486	97
3487	95
3488	104
3489	120
3490	90
3491	101
3492	94
3493	86
3494	95
3495	97
3496	104
3497	102
3498	122
3499	116
3500	91
3501	85
3502	94
3503	102
3504	100
3505	91
3506	107
3507	77
3508	105
3509	107
3510	102
3511	93
3512	100
3513	77
3514	83
3515	91
3516	118
3517	109
3518	94
3519	92
3520	113
3521	104
3522	101
3523	112
3524	98
3525	108
3526	77
3527	97
3528	97
3529	86
3530	89
3531	105
3532	80
3533	106
3534	104
3535	96
3536	91
3537	95
3538	102
3539	96
3540	112
3541	104
3542	88
3543	104
3544	103
3545	107
3546	84
3547	99
3548	101
3549	92
3550	103
3551	106
3552	98
3553	95
3554	80
3555	96
3556	93
3557	101
3558	95
3559	86
3560	82
3561	112
3562	71
3563	106
3564	77
3565	112
3566	88
3567	92
3568	86
3569	98
3570	109
3571	90
3572	103
3573	101
3574	104
3575	90
3576	99
3577	78
3578	96
3579	95
3580	110
3581	85
3582	82
3583	89
3584	95
3585	88
3586	95
3587	94
3588	108
3589	98
3590	99
3591	84
3592	103
3593	98
3594	88
3595	92
3596	98
3597	88
3598	84
3599	91
3600	96
3601	83
3602	99
3603	99
3604	98
3605	91
3606	99
3607	103
3608	89
3609	90
3610	90
3611	87
3612	105
3613	100
3614	85
3615	73
3616	105
3617	94
3618	103
3619	88
3620	99
3621	92
3622	97
3623	99
3624	92
3625	80
3626	90
3627	93
3628	94
3629	85
3630	91
3631	85
3632	86
3633	86
3634	96
3635	88
3636	80
3637	87
3638	78
3639	87
3640	82
3641	71
3642	80
3643	78
3644	101
3645	90
3646	78
3647	94
3648	103
3649	79
3650	97
3651	84
3652	66
3653	88
3654	78
3655	103
3656	80
3657	80
3658	85
3659	80
3660	67
3661	79
3662	83
3663	71
3664	96
3665	93
3666	96
3667	91
3668	91
3669	96
3670	86
3671	89
3672	101
3673	99
3674	84
3675	81
3676	95
3677	84
3678	110
3679	96
3680	81
3681	92
3682	73
3683	85
3684	103
3685	77
3686	102
3687	83
3688	92
3689	96
3690	71
3691	91
3692	68
3693	97
3694	94
3695	90
3696	87
3697	89
3698	90
3699	81
3700	91
3701	92
3702	101
3703	94
3704	86
3705	87
3706	90
3707	84
3708	92
3709	83
3710	93
3711	97
3712	91
3713	84
3714	78
3715	91
3716	82
3717	89
3718	97
3719	80
3720	74
3721	94
3722	76
3723	92
3724	80
3725	70
3726	76
3727	105
3728	72
3729	77
3730	83
3731	90
3732	65
3733	63
3734	76
3735	82
3736	78
3737	77
3738	86
3739	77
3740	74
3741	84
3742	87
3743	89
3744	90
3745	79
3746	77
3747	81
3748	86
3749	74
3750	88
3751	90
3752	104
3753	73
3754	58
3755	95
3756	80
3757	89
3758	81
3759	86
3760	84
3761	86
3762	80
3763	78
3764	95
3765	86
3766	86
3767	81
3768	94
3769	84
3770	84
3771	87
3772	87
3773	85
3774	77
3775	82
3776	81
3777	78
3778	94
3779	81
3780	73
3781	78
3782	73
3783	65
3784	90
3785	73
3786	76
3787	84
3788	80
3789	77
3790	75
3791	69
3792	66
3793	97
3794	71
3795	77
3796	86
3797	80
3798	81
3799	72
3800	78
3801	88
3802	87
3803	69
3804	88
3805	93
3806	82
3807	85
3808	88
3809	72
3810	90
3811	84
3812	88
3813	76
3814	71
3815	78
3816	84
3817	66
3818	78
3819	87
3820	72
3821	71
3822	58
3823	84
3824	75
3825	85
3826	90
3827	70
3828	91
3829	79
3830	93
3831	64
3832	74
3833	75
3834	87
3835	87
3836	69
3837	77
3838	69
3839	77
3840	75
3841	67
3842	65
3843	86
3844	77
3845	76
3846	54
3847	75
3848	78
3849	85
3850	83
3851	78
3852	61
3853	95
3854	74
3855	66
3856	75
3857	71
3858	87
3859	79
3860	77
3861	72
3862	65
3863	68
3864	56
3865	68
3866	69
3867	78
3868	67
3869	79
3870	87
3871	77
3872	60
3873	61
3874	72
3875	89
3876	64
3877	72
3878	58
3879	55
3880	49
3881	71
3882	86
3883	68
3884	70
3885	80
3886	63
3887	76
3888	74
3889	70
3890	68
3891	89
3892	71
3893	72
3894	73
3895	66
3896	82
3897	69
3898	75
3899	72
3900	68
3901	57
3902	71
3903	78
3904	72
3905	66
3906	77
3907	76
3908	73
3909	71
3910	81
3911	77
3912	67
3913	66
3914	75
3915	81
3916	69
3917	72
3918	65
3919	73
3920	72
3921	72
3922	79
3923	76
3924	77
3925	64
3926	60
3927	74
3928	57
3929	62
3930	84
3931	70
3932	73
3933	69
3934	64
3935	67
3936	74
3937	74
3938	76
3939	77
3940	51
3941	66
3942	63
3943	68
3944	73
3945	68
3946	67
3947	73
3948	62
3949	74
3950	77
3951	59
3952	60
3953	77
3954	62
3955	72
3956	72
3957	60
3958	70
3959	82
3960	72
3961	53
3962	49
3963	70
3964	62
3965	66
3966	65
3967	57
3968	63
3969	64
3970	61
3971	77
3972	68
3973	59
3974	61
3975	93
3976	57
3977	73
3978	75
3979	61
3980	68
3981	47
3982	59
3983	63
3984	57
3985	54
3986	51
3987	69
3988	59
3989	70
3990	76
3991	49
3992	67
3993	50
3994	54
3995	60
3996	69
3997	55
3998	55
3999	66
4000	48
4001	45
4002	55
4003	64
4004	65
4005	63
4006	74
4007	59
4008	78
4009	61
4010	63
4011	67
4012	65
4013	67
4014	59
4015	73
4016	59
4017	67
4018	53
4019	71
4020	56
4021	67
4022	60
4023	61
4024	51
4025	59
4026	63
4027	57
4028	64
4029	62
4030	39
4031	66
4032	66
4033	46
4034	47
4035	52
4036	64
4037	66
4038	62
4039	58
4040	59
4041	70
4042	58
4043	67
4044	53
4045	72
4046	52
4047	55
4048	60
4049	59
4050	63
4051	53
4052	54
4053	56
4054	67
4055	63
4056	44
4057	55
4058	65
4059	53
4060	57
4061	61
4062	61
4063	64
4064	54
4065	63
4066	50
4067	53
4068	53
4069	51
4070	51
4071	67
4072	57
4073	62
4074	64
4075	69
4076	53
4077	61
4078	56
4079	49
4080	54
4081	57
4082	59
4083	51
4084	58
4085	56
4086	59
4087	59
4088	53
4089	55
4090	58
4091	54
4092	53
4093	48
4094	56
4095	50
4096	42
4097	72
4098	51
4099	53
4100	63
4101	49
4102	59
4103	67
4104	44
4105	44
4106	60
4107	57
4108	56
4109	49
4110	57
4111	46
4112	51
4113	60
4114	49
4115	42
4116	59
4117	63
4118	49
4119	55
4120	53
4121	57
4122	52
4123	54
4124	49
4125	60
4126	50
4127	60
4128	45
4129	56
4130	54
4131	52
4132	44
4133	45
4134	57
4135	54
4136	65
4137	50
4138	57
4139	46
4140	53
4141	47
4142	49
4143	57
4144	56
4145	54
4146	48
4147	45
4148	50
4149	62
4150	49
4151	63
4152	58
4153	56
4154	53
4155	51
4156	54
4157	56
4158	56
4159	53
4160	51
4161	45
4162	56
4163	44
4164	53
4165	44
4166	49
4167	49
4168	69
4169	50
4170	41
4171	57
4172	57
4173	48
4174	63
4175	55
4176	37
4177	53
4178	45
4179	54
4180	52
4181	52
4182	47
4183	54
4184	48
4185	49
4186	47
4187	56
4188	49
4189	51
4190	54
4191	52
4192	51
4193	47
4194	48
4195	51
4196	53
4197	43
4198	40
4199	65
4200	41
4201	49
4202	63
4203	46
4204	55
4205	55
4206	45
4207	59
4208	44
4209	63
4210	54
4211	45
4212	52
4213	43
4214	43
4215	49
4216	55
4217	47
4218	49
4219	40
4220	46
4221	50
4222	39
4223	44
4224	45
4225	51
4226	38
4227	57
4228	47
4229	56
4230	48
4231	38
4232	59
4233	54
4234	47
4235	49
4236	60
4237	40
4238	50
4239	57
4240	48
4241	58
4242	53
4243	57
4244	45
4245	53
4246	44
4247	41
4248	45
4249	41
4250	53
4251	44
4252	49
4253	45
4254	44
4255	37
4256	47
4257	40
4258	51
4259	54
4260	47
4261	47
4262	50
4263	36
4264	46
4265	49
4266	49
4267	41
4268	52
4269	59
4270	52
4271	44
4272	47
4273	34
4274	41
4275	44
4276	46
4277	32
4278	38
4279	49
4280	52
4281	42
4282	38
4283	41
4284	41
4285	45
4286	46
4287	40
4288	46
4289	44
4290	48
4291	45
4292	43
4293	51
4294	55
4295	48
4296	43
4297	21
4298	40
4299	43
4300	36
4301	51
4302	34
4303	40
4304	41
4305	42
4306	41
4307	42
4308	44
4309	39
4310	39
4311	40
4312	47
4313	45
4314	33
4315	44
4316	46
4317	31
4318	41
4319	35
4320	43
4321	40
4322	47
4323	44
4324	51
4325	36
4326	45
4327	31
4328	28
4329	47
4330	33
4331	44
4332	34
4333	43
4334	37
4335	45
4336	39
4337	48
4338	35
4339	35
4340	41
4341	45
4342	39
4343	40
4344	36
4345	33
4346	40
4347	42
4348	48
4349	53
4350	42
4351	55
4352	45
4353	38
4354	40
4355	35
4356	35
4357	43
4358	33
4359	50
4360	39
4361	43
4362	36
4363	35
4364	32
4365	22
4366	39
4367	38
4368	29
4369	32
4370	34
4371	36
4372	48
4373	33
4374	33
4375	36
4376	36
4377	32
4378	40
4379	29
4380	32
4381	33
4382	34
4383	33
4384	39
4385	36
4386	48
4387	33
4388	40
4389	36
4390	39
4391	31
4392	24
4393	25
4394	34
4395	35
4396	33
4397	37
4398	32
4399	25
4400	42
4401	42
4402	44
4403	42
4404	37
4405	29
4406	36
4407	36
4408	37
4409	34
4410	28
4411	31
4412	28
4413	41
4414	38
4415	41
4416	37
4417	29
4418	40
4419	34
4420	45
4421	48
4422	38
4423	43
4424	31
4425	35
4426	35
4427	23
4428	38
4429	38
4430	38
4431	34
4432	32
4433	38
4434	52
4435	29
4436	36
4437	38
4438	36
4439	35
4440	29
4441	45
4442	37
4443	40
4444	30
4445	32
4446	40
4447	31
4448	32
4449	32
4450	24
4451	30
4452	33
4453	40
4454	48
4455	35
4456	36
4457	36
4458	44
4459	35
4460	42
4461	34
4462	40
4463	39
4464	41
4465	31
4466	32
4467	36
4468	38
4469	30
4470	29
4471	25
4472	37
4473	36
4474	20
4475	30
4476	32
4477	37
4478	35
4479	31
4480	31
4481	31
4482	29
4483	19
4484	36
4485	39
4486	33
4487	34
4488	32
4489	27
4490	37
4491	28
4492	22
4493	30
4494	33
4495	32
4496	30
4497	27
4498	31
4499	27
4500	33
4501	39
4502	30
4503	45
4504	27
4505	33
4506	25
4507	32
4508	18
4509	34
4510	32
4511	31
4512	34
4513	32
4514	26
4515	28
4516	31
4517	33
4518	28
4519	33
4520	34
4521	28
4522	24
4523	35
4524	28
4525	33
4526	34
4527	40
4528	42
4529	31
4530	37
4531	30
4532	31
4533	28
4534	36
4535	34
4536	25
4537	30
4538	33
4539	23
4540	29
4541	37
4542	26
4543	32
4544	38
4545	42
4546	26
4547	22
4548	30
4549	24
4550	34
4551	28
4552	19
4553	27
4554	28
4555	37
4556	26
4557	33
4558	26
4559	22
4560	30
4561	26
4562	33
4563	29
4564	43
4565	24
4566	29
4567	42
4568	25
4569	38
4570	29
4571	33
4572	34
4573	33
4574	33
4575	28
4576	26
4577	26
4578	27
4579	30
4580	36
4581	33
4582	32
4583	20
4584	26
4585	30
4586	32
4587	33
4588	31
4589	41
4590	36
4591	17
4592	31
4593	29
4594	30
4595	30
4596	32
4597	33
4598	23
4599	35
4600	37
4601	34
4602	31
4603	32
4604	32
4605	32
4606	33
4607	31
4608	29
4609	29
4610	27
4611	30
4612	26
4613	25
4614	35
4615	24
4616	29
4617	33
4618	35
4619	39
4620	29
4621	34
4622	23
4623	30
4624	37
4625	31
4626	32
4627	29
4628	28
4629	28
4630	24
4631	32
4632	22
4633	22
4634	33
4635	28
4636	24
4637	24
4638	25
4639	27
4640	31
4641	34
4642	32
4643	24
4644	27
4645	41
4646	24
4647	34
4648	27
4649	32
4650	29
4651	19
4652	30
4653	20
4654	29
4655	28
4656	18
4657	23
4658	25
4659	29
4660	37
4661	31
4662	28
4663	24
4664	28
4665	23
4666	19
4667	30
4668	24
4669	28
4670	22
4671	26
4672	42
4673	25
4674	22
4675	29
4676	26
4677	24
4678	17
4679	39
4680	28
4681	29
4682	26
4683	31
4684	30
4685	22
4686	23
4687	21
4688	27
4689	17
4690	27
4691	20
4692	17
4693	22
4694	32
4695	32
4696	26
4697	18
4698	30
4699	24
4700	23
4701	18
4702	21
4703	24
4704	25
4705	30
4706	29
4707	24
4708	23
4709	30
4710	16
4711	24
4712	28
4713	21
4714	29
4715	24
4716	19
4717	24
4718	20
4719	23
4720	27
4721	31
4722	26
4723	25
4724	22
4725	33
4726	20
4727	16
4728	16
4729	25
4730	21
4731	30
4732	21
4733	27
4734	28
4735	28
4736	22
4737	18
4738	24
4739	21
4740	20
4741	12
4742	21
4743	17
4744	24
4745	20
4746	26
4747	16
4748	20
4749	30
4750	18
4751	19
4752	15
4753	19
4754	24
4755	29
4756	17
4757	19
4758	27
4759	26
4760	13
4761	24
4762	27
4763	16
4764	24
4765	16
4766	23
4767	13
4768	20
4769	20
4770	20
4771	15
4772	16
4773	25
4774	24
4775	18
4776	12
4777	24
4778	27
4779	27
4780	15
4781	17
4782	20
4783	26
4784	18
4785	15
4786	12
4787	24
4788	21
4789	24
4790	14
4791	17
4792	15
4793	16
4794	17
4795	22
4796	16
4797	21
4798	19
4799	16
4800	17
4801	19
4802	18
4803	28
4804	10
4805	13
4806	22
4807	12
4808	28
4809	26
4810	21
4811	25
4812	20
4813	30
4814	23
4815	25
4816	23
4817	24
4818	18
4819	19
4820	17
4821	21
4822	17
4823	18
4824	24
4825	15
4826	14
4827	14
4828	12
4829	21
4830	18
4831	12
4832	21
4833	18
4834	19
4835	14
4836	15
4837	25
4838	25
4839	25
4840	22
4841	21
4842	20
4843	13
4844	20
4845	13
4846	18
4847	23
4848	19
4849	17
4850	18
4851	15
4852	28
4853	25
4854	20
4855	20
4856	25
4857	18
4858	13
4859	17
4860	20
4861	13
4862	16
4863	18
4864	19
4865	17
4866	25
4867	12
4868	23
4869	25
4870	20
4871	22
4872	23
4873	18
4874	27
4875	14
4876	23
4877	31
4878	9
4879	15
4880	20
4881	10
4882	21
4883	22
4884	16
4885	14
4886	13
4887	19
4888	19
4889	13
4890	16
4891	20
4892	10
4893	22
4894	24
4895	17
4896	15
4897	10
4898	27
4899	23
4900	13
4901	15
4902	21
4903	13
4904	18
4905	24
4906	23
4907	22
4908	19
4909	15
4910	21
4911	22
4912	20
4913	18
4914	19
4915	15
4916	19
4917	14
4918	17
4919	19
4920	20
4921	15
4922	14
4923	12
4924	22
4925	20
4926	20
4927	26
4928	19
4929	27
4930	21
4931	12
4932	18
4933	22
4934	17
4935	16
4936	14
4937	26
4938	18
4939	10
4940	14
4941	16
4942	18
4943	26
4944	20
4945	14
4946	14
4947	18
4948	24
4949	25
4950	19
4951	20
4952	14
4953	17
4954	20
4955	16
4956	23
4957	20
4958	12
4959	15
4960	17
4961	16
4962	15
4963	16
4964	25
4965	22
4966	18
4967	15
4968	14
4969	15
4970	13
4971	19
4972	18
4973	18
4974	13
4975	16
4976	14
4977	16
4978	20
4979	17
4980	18
4981	17
4982	17
4983	18
4984	21
4985	28
4986	20
4987	11
4988	19
4989	23
4990	15
4991	19
4992	19
4993	19
4994	14
4995	24
4996	19
4997	13
4998	21
4999	15
5000	19
5001	14
5002	10
5003	19
5004	11
5005	10
5006	12
5007	19
5008	24
5009	19
5010	22
5011	22
5012	18
5013	11
5014	14
5015	14
5016	15
5017	17
5018	20
5019	15
5020	22
5021	12
5022	16
5023	16
5024	18
5025	23
5026	18
5027	20
5028	25
5029	18
5030	24
5031	10
5032	14
5033	16
5034	20
5035	15
5036	21
5037	15
5038	14
5039	21
5040	16
5041	14
5042	25
5043	13
5044	19
5045	13
5046	18
5047	14
5048	14
5049	15
5050	12
5051	19
5052	20
5053	22
5054	16
5055	19
5056	21
5057	17
5058	14
5059	13
5060	18
5061	14
5062	18
5063	22
5064	20
5065	14
5066	13
5067	19
5068	14
5069	22
5070	14
5071	14
5072	19
5073	17
5074	12
5075	14
5076	17
5077	12
5078	14
5079	13
5080	23
5081	25
5082	21
5083	19
5084	20
5085	24
5086	22
5087	14
5088	19
5089	14
5090	22
5091	16
5092	17
5093	13
5094	9
5095	20
5096	15
5097	18
5098	15
5099	15
5100	17
5101	20
5102	20
5103	21
5104	18
5105	21
5106	11
5107	16
5108	24
5109	9
5110	10
5111	19
5112	11
5113	9
5114	17
5115	13
5116	15
5117	11
5118	19
5119	12
5120	12
5121	17
5122	15
5123	22
5124	16
5125	10
5126	12
5127	12
5128	11
5129	20
5130	14
5131	17
5132	14
5133	18
5134	12
5135	11
5136	12
5137	8
5138	14
5139	18
5140	13
5141	10
5142	16
5143	10
5144	11
5145	16
5146	15
5147	14
5148	16
5149	12
5150	12
5151	11
5152	5
5153	16
5154	18
5155	11
5156	7
5157	12
5158	13
5159	19
5160	6
5161	13
5162	8
5163	9
5164	20
5165	14
5166	9
5167	16
5168	11
5169	15
5170	14
5171	10
5172	11
5173	13
5174	17
5175	16
5176	13
5177	13
5178	14
5179	15
5180	8
5181	17
5182	14
5183	17
5184	13
5185	17
5186	9
5187	9
5188	14
5189	16
5190	15
5191	14
5192	17
5193	7
5194	13
5195	9
5196	12
5197	13
5198	11
5199	12
5200	10
5201	7
5202	11
5203	14
5204	9
5205	12
5206	11
5207	14
5208	14
5209	6
5210	15
5211	6
5212	13
5213	14
5214	12
5215	12
5216	16
5217	10
5218	12
5219	8
5220	10
5221	14
5222	8
5223	11
5224	11
5225	14
5226	18
5227	16
5228	10
5229	3
5230	14
5231	11
5232	9
5233	14
5234	14
5235	4
5236	15
5237	12
5238	9
5239	10
5240	16
5241	13
5242	15
5243	8
5244	13
5245	10
5246	9
5247	16
5248	12
5249	15
5250	7
5251	7
5252	12
5253	10
5254	11
5255	9
5256	5
5257	12
5258	10
5259	11
5260	10
5261	12
5262	3
5263	11
5264	12
5265	14
5266	9
5267	10
5268	7
5269	7
5270	6
5271	9
5272	5
5273	10
5274	12
5275	14
5276	10
5277	11
5278	8
5279	8
5280	16
5281	7
5282	12
5283	14
5284	13
5285	4
5286	9
5287	15
5288	14
5289	22
5290	14
5291	7
5292	9
5293	11
5294	8
5295	9
5296	14
5297	9
5298	6
5299	11
5300	7
5301	9
5302	10
5303	8
5304	11
5305	11
5306	12
5307	9
5308	7
5309	6
5310	11
5311	9
5312	12
5313	8
5314	5
5315	6
5316	13
5317	12
5318	9
5319	7
5320	10
5321	8
5322	6
5323	7
5324	6
5325	9
5326	8
5327	8
5328	6
5329	6
5330	12
5331	12
5332	7
5333	14
5334	11
5335	12
5336	8
5337	12
5338	6
5339	9
5340	6
5341	12
5342	9
5343	12
5344	8
5345	10
5346	4
5347	7
5348	6
5349	9
5350	13
5351	7
5352	8
5353	6
5354	13
5355	8
5356	8
5357	14
5358	12
5359	7
5360	8
5361	13
5362	8
5363	9
5364	12
5365	13
5366	12
5367	6
5368	9
5369	5
5370	12
5371	11
5372	7
5373	8
5374	9
5375	11
5376	13
5377	8
5378	14
5379	12
5380	14
5381	6
5382	6
5383	6
5384	13
5385	11
5386	6
5387	11
5388	6
5389	16
5390	10
5391	4
5392	13
5393	9
5394	13
5395	6
5396	7
5397	7
5398	6
5399	11
5400	5
5401	7
5402	6
5403	11
5404	7
5405	7
5406	6
5407	9
5408	6
5409	8
5410	7
5411	7
5412	8
5413	12
5414	6
5415	6
5416	7
5417	11
5418	11
5419	7
5420	8
5421	9
5422	6
5423	10
5424	9
5425	5
5426	5
5427	11
5428	9
5429	11
5430	6
5431	8
5432	11
5433	12
5434	8
5435	7
5436	6
5437	5
5438	7
5439	4
5440	11
5441	12
5442	6
5443	8
5444	6
5445	9
5446	7
5447	10
5448	5
5449	8
5450	10
5451	13
5452	11
5453	17
5454	13
5455	6
5456	9
5457	8
5458	7
5459	9
5460	14
5461	7
5462	17
5463	8
5464	6
5465	8
5466	10
5467	8
5468	11
5469	5
5470	11
5471	9
5472	13
5473	8
5474	10
5475	12
5476	8
5477	5
5478	10
5479	9
5480	10
5481	6
5482	16
5483	7
5484	12
5485	8
5486	10
5487	1
5488	9
5489	1
5490	8
5491	9
5492	5
5493	10
5494	10
5495	3
5496	7
5497	15
5498	12
5499	8
5500	11
5501	9
5502	4
5503	5
5504	8
5505	12
5506	8
5507	12
5508	5
5509	6
5510	15
5511	16
5512	7
5513	8
5514	11
5515	4
5516	14
5517	10
5518	14
5519	14
5520	10
5521	8
5522	12
5523	8
5524	6
5525	9
5526	6
5527	11
5528	16
5529	6
5530	7
5531	11
5532	7
5533	3
5534	12
5535	1
5536	9
5537	10
5538	9
5539	5
5540	9
5541	3
5542	8
5543	11
5544	9
5545	11
5546	3
5547	6
5548	10
5549	8
5550	8
5551	6
5552	12
5553	9
5554	12
5555	6
5556	6
5557	9
5558	7
5559	8
5560	9
5561	11
5562	5
5563	10
5564	5
5565	9
5566	9
5567	5
5568	11
5569	4
5570	8
5571	9
5572	6
5573	7
5574	11
5575	7
5576	6
5577	8
5578	3
5579	4
5580	8
5581	14
5582	3
5583	6
5584	5
5585	4
5586	7
5587	6
5588	2
5589	3
5590	4
5591	8
5592	10
5593	4
5594	9
5595	5
5596	6
5597	4
5598	7
5599	12
5600	5
5601	9
5602	4
5603	6
5604	2
5605	5
5606	7
5607	10
5608	8
5609	7
5610	12
5611	4
5612	8
5613	6
5614	5
5615	5
5616	7
5617	3
5618	5
5619	11
5620	2
5621	4
5622	4
5623	8
5624	12
5625	7
5626	5
5627	2
5628	5
5629	5
5630	5
5631	5
5632	6
5633	7
5634	6
5635	5
5636	5
5637	8
5638	7
5639	5
5640	2
5641	7
5642	4
5643	6
5644	5
5645	14
5646	6
5647	5
5648	5
5649	6
5650	8
5651	9
5652	6
5653	6
5654	3
5655	7
5656	7
5657	3
5658	5
5659	10
5660	9
5661	7
5662	4
5663	7
5664	3
5665	5
5666	8
5667	6
5668	3
5669	8
5670	5
5671	6
5672	4
5673	11
5674	4
5675	9
5676	3
5677	8
5678	8
5679	3
5680	4
5681	7
5682	7
5683	10
5684	3
5685	8
5686	9
5687	8
5688	6
5689	7
5690	6
5691	10
5692	4
5693	4
5694	4
5695	12
5696	3
5697	10
5698	9
5699	4
5700	4
5701	1
5702	5
5703	7
5704	6
5705	9
5706	7
5707	3
5708	7
5709	7
5710	5
5711	6
5712	3
5713	8
5714	10
5715	10
5716	6
5717	4
5718	7
5719	7
5720	4
5721	2
5722	5
5723	4
5724	3
5725	7
5726	12
5727	4
5728	4
5729	8
5730	3
5731	5
5732	6
5733	9
5734	6
5735	5
5736	4
5737	2
5738	6
5739	4
5740	5
5741	7
5742	5
5743	2
5744	4
5745	3
5746	3
5747	9
5748	8
5749	5
5750	7
5751	9
5752	6
5753	2
5754	3
5755	3
5756	7
5757	3
5758	5
5759	6
5760	6
5761	4
5762	6
5763	5
5764	3
5765	2
5766	4
5767	5
5768	1
5769	6
5770	5
5771	10
5772	5
5773	4
5774	6
5775	5
5776	6
5777	8
5778	3
5779	8
5780	8
5781	4
5782	4
5783	6
5784	3
5785	6
5786	4
5787	5
5788	8
5789	4
5790	2
5791	4
5792	2
5793	6
5794	7
5795	4
5796	8
5797	6
5798	4
5799	9
5800	7
5801	5
5802	4
5803	3
5804	2
5805	9
5806	6
5807	5
5808	7
5809	4
5810	2
5811	9
5812	6
5813	3
5814	5
5815	5
5816	5
5817	9
5818	2
5819	7
5820	8
5821	6
5822	2
5823	3
5824	4
5825	2
5826	5
5827	6
5828	6
5829	4
5830	4
5831	2
5832	7
5833	2
5834	4
5835	7
5836	4
5837	4
5838	4
5839	3
5840	7
5841	3
5842	7
5843	7
5844	1
5845	4
5846	9
5847	3
5848	4
5849	5
5850	3
5851	2
5852	4
5853	4
5854	8
5855	3
5856	6
5857	8
5858	3
5859	5
5860	2
5861	5
5862	4
5863	3
5864	3
5865	5
5866	8
5867	8
5868	5
5869	5
5870	4
5871	7
5872	4
5873	4
5874	7
5875	2
5876	11
5877	4
5878	5
5879	8
5880	7
5881	2
5882	8
5883	5
5884	8
5885	2
5886	6
5887	7
5888	5
5889	8
5890	7
5891	7
5892	6
5893	7
5894	11
5895	6
5896	3
5897	5
5898	2
5899	4
5900	4
5901	5
5902	5
5903	5
5904	4
5905	3
5906	6
5907	10
5908	4
5909	6
5910	8
5911	9
5912	2
5913	4
5914	5
5915	1
5916	2
5917	4
5918	5
5919	10
5920	4
5921	6
5922	2
5923	3
5924	4
5925	3
5926	5
5927	8
5928	10
5929	4
5930	5
5931	0
5932	3
5933	1
5934	5
5935	9
5936	5
5937	4
5938	2
5939	3
5940	2
5941	10
5942	4
5943	6
5944	4
5945	4
5946	4
5947	4
5948	7
5949	4
5950	2
5951	1
5952	1
5953	5
5954	6
5955	2
5956	6
5957	2
5958	2
5959	7
5960	2
5961	6
5962	3
5963	5
5964	4
5965	3
5966	6
5967	2
5968	4
5969	1
5970	3
5971	3
5972	5
5973	7
5974	6
5975	3
5976	4
5977	3
5978	5
5979	7
5980	3
5981	3
5982	3
5983	5
5984	0
5985	1
5986	4
5987	3
5988	5
5989	3
5990	10
5991	2
5992	8
5993	5
5994	3
5995	3
5996	5
5997	3
5998	6
5999	6
6000	4
6001	5
6002	3
6003	5
6004	2
6005	2
6006	5
6007	2
6008	8
6009	6
6010	1
6011	3
6012	4
6013	5
6014	4
6015	3
6016	2
6017	3
6018	3
6019	4
6020	4
6021	4
6022	6
6023	3
6024	5
6025	4
6026	3
6027	1
6028	4
6029	8
6030	8
6031	2
6032	3
6033	4
6034	2
6035	3
6036	5
6037	4
6038	4
6039	3
6040	2
6041	4
6042	5
6043	4
6044	6
6045	4
6046	2
6047	6
6048	2
6049	4
6050	2
6051	4
6052	4
6053	4
6054	4
6055	4
6056	7
6057	4
6058	4
6059	3
6060	10
6061	1
6062	5
6063	3
6064	5
6065	4
6066	3
6067	1
6068	6
6069	3
6070	10
6071	2
6072	3
6073	2
6074	5
6075	7
6076	3
6077	4
6078	2
6079	5
6080	4
6081	5
6082	0
6083	3
6084	3
6085	5
6086	4
6087	2
6088	3
6089	5
6090	4
6091	4
6092	6
6093	4
6094	6
6095	6
6096	1
6097	2
6098	4
6099	3
6100	3
6101	4
6102	4
6103	4
6104	2
6105	4
6106	4
6107	8
6108	0
6109	5
6110	4
6111	8
6112	2
6113	4
6114	4
6115	4
6116	7
6117	2
6118	1
6119	7
6120	5
6121	1
6122	1
6123	3
6124	1
6125	2
6126	7
6127	2
6128	3
6129	2
6130	6
6131	3
6132	6
6133	5
6134	4
6135	5
6136	5
6137	2
6138	3
6139	2
6140	3
6141	4
6142	3
6143	5
6144	5
6145	2
6146	5
6147	2
6148	0
6149	3
6150	2
6151	0
6152	5
6153	4
6154	4
6155	2
6156	5
6157	4
6158	4
6159	2
6160	3
6161	5
6162	3
6163	1
6164	6
6165	3
6166	0
6167	1
6168	3
6169	2
6170	2
6171	4
6172	2
6173	2
6174	5
6175	1
6176	2
6177	0
6178	3
6179	5
6180	4
6181	3
6182	2
6183	1
6184	1
6185	3
6186	4
6187	6
6188	3
6189	4
6190	3
6191	1
6192	3
6193	4
6194	3
6195	8
6196	0
6197	4
6198	1
6199	4
6200	0
6201	0
6202	6
6203	3
6204	3
6205	0
6206	1
6207	4
6208	4
6209	3
6210	2
6211	3
6212	4
6213	5
6214	3
6215	3
6216	3
6217	1
6218	6
6219	0
6220	3
6221	4
6222	1
6223	4
6224	2
6225	4
6226	4
6227	2
6228	0
6229	2
6230	1
6231	1
6232	3
6233	3
6234	3
6235	4
6236	4
6237	1
6238	2
6239	2
6240	5
6241	2
6242	3
6243	1
6244	3
6245	4
6246	1
6247	4
6248	3
6249	3
6250	3
6251	5
6252	3
6253	1
6254	5
6255	1
6256	5
6257	1
6258	5
6259	4
6260	1
6261	5
6262	4
6263	2
6264	3
6265	3
6266	1
6267	2
6268	1
6269	6
6270	5
6271	2
6272	0
6273	2
6274	4
6275	5
6276	1
6277	5
6278	4
6279	4
6280	2
6281	3
6282	2
6283	2
6284	0
6285	4
6286	0
6287	1
6288	3
6289	3
6290	3
6291	3
6292	1
6293	2
6294	1
6295	5
6296	1
6297	2
6298	6
6299	5
6300	4
6301	2
6302	7
6303	2
6304	4
6305	3
6306	3
6307	0
6308	2
6309	5
6310	3
6311	1
6312	1
6313	2
6314	2
6315	2
6316	3
6317	0
6318	2
6319	2
6320	2
6321	3
6322	1
6323	4
6324	0
6325	2
6326	3
6327	0
6328	3
6329	2
6330	5
6331	3
6332	6
6333	4
6334	4
6335	0
6336	4
6337	3
6338	3
6339	3
6340	3
6341	4
6342	2
6343	2
6344	1
6345	1
6346	4
6347	0
6348	0
6349	3
6350	2
6351	3
6352	1
6353	2
6354	3
6355	3
6356	1
6357	1
6358	2
6359	0
6360	4
6361	0
6362	5
6363	2
6364	2
6365	4
6366	0
6367	2
6368	1
6369	1
6370	2
6371	3
6372	2
6373	7
6374	1
6375	2
6376	2
6377	4
6378	1
6379	1
6380	1
6381	2
6382	1
6383	2
6384	1
6385	1
6386	3
6387	2
6388	4
6389	3
6390	1
6391	2
6392	4
6393	4
6394	3
6395	3
6396	5
6397	5
6398	0
6399	5
6400	3
6401	1
6402	2
6403	2
6404	2
6405	2
6406	3
6407	2
6408	2
6409	2
6410	0
6411	0
6412	4
6413	1
6414	1
6415	0
6416	5
6417	0
6418	4
6419	2
6420	0
6421	4
6422	2
6423	3
6424	4
6425	1
6426	2
6427	4
6428	7
6429	2
6430	3
6431	3
6432	2
6433	5
6434	5
6435	1
6436	0
6437	2
6438	4
6439	1
6440	1
6441	2
6442	2
6443	1
6444	1
6445	2
6446	1
6447	5
6448	0
6449	0
6450	2
6451	1
6452	4
6453	2
6454	3
6455	1
6456	3
6457	3
6458	1
6459	1
6460	1
6461	1
6462	5
6463	4
6464	4
6465	1
6466	1
6467	3
6468	1
6469	1
6470	3
6471	2
6472	1
6473	1
6474	0
6475	2
6476	4
6477	2
6478	2
6479	2
6480	2
6481	3
6482	1
6483	2
6484	1
6485	1
6486	2
6487	3
6488	3
6489	4
6490	2
6491	5
6492	1
6493	3
6494	3
6495	1
6496	4
6497	0
6498	1
6499	2
6500	2
6501	5
6502	2
6503	1
6504	4
6505	2
6506	2
6507	2
6508	4
6509	0
6510	3
6511	2
6512	3
6513	4
6514	3
6515	2
6516	4
6517	2
6518	4
6519	2
6520	1
6521	1
6522	1
6523	4
6524	3
6525	1
6526	0
6527	0
6528	2
6529	0
6530	6
6531	1
6532	2
6533	4
6534	0
6535	0
6536	2
6537	4
6538	1
6539	2
6540	0
6541	3
6542	1
6543	0
6544	2
6545	3
6546	1
6547	1
6548	3
6549	5
6550	2
6551	4
6552	1
6553	3
6554	0
6555	2
6556	1
6557	1
6558	3
6559	4
6560	1
6561	2
6562	1
6563	2
6564	0
6565	4
6566	3
6567	2
6568	2
6569	0
6570	1
6571	4
6572	0
6573	1
6574	1
6575	4
6576	2
6577	2
6578	1
6579	2
6580	2
6581	0
6582	2
6583	3
6584	3
6585	0
6586	3
6587	1
6588	2
6589	1
6590	1
6591	2
6592	5
6593	0
6594	4
6595	2
6596	1
6597	0
6598	1
6599	4
6600	1
6601	1
6602	2
6603	0
6604	0
6605	4
6606	3
6607	1
6608	1
6609	3
6610	1
6611	1
6612	2
6613	1
6614	2
6615	2
6616	1
6617	6
6618	0
6619	0
6620	2
6621	1
6622	2
6623	2
6624	1
6625	4
6626	2
6627	0
6628	2
6629	1
6630	1
6631	2
6632	2
6633	3
6634	1
6635	0
6636	1
6637	1
6638	0
6639	1
6640	3
6641	1
6642	2
6643	0
6644	0
6645	1
6646	2
6647	1
6648	1
6649	1
6650	0
6651	3
6652	2
6653	1
6654	3
6655	1
6656	2
6657	0
6658	1
6659	4
6660	0
6661	1
6662	3
6663	2
6664	2
6665	0
6666	0
6667	2
6668	4
6669	1
6670	0
6671	1
6672	0
6673	2
6674	2
6675	0
6676	1
6677	3
6678	1
6679	3
6680	2
6681	4
6682	2
6683	2
6684	0
6685	1
6686	0
6687	0
6688	0
6689	3
6690	1
6691	1
6692	4
6693	3
6694	1
6695	3
6696	0
6697	1
6698	1
6699	4
6700	4
6701	1
6702	2
6703	0
6704	2
6705	1
6706	2
6707	1
6708	0
6709	2
6710	3
6711	1
6712	1
6713	1
6714	1
6715	1
6716	1
6717	2
6718	1
6719	1
6720	1
6721	1
6722	2
6723	4
6724	2
6725	1
6726	0
6727	2
6728	2
6729	0
6730	1
6731	3
6732	4
6733	5
6734	2
6735	0
6736	2
6737	1
6738	1
6739	1
6740	2
6741	3
6742	1
6743	0
6744	0
6745	2
6746	0
6747	1
6748	0
6749	2
6750	1
6751	2
6752	2
6753	3
6754	1
6755	1
6756	0
6757	0
6758	0
6759	1
6760	0
6761	0
6762	3
6763	1
6764	0
6765	1
6766	0
6767	2
6768	2
6769	1
6770	1
6771	2
6772	2
6773	1
6774	0
6775	0
6776	0
6777	1
6778	2
6779	2
6780	3
6781	1
6782	1
6783	0
6784	3
6785	2
6786	0
6787	2
6788	0
6789	3
6790	2
6791	0
6792	2
6793	0
6794	2
6795	1
6796	1
6797	0
6798	1
6799	1
6800	2
6801	0
6802	0
6803	1
6804	4
6805	1
6806	1
6807	1
6808	3
6809	4
6810	0
6811	1
6812	1
6813	2
6814	0
6815	1
6816	0
6817	2
6818	1
6819	2
6820	0
6821	1
6822	0
6823	0
6824	0
6825	1
6826	2
6827	2
6828	1
6829	0
6830	1
6831	0
6832	0
6833	2
6834	2
6835	2
6836	1
6837	0
6838	3
6839	2
6840	1
6841	3
6842	1
6843	1
6844	1
6845	1
6846	2
6847	2
6848	0
6849	1
6850	1
6851	1
6852	2
6853	0
6854	2
6855	1
6856	1
6857	3
6858	2
6859	2
6860	1
6861	0
6862	0
6863	1
6864	0
6865	2
6866	3
6867	1
6868	0
6869	0
6870	1
6871	2
6872	2
6873	2
6874	2
6875	1
6876	5
6877	1
6878	1
6879	0
6880	0
6881	2
6882	1
6883	1
6884	2
6885	0
6886	1
6887	0
6888	3
6889	1
6890	2
6891	1
6892	1
6893	1
6894	1
6895	2
6896	2
6897	1
6898	1
6899	2
6900	4
6901	0
6902	1
6903	1
6904	2
6905	0
6906	0
6907	2
6908	1
6909	0
6910	0
6911	1
6912	2
6913	1
6914	0
6915	1
6916	0
6917	1
6918	2
6919	4
6920	1
6921	1
6922	1
6923	3
6924	1
6925	1
6926	0
6927	3
6928	2
6929	1
6930	1
6931	2
6932	0
6933	1
6934	0
6935	1
6936	1
6937	0
6938	0
6939	0
6940	1
6941	1
6942	0
6943	0
6944	2
6945	1
6946	0
6947	1
6948	1
6949	2
6950	2
6951	0
6952	0
6953	1
6954	0
6955	0
6956	1
6957	1
6958	0
6959	2
6960	0
6961	1
6962	0
6963	2
6964	2
6965	0
6966	1
6967	3
6968	2
6969	0
6970	0
6971	1
6972	0
6973	0
6974	1
6975	2
6976	0
6977	0
6978	2
6979	0
6980	2
6981	2
6982	1
6983	0
6984	3
6985	1
6986	1
6987	0
6988	0
6989	3
6990	1
6991	1
6992	3
6993	0
6994	1
6995	1
6996	2
6997	1
6998	1
6999	0
7000	1
7001	0
7002	1
7003	0
7004	0
7005	0
7006	1
7007	1
7008	0
7009	2
7010	1
7011	4
7012	2
7013	1
7014	1
7015	1
7016	1
7017	2
7018	1
7019	0
7020	1
7021	1
7022	0
7023	0
7024	2
7025	3
7026	1
7027	0
7028	2
7029	1
7030	3
7031	0
7032	1
7033	3
7034	0
7035	0
7036	2
7037	2
7038	3
7039	0
7040	3
7041	0
7042	1
7043	1
7044	0
7045	2
7046	1
7047	1
7048	0
7049	1
7050	1
7051	0
7052	1
7053	0
7054	2
7055	2
7056	1
7057	2
7058	2
7059	0
7060	3
7061	0
7062	1
7063	2
7064	0
7065	0
7066	0
7067	1
7068	1
7069	1
7070	0
7071	0
7072	0
7073	0
7074	0
7075	0
7076	3
7077	1
7078	0
7079	0
7080	0
7081	2
7082	0
7083	1
7084	2
7085	1
7086	1
7087	0
7088	1
7089	0
7090	0
7091	1
7092	3
7093	0
7094	1
7095	0
7096	2
7097	2
7098	1
7099	3
7100	2
7101	1
7102	1
7103	0
7104	0
7105	2
7106	0
7107	1
7108	1
7109	1
7110	0
7111	1
7112	2
7113	1
7114	3
7115	1
7116	0
7117	0
7118	0
7119	0
7120	1
7121	1
7122	1
7123	2
7124	1
7125	1
7126	1
7127	0
7128	2
7129	0
7130	3
7131	0
7132	0
7133	0
7134	0
7135	0
7136	1
7137	1
7138	0
7139	1
7140	1
7141	3
7142	2
7143	0
7144	3
7145	0
7146	0
7147	2
7148	1
7149	1
7150	1
7151	1
7152	1
7153	1
7154	0
7155	3
7156	1
7157	0
7158	0
7159	0
7160	0
7161	1
7162	0
7163	0
7164	1
7165	1
7166	0
7167	0
7168	3
7169	0
7170	1
7171	2
7172	0
7173	0
7174	1
7175	2
7176	1
7177	0
7178	0
7179	1
7180	0
7181	1
7182	1
7183	0
7184	1
7185	1
7186	0
7187	1
7188	1
7189	3
7190	0
7191	1
7192	0
7193	1
7194	0
7195	0
7196	1
7197	1
7198	2
7199	0
7200	1
7201	0
7202	1
7203	0
7204	0
7205	1
7206	0
7207	1
7208	3
7209	2
7210	0
7211	1
7212	0
7213	2
7214	0
7215	4
7216	1
7217	1
7218	0
7219	0
7220	0
7221	0
7222	4
7223	1
7224	0
7225	0
7226	0
7227	4
7228	0
7229	0
7230	3
7231	1
7232	1
7233	1
7234	0
7235	0
7236	0
7237	0
7238	1
7239	0
7240	0
7241	0
7242	0
7243	2
7244	1
7245	2
7246	2
7247	0
7248	0
7249	0
7250	0
7251	1
7252	0
7253	1
7254	0
7255	2
7256	0
7257	0
7258	0
7259	2
7260	2
7261	0
7262	2
7263	1
7264	0
7265	1
7266	0
7267	1
7268	1
7269	2
7270	1
7271	1
7272	0
7273	1
7274	1
7275	0
7276	0
7277	0
7278	0
7279	1
7280	2
7281	2
7282	0
7283	0
7284	0
7285	1
7286	3
7287	1
7288	1
7289	0
7290	0
7291	1
7292	0
7293	0
7294	1
7295	1
7296	3
7297	1
7298	1
7299	1
7300	2
7301	1
7302	2
7303	2
7304	0
7305	0
7306	0
7307	0
7308	1
7309	0
7310	0
7311	1
7312	2
7313	1
7314	1
7315	0
7316	1
7317	3
7318	0
7319	0
7320	0
7321	1
7322	0
7323	0
7324	1
7325	0
7326	0
7327	0
7328	1
7329	1
7330	0
7331	1
7332	0
7333	1
7334	2
7335	0
7336	0
7337	1
7338	0
7339	3
7340	1
7341	0
7342	1
7343	0
7344	2
7345	2
7346	0
7347	2
7348	1
7349	0
7350	1
7351	1
7352	1
7353	0
7354	0
7355	0
7356	0
7357	1
7358	1
7359	1
7360	0
7361	1
7362	2
7363	0
7364	1
7365	0
7366	1
7367	1
7368	0
7369	0
7370	0
7371	0
7372	0
7373	0
7374	2
7375	1
7376	0
7377	0
7378	1
7379	0
7380	1
7381	0
7382	1
7383	0
7384	0
7385	0
7386	1
7387	0
7388	0
7389	0
7390	0
7391	0
7392	0
7393	0
7394	0
7395	1
7396	0
7397	0
7398	1
7399	0
7400	2
7401	0
7402	1
7403	2
7404	0
7405	2
7406	0
7407	0
7408	0
7409	0
7410	0
7411	0
7412	2
7413	0
7414	0
7415	1
7416	1
7417	0
7418	0
7419	1
7420	1
7421	0
7422	0
7423	0
7424	0
7425	0
7426	0
7427	1
7428	1
7429	1
7430	0
7431	0
7432	1
7433	3
7434	0
7435	0
7436	0
7437	0
7438	1
7439	1
7440	1
7441	0
7442	2
7443	0
7444	0
7445	0
7446	0
7447	0
7448	1
7449	2
7450	1
7451	1
7452	0
7453	0
7454	0
7455	1
7456	0
7457	0
7458	0
7459	0
7460	1
7461	0
7462	1
7463	3
7464	0
7465	1
7466	0
7467	0
7468	1
7469	0
7470	0
7471	1
7472	1
7473	0
7474	0
7475	2
7476	0
7477	1
7478	1
7479	3
7480	0
7481	2
7482	0
7483	0
7484	3
7485	1
7486	0
7487	0
7488	0
7489	1
7490	0
7491	1
7492	0
7493	0
7494	2
7495	0
7496	0
7497	0
7498	0
7499	1
7500	0
7501	0
7502	0
7503	1
7504	1
7505	0
7506	0
7507	0
7508	1
7509	2
7510	3
7511	0
7512	1
7513	0
7514	2
7515	1
7516	2
7517	0
7518	1
7519	1
7520	0
7521	1
7522	0
7523	0
7524	3
7525	0
7526	1
7527	0
7528	0
7529	1
7530	3
7531	0
7532	0
7533	1
7534	0
7535	0
7536	0
7537	0
7538	0
7539	0
7540	0
7541	0
7542	0
7543	2
7544	0
7545	0
7546	0
7547	0
7548	1
7549	1
7550	2
7551	2
7552	0
7553	0
7554	0
7555	0
7556	0
7557	0
7558	0
7559	1
7560	1
7561	0
7562	0
7563	0
7564	1
7565	1
7566	0
7567	0
7568	1
7569	0
7570	2
7571	1
7572	0
7573	0
7574	2
7575	0
7576	0
7577	1
7578	0
7579	0
7580	0
7581	1
7582	0
7583	2
7584	0
7585	1
7586	0
7587	2
7588	1
7589	0
7590	0
7591	1
7592	0
7593	0
7594	1
7595	1
7596	0
7597	1
7598	0
7599	0
7600	1
7601	1
7602	0
7603	0
7604	1
7605	1
7606	1
7607	0
7608	0
7609	1
7610	0
7611	0
7612	0
7613	0
7614	0
7615	1
7616	0
7617	0
7618	0
7619	0
7620	0
7621	2
7622	0
7623	0
7624	0
7625	2
7626	0
7627	0
7628	0
7629	1
7630	0
7631	0
7632	0
7633	1
7634	0
7635	1
7636	0
7637	1
7638	0
7639	2
7640	0
7641	0
7642	1
7643	1
7644	1
7645	1
7646	0
7647	2
7648	0
7649	1
7650	0
7651	0
7652	1
7653	0
7654	0
7655	1
7656	0
7657	0
7658	0
7659	0
7660	0
7661	1
7662	2
7663	0
7664	0
7665	0
7666	0
7667	0
7668	1
7669	1
7670	0
7671	1
7672	0
7673	2
7674	0
7675	0
7676	0
7677	0
7678	1
7679	1
7680	0
7681	2
7682	0
7683	0
7684	0
7685	0
7686	0
7687	0
7688	1
7689	1
7690	0
7691	2
7692	1
7693	0
7694	1
7695	2
7696	1
7697	0
7698	1
7699	0
7700	0
7701	2
7702	0
7703	0
7704	0
7705	1
7706	0
7707	0
7708	0
7709	1
7710	0
7711	0
7712	0
7713	0
7714	0
7715	0
7716	1
7717	1
7718	1
7719	0
7720	0
7721	0
7722	1
7723	0
7724	0
7725	0
7726	1
7727	0
7728	1
7729	0
7730	0
7731	0
7732	0
7733	0
7734	1
7735	0
7736	0
7737	0
7738	2
7739	0
7740	1
7741	0
7742	0
7743	0
7744	0
7745	0
7746	0
7747	0
7748	1
7749	0
7750	0
7751	1
7752	1
7753	0
7754	2
7755	0
7756	0
7757	0
7758	0
7759	0
7760	0
7761	0
7762	0
7763	1
7764	1
7765	0
7766	1
7767	0
7768	0
7769	0
7770	0
7771	0
7772	0
7773	1
7774	1
7775	0
7776	0
7777	0
7778	2
7779	1
7780	2
7781	0
7782	3
7783	0
7784	0
7785	0
7786	0
7787	0
7788	0
7789	0
7790	0
7791	0
7792	0
7793	1
7794	0
7795	0
7796	0
7797	0
7798	1
7799	1
7800	0
7801	0
7802	0
7803	0
7804	0
7805	0
7806	0
7807	0
7808	0
7809	1
7810	1
7811	0
7812	0
7813	0
7814	0
7815	1
7816	0
7817	0
7818	0
7819	1
7820	0
7821	1
7822	1
7823	0
7824	1
7825	0
7826	0
7827	0
7828	1
7829	0
7830	0
7831	0
7832	0
7833	0
7834	0
7835	0
7836	0
7837	2
7838	0
7839	1
7840	0
7841	0
7842	0
7843	0
7844	0
7845	0
7846	0
7847	0
7848	0
7849	1
7850	0
7851	0
7852	0
7853	0
7854	0
7855	0
7856	0
7857	0
7858	1
7859	0
7860	0
7861	0
7862	0
7863	0
7864	0
7865	1
7866	0
7867	0
7868	0
7869	0
7870	0
7871	0
7872	1
7873	0
7874	0
7875	0
7876	1
7877	0
7878	0
7879	1
7880	0
7881	1
7882	0
7883	1
7884	0
7885	0
7886	1
7887	1
7888	1
7889	0
7890	0
7891	0
7892	0
7893	0
7894	1
7895	1
7896	0
7897	0
7898	0
7899	1
7900	0
7901	2
7902	0
7903	0
7904	0
7905	0
7906	0
7907	0
7908	0
7909	1
7910	1
7911	1
7912	0
7913	0
7914	1
7915	0
7916	0
7917	0
7918	0
7919	0
7920	0
7921	0
7922	2
7923	1
7924	0
7925	0
7926	0
7927	0
7928	2
7929	0
7930	0
7931	0
7932	0
7933	0
7934	0
7935	0
7936	0
7937	0
7938	0
7939	1
7940	0
7941	0
7942	0
7943	0
7944	0
7945	1
7946	1
7947	0
7948	0
7949	0
7950	0
7951	1
7952	0
7953	0
7954	0
7955	0
7956	2
7957	0
7958	0
7959	0
7960	0
7961	0
7962	0
7963	1
7964	0
7965	0
7966	0
7967	0
7968	0
7969	1
7970	0
7971	0
7972	1
7973	0
7974	0
7975	0
7976	0
7977	0
7978	0
7979	0
7980	0
7981	0
7982	0
7983	0
7984	0
7985	0
7986	1
7987	0
7988	0
7989	0
7990	0
7991	1
7992	1
7993	0
7994	1
7995	1
7996	0
7997	0
7998	0
7999	0
8000	1
8001	0
8002	0
8003	0
8004	0
8005	0
8006	0
8007	0
8008	0
8009	0
8010	0
8011	0
8012	0
8013	0
8014	0
8015	0
8016	0
8017	0
8018	0
8019	0
8020	0
8021	0
8022	0
8023	0
8024	0
8025	0
8026	1
8027	0
8028	0
8029	1
8030	1
8031	0
8032	0
8033	1
8034	0
8035	1
8036	0
8037	0
8038	0
8039	1
8040	0
8041	0
8042	0
8043	1
8044	0
8045	0
8046	0
8047	0
8048	0
8049	0
8050	0
8051	0
8052	0
8053	1
8054	0
8055	3
8056	0
8057	0
8058	0
8059	0
8060	0
8061	0
8062	0
8063	0
8064	0
8065	0
8066	1
8067	0
8068	0
8069	0
8070	0
8071	1
8072	0
8073	1
8074	0
8075	0
8076	2
8077	1
8078	0
8079	0
8080	0
8081	0
8082	2
8083	0
8084	1
8085	0
8086	1
8087	0
8088	0
8089	0
8090	0
8091	2
8092	0
8093	0
8094	0
8095	0
8096	0
8097	0
8098	0
8099	1
8100	0
8101	0
8102	0
8103	0
8104	0
8105	2
8106	1
8107	0
8108	1
8109	0
8110	0
8111	0
8112	0
8113	1
8114	0
8115	0
8116	0
8117	0
8118	0
8119	0
8120	0
8121	0
8122	2
8123	0
8124	0
8125	0
8126	1
8127	1
8128	0
8129	0
8130	0
8131	0
8132	0
8133	0
8134	0
8135	0
8136	0
8137	0
8138	0
8139	0
8140	0
8141	0
8142	0
8143	0
8144	0
8145	0
8146	0
8147	0
8148	0
8149	0
8150	0
8151	0
8152	0
8153	0
8154	0
8155	0
8156	0
8157	0
8158	0
8159	0
8160	0
8161	0
8162	0
8163	0
8164	0
8165	0
8166	0
8167	0
8168	0
8169	0
8170	0
8171	0
8172	0
8173	0
8174	0
8175	0
8176	0
8177	0
8178	0
8179	0
8180	0
8181	0
8182	0
8183	0
8184	0
8185	0
8186	0
8187	0
8188	0
8189	0
8190	0
8191	0
