0	0
1	0
2	0
3	0
4	0
5	0
6	0
7	0
8	0
9	0
10	0
11	0
12	0
13	0
14	0
15	0
16	0
17	0
18	0
19	0
20	0
21	0
22	0
23	0
24	0
25	0
26	0
27	0
28	0
29	0
30	0
31	0
32	0
33	0
34	0
35	0
36	0
37	0
38	0
39	0
40	0
41	0
42	0
43	0
44	0
45	0
46	0
47	0
48	0
49	0
50	0
51	0
52	0
53	0
54	0
55	0
56	0
57	0
58	0
59	0
60	0
61	0
62	0
63	0
64	0
65	0
66	0
67	0
68	2
69	4
70	6
71	11
72	15
73	9
74	8
75	14
76	12
77	12
78	12
79	17
80	4
81	14
82	13
83	12
84	15
85	13
86	23
87	19
88	18
89	25
90	13
91	21
92	26
93	13
94	24
95	16
96	25
97	24
98	20
99	28
100	32
101	23
102	29
103	40
104	24
105	37
106	36
107	55
108	55
109	35
110	38
111	39
112	38
113	51
114	48
115	57
116	56
117	52
118	65
119	41
120	58
121	57
122	69
123	59
124	88
125	84
126	82
127	81
128	92
129	93
130	89
131	94
132	140
133	128
134	133
135	130
136	107
137	132
138	122
139	160
140	164
141	154
142	156
143	202
144	199
145	201
146	243
147	257
148	250
149	249
150	293
151	271
152	315
153	325
154	341
155	357
156	360
157	367
158	401
159	419
160	412
161	454
162	455
163	530
164	464
165	548
166	583
167	548
168	664
169	629
170	654
171	684
172	721
173	781
174	826
175	843
176	882
177	888
178	891
179	914
180	948
181	1009
182	994
183	1075
184	1067
185	1177
186	1198
187	1187
188	1292
189	1244
190	1320
191	1374
192	1375
193	1377
194	1403
195	1370
196	1449
197	1480
198	1476
199	1533
200	1569
201	1566
202	1536
203	1642
204	1553
205	1574
206	1638
207	1704
208	1629
209	1629
210	1701
211	1639
212	1640
213	1722
214	1648
215	1648
216	1769
217	1639
218	1705
219	1738
220	1633
221	1698
222	1642
223	1600
224	1669
225	1530
226	1575
227	1633
228	1473
229	1528
230	1526
231	1530
232	1474
233	1396
234	1400
235	1344
236	1332
237	1369
238	1321
239	1287
240	1280
241	1264
242	1241
243	1234
244	1217
245	1170
246	1143
247	1086
248	1107
249	1071
250	1029
251	1029
252	1054
253	965
254	968
255	950
256	945
257	944
258	913
259	832
260	873
261	837
262	906
263	833
264	823
265	771
266	769
267	800
268	765
269	786
270	799
271	733
272	704
273	696
274	692
275	650
276	663
277	650
278	623
279	626
280	641
281	673
282	604
283	615
284	581
285	567
286	582
287	559
288	507
289	509
290	534
291	467
292	502
293	453
294	494
295	466
296	456
297	447
298	403
299	452
300	400
301	418
302	380
303	341
304	372
305	324
306	363
307	316
308	289
309	315
310	317
311	276
312	273
313	280
314	278
315	247
316	243
317	217
318	218
319	198
320	226
321	217
322	197
323	186
324	191
325	201
326	172
327	161
328	186
329	172
330	161
331	149
332	149
333	161
334	149
335	141
336	133
337	134
338	122
339	115
340	94
341	110
342	126
343	105
344	106
345	85
346	114
347	104
348	84
349	89
350	100
351	98
352	79
353	80
354	78
355	87
356	71
357	74
358	79
359	81
360	64
361	92
362	92
363	87
364	90
365	76
366	82
367	72
368	85
369	70
370	102
371	43
372	55
373	74
374	78
375	97
376	70
377	81
378	78
379	74
380	76
381	82
382	79
383	84
384	87
385	64
386	74
387	65
388	76
389	75
390	77
391	77
392	87
393	75
394	84
395	75
396	85
397	80
398	88
399	73
400	91
401	72
402	80
403	79
404	80
405	78
406	91
407	72
408	79
409	90
410	88
411	85
412	86
413	98
414	108
415	76
416	98
417	87
418	74
419	109
420	95
421	105
422	101
423	70
424	80
425	104
426	104
427	96
428	86
429	83
430	83
431	103
432	102
433	108
434	111
435	112
436	104
437	92
438	112
439	106
440	112
441	103
442	117
443	123
444	117
445	104
446	110
447	114
448	115
449	104
450	115
451	124
452	116
453	109
454	109
455	103
456	132
457	117
458	118
459	150
460	122
461	132
462	116
463	134
464	130
465	137
466	129
467	125
468	120
469	141
470	135
471	119
472	120
473	145
474	159
475	125
476	179
477	139
478	159
479	138
480	134
481	157
482	168
483	155
484	160
485	125
486	162
487	146
488	172
489	166
490	158
491	147
492	160
493	154
494	155
495	187
496	182
497	183
498	150
499	187
500	181
501	136
502	172
503	162
504	166
505	180
506	182
507	184
508	155
509	192
510	183
511	186
512	170
513	174
514	163
515	162
516	178
517	172
518	169
519	186
520	187
521	211
522	172
523	190
524	175
525	197
526	165
527	178
528	192
529	197
530	172
531	219
532	178
533	181
534	183
535	172
536	188
537	212
538	182
539	197
540	174
541	176
542	176
543	181
544	183
545	192
546	175
547	176
548	197
549	165
550	174
551	175
552	203
553	175
554	182
555	202
556	187
557	176
558	188
559	176
560	164
561	178
562	169
563	180
564	187
565	197
566	189
567	178
568	170
569	180
570	162
571	195
572	159
573	190
574	176
575	165
576	173
577	187
578	159
579	184
580	166
581	160
582	195
583	153
584	142
585	154
586	167
587	160
588	164
589	149
590	164
591	168
592	174
593	177
594	166
595	156
596	185
597	150
598	157
599	148
600	151
601	156
602	131
603	161
604	155
605	132
606	144
607	129
608	160
609	160
610	138
611	140
612	127
613	147
614	146
615	143
616	145
617	126
618	133
619	123
620	127
621	142
622	130
623	135
624	131
625	138
626	144
627	123
628	129
629	133
630	128
631	141
632	136
633	121
634	128
635	125
636	140
637	149
638	134
639	129
640	135
641	127
642	156
643	150
644	145
645	131
646	140
647	154
648	142
649	144
650	149
651	157
652	149
653	152
654	165
655	129
656	164
657	153
658	157
659	160
660	136
661	151
662	168
663	157
664	143
665	145
666	149
667	162
668	179
669	157
670	136
671	158
672	157
673	162
674	168
675	150
676	172
677	187
678	183
679	179
680	182
681	184
682	164
683	203
684	179
685	196
686	173
687	191
688	165
689	173
690	192
691	175
692	194
693	201
694	207
695	210
696	216
697	187
698	199
699	214
700	197
701	201
702	210
703	223
704	226
705	201
706	232
707	175
708	206
709	204
710	225
711	226
712	249
713	210
714	223
715	216
716	249
717	251
718	211
719	218
720	252
721	234
722	228
723	238
724	263
725	228
726	197
727	236
728	210
729	248
730	209
731	245
732	200
733	226
734	263
735	217
736	204
737	228
738	203
739	227
740	219
741	224
742	239
743	195
744	200
745	207
746	198
747	216
748	245
749	210
750	213
751	223
752	216
753	227
754	224
755	218
756	211
757	243
758	200
759	243
760	223
761	202
762	190
763	186
764	229
765	205
766	236
767	201
768	233
769	228
770	202
771	193
772	180
773	194
774	220
775	204
776	172
777	190
778	189
779	195
780	194
781	184
782	186
783	194
784	168
785	194
786	180
787	208
788	194
789	177
790	184
791	205
792	185
793	172
794	180
795	176
796	198
797	207
798	167
799	176
800	165
801	168
802	202
803	172
804	178
805	184
806	182
807	166
808	202
809	212
810	183
811	171
812	188
813	179
814	163
815	203
816	170
817	192
818	165
819	189
820	172
821	187
822	167
823	184
824	196
825	175
826	191
827	194
828	176
829	193
830	198
831	187
832	194
833	187
834	178
835	197
836	194
837	220
838	183
839	203
840	174
841	193
842	182
843	182
844	205
845	221
846	221
847	173
848	180
849	214
850	201
851	185
852	218
853	189
854	206
855	224
856	219
857	220
858	219
859	231
860	253
861	222
862	263
863	241
864	252
865	247
866	222
867	246
868	236
869	260
870	252
871	256
872	297
873	253
874	251
875	271
876	297
877	316
878	254
879	295
880	319
881	297
882	293
883	289
884	301
885	301
886	332
887	320
888	334
889	294
890	369
891	357
892	320
893	351
894	369
895	322
896	408
897	405
898	377
899	402
900	389
901	405
902	400
903	380
904	426
905	432
906	397
907	450
908	443
909	428
910	455
911	460
912	507
913	459
914	491
915	463
916	515
917	503
918	574
919	554
920	514
921	552
922	536
923	541
924	548
925	562
926	591
927	551
928	562
929	627
930	672
931	580
932	663
933	644
934	657
935	665
936	655
937	715
938	693
939	691
940	735
941	768
942	719
943	800
944	778
945	742
946	772
947	837
948	777
949	845
950	823
951	890
952	878
953	891
954	867
955	866
956	904
957	911
958	945
959	926
960	941
961	952
962	1011
963	1017
964	1016
965	1042
966	1051
967	994
968	1101
969	1026
970	1106
971	1052
972	1070
973	1109
974	1107
975	1152
976	1091
977	1173
978	1128
979	1157
980	1173
981	1188
982	1189
983	1224
984	1247
985	1174
986	1160
987	1240
988	1265
989	1235
990	1189
991	1232
992	1206
993	1281
994	1226
995	1127
996	1279
997	1264
998	1270
999	1285
1000	1207
1001	1197
1002	1220
1003	1244
1004	1249
1005	1262
1006	1207
1007	1223
1008	1267
1009	1210
1010	1199
1011	1176
1012	1200
1013	1241
1014	1132
1015	1192
1016	1267
1017	1178
1018	1177
1019	1091
1020	1168
1021	1127
1022	1166
1023	1133
1024	1051
1025	1150
1026	1121
1027	1071
1028	1072
1029	1028
1030	1114
1031	1024
1032	1013
1033	1025
1034	998
1035	991
1036	959
1037	1020
1038	946
1039	969
1040	910
1041	903
1042	883
1043	856
1044	849
1045	807
1046	795
1047	820
1048	813
1049	796
1050	771
1051	803
1052	744
1053	748
1054	791
1055	691
1056	745
1057	664
1058	692
1059	613
1060	637
1061	641
1062	624
1063	565
1064	576
1065	551
1066	568
1067	542
1068	554
1069	518
1070	505
1071	496
1072	499
1073	469
1074	447
1075	449
1076	444
1077	429
1078	421
1079	397
1080	389
1081	355
1082	376
1083	402
1084	344
1085	355
1086	357
1087	365
1088	292
1089	312
1090	319
1091	267
1092	292
1093	274
1094	241
1095	239
1096	256
1097	250
1098	244
1099	222
1100	224
1101	232
1102	199
1103	211
1104	178
1105	183
1106	210
1107	198
1108	180
1109	185
1110	171
1111	182
1112	165
1113	181
1114	156
1115	122
1116	116
1117	160
1118	141
1119	125
1120	131
1121	166
1122	116
1123	130
1124	112
1125	127
1126	130
1127	119
1128	119
1129	123
1130	111
1131	92
1132	105
1133	100
1134	105
1135	92
1136	91
1137	94
1138	85
1139	85
1140	90
1141	94
1142	79
1143	98
1144	94
1145	88
1146	90
1147	82
1148	77
1149	54
1150	75
1151	82
1152	75
1153	85
1154	58
1155	78
1156	82
1157	70
1158	75
1159	69
1160	74
1161	56
1162	58
1163	70
1164	76
1165	77
1166	63
1167	61
1168	69
1169	78
1170	69
1171	56
1172	68
1173	61
1174	67
1175	51
1176	66
1177	74
1178	54
1179	60
1180	53
1181	69
1182	63
1183	62
1184	80
1185	58
1186	46
1187	71
1188	64
1189	77
1190	60
1191	56
1192	66
1193	62
1194	72
1195	69
1196	71
1197	81
1198	63
1199	57
1200	55
1201	72
1202	47
1203	65
1204	64
1205	66
1206	58
1207	57
1208	54
1209	62
1210	70
1211	58
1212	49
1213	52
1214	66
1215	55
1216	64
1217	54
1218	56
1219	63
1220	62
1221	69
1222	63
1223	64
1224	76
1225	64
1226	47
1227	59
1228	71
1229	75
1230	61
1231	70
1232	76
1233	67
1234	62
1235	63
1236	66
1237	74
1238	61
1239	57
1240	49
1241	69
1242	61
1243	69
1244	69
1245	70
1246	51
1247	60
1248	71
1249	64
1250	70
1251	74
1252	74
1253	75
1254	59
1255	55
1256	65
1257	76
1258	60
1259	58
1260	59
1261	77
1262	70
1263	69
1264	49
1265	66
1266	74
1267	75
1268	67
1269	75
1270	62
1271	69
1272	70
1273	71
1274	77
1275	61
1276	64
1277	59
1278	70
1279	68
1280	75
1281	68
1282	58
1283	74
1284	74
1285	63
1286	64
1287	68
1288	59
1289	66
1290	67
1291	69
1292	60
1293	61
1294	55
1295	60
1296	53
1297	57
1298	80
1299	56
1300	76
1301	63
1302	87
1303	78
1304	71
1305	77
1306	67
1307	80
1308	79
1309	62
1310	49
1311	79
1312	83
1313	71
1314	51
1315	70
1316	79
1317	67
1318	59
1319	71
1320	68
1321	59
1322	69
1323	79
1324	64
1325	89
1326	85
1327	74
1328	62
1329	77
1330	62
1331	63
1332	64
1333	68
1334	52
1335	62
1336	70
1337	80
1338	64
1339	76
1340	66
1341	80
1342	62
1343	66
1344	84
1345	60
1346	72
1347	72
1348	71
1349	56
1350	75
1351	76
1352	61
1353	78
1354	64
1355	53
1356	99
1357	70
1358	64
1359	84
1360	65
1361	75
1362	71
1363	88
1364	65
1365	69
1366	75
1367	68
1368	84
1369	91
1370	69
1371	80
1372	91
1373	74
1374	80
1375	56
1376	74
1377	78
1378	79
1379	95
1380	87
1381	81
1382	64
1383	82
1384	76
1385	86
1386	67
1387	83
1388	84
1389	90
1390	84
1391	60
1392	100
1393	74
1394	84
1395	58
1396	73
1397	82
1398	83
1399	71
1400	96
1401	81
1402	77
1403	76
1404	88
1405	73
1406	79
1407	69
1408	82
1409	94
1410	89
1411	76
1412	84
1413	93
1414	98
1415	85
1416	89
1417	86
1418	107
1419	89
1420	82
1421	102
1422	93
1423	110
1424	88
1425	97
1426	105
1427	93
1428	103
1429	89
1430	83
1431	105
1432	108
1433	110
1434	92
1435	101
1436	102
1437	89
1438	101
1439	75
1440	94
1441	103
1442	100
1443	84
1444	89
1445	99
1446	109
1447	103
1448	100
1449	97
1450	109
1451	100
1452	102
1453	120
1454	110
1455	112
1456	98
1457	127
1458	109
1459	125
1460	130
1461	125
1462	117
1463	105
1464	111
1465	103
1466	132
1467	125
1468	133
1469	120
1470	122
1471	118
1472	109
1473	119
1474	126
1475	131
1476	138
1477	124
1478	119
1479	105
1480	135
1481	114
1482	130
1483	149
1484	113
1485	124
1486	118
1487	119
1488	117
1489	135
1490	125
1491	141
1492	146
1493	141
1494	112
1495	117
1496	135
1497	129
1498	141
1499	116
1500	128
1501	118
1502	131
1503	120
1504	124
1505	134
1506	125
1507	140
1508	134
1509	121
1510	124
1511	136
1512	138
1513	127
1514	121
1515	134
1516	132
1517	130
1518	134
1519	133
1520	138
1521	116
1522	138
1523	122
1524	117
1525	128
1526	135
1527	131
1528	109
1529	152
1530	142
1531	130
1532	119
1533	114
1534	106
1535	127
1536	109
1537	124
1538	125
1539	120
1540	143
1541	109
1542	113
1543	117
1544	136
1545	133
1546	119
1547	152
1548	153
1549	119
1550	117
1551	130
1552	140
1553	111
1554	142
1555	148
1556	115
1557	105
1558	124
1559	131
1560	105
1561	116
1562	125
1563	107
1564	99
1565	104
1566	115
1567	114
1568	129
1569	122
1570	99
1571	106
1572	118
1573	85
1574	101
1575	100
1576	114
1577	110
1578	104
1579	116
1580	93
1581	107
1582	112
1583	110
1584	78
1585	105
1586	94
1587	93
1588	90
1589	104
1590	94
1591	86
1592	85
1593	88
1594	90
1595	88
1596	88
1597	122
1598	80
1599	93
1600	93
1601	88
1602	97
1603	96
1604	90
1605	104
1606	90
1607	93
1608	79
1609	82
1610	90
1611	85
1612	72
1613	73
1614	76
1615	97
1616	86
1617	106
1618	81
1619	83
1620	82
1621	77
1622	81
1623	78
1624	66
1625	91
1626	72
1627	90
1628	95
1629	72
1630	77
1631	77
1632	74
1633	70
1634	75
1635	78
1636	72
1637	72
1638	87
1639	66
1640	86
1641	68
1642	71
1643	66
1644	82
1645	79
1646	76
1647	79
1648	81
1649	89
1650	69
1651	60
1652	70
1653	75
1654	63
1655	69
1656	67
1657	54
1658	61
1659	67
1660	66
1661	76
1662	69
1663	54
1664	63
1665	69
1666	65
1667	65
1668	57
1669	65
1670	61
1671	81
1672	68
1673	76
1674	70
1675	77
1676	79
1677	77
1678	68
1679	56
1680	65
1681	74
1682	92
1683	57
1684	65
1685	89
1686	77
1687	74
1688	64
1689	65
1690	66
1691	63
1692	53
1693	66
1694	56
1695	71
1696	87
1697	61
1698	68
1699	64
1700	72
1701	80
1702	70
1703	52
1704	82
1705	59
1706	69
1707	54
1708	70
1709	56
1710	51
1711	67
1712	76
1713	67
1714	69
1715	68
1716	54
1717	60
1718	78
1719	70
1720	64
1721	75
1722	60
1723	67
1724	62
1725	51
1726	80
1727	61
1728	74
1729	74
1730	60
1731	70
1732	75
1733	51
1734	62
1735	62
1736	66
1737	61
1738	64
1739	63
1740	59
1741	77
1742	71
1743	78
1744	67
1745	68
1746	67
1747	70
1748	73
1749	67
1750	59
1751	63
1752	56
1753	83
1754	69
1755	68
1756	85
1757	73
1758	65
1759	68
1760	68
1761	62
1762	59
1763	56
1764	58
1765	72
1766	56
1767	65
1768	61
1769	66
1770	62
1771	63
1772	64
1773	78
1774	62
1775	61
1776	66
1777	71
1778	76
1779	56
1780	66
1781	76
1782	84
1783	65
1784	67
1785	71
1786	81
1787	75
1788	71
1789	70
1790	81
1791	65
1792	72
1793	68
1794	75
1795	72
1796	81
1797	69
1798	61
1799	63
1800	74
1801	72
1802	73
1803	86
1804	74
1805	62
1806	63
1807	68
1808	69
1809	92
1810	67
1811	87
1812	103
1813	86
1814	67
1815	63
1816	68
1817	64
1818	71
1819	78
1820	62
1821	68
1822	65
1823	86
1824	83
1825	76
1826	98
1827	90
1828	78
1829	71
1830	82
1831	85
1832	64
1833	81
1834	64
1835	90
1836	74
1837	85
1838	72
1839	83
1840	77
1841	75
1842	78
1843	84
1844	77
1845	80
1846	97
1847	79
1848	73
1849	80
1850	67
1851	73
1852	71
1853	78
1854	72
1855	70
1856	86
1857	77
1858	81
1859	64
1860	81
1861	80
1862	86
1863	67
1864	86
1865	71
1866	80
1867	83
1868	75
1869	85
1870	70
1871	86
1872	88
1873	63
1874	77
1875	75
1876	90
1877	72
1878	100
1879	88
1880	75
1881	85
1882	89
1883	69
1884	81
1885	78
1886	90
1887	75
1888	92
1889	74
1890	97
1891	75
1892	74
1893	73
1894	95
1895	78
1896	87
1897	82
1898	89
1899	71
1900	79
1901	92
1902	73
1903	85
1904	82
1905	93
1906	91
1907	82
1908	81
1909	82
1910	86
1911	92
1912	80
1913	98
1914	100
1915	92
1916	95
1917	82
1918	87
1919	87
1920	98
1921	82
1922	99
1923	81
1924	104
1925	82
1926	75
1927	84
1928	91
1929	98
1930	111
1931	72
1932	89
1933	103
1934	107
1935	79
1936	101
1937	101
1938	97
1939	96
1940	82
1941	99
1942	87
1943	83
1944	87
1945	77
1946	94
1947	80
1948	82
1949	85
1950	83
1951	97
1952	95
1953	81
1954	82
1955	94
1956	94
1957	104
1958	77
1959	95
1960	104
1961	101
1962	79
1963	88
1964	104
1965	91
1966	88
1967	76
1968	99
1969	92
1970	112
1971	97
1972	102
1973	86
1974	95
1975	90
1976	90
1977	95
1978	93
1979	105
1980	85
1981	91
1982	112
1983	85
1984	90
1985	98
1986	99
1987	95
1988	112
1989	94
1990	95
1991	98
1992	96
1993	85
1994	92
1995	82
1996	95
1997	97
1998	85
1999	90
2000	103
2001	107
2002	95
2003	92
2004	96
2005	106
2006	108
2007	99
2008	108
2009	93
2010	115
2011	105
2012	91
2013	105
2014	96
2015	102
2016	119
2017	100
2018	94
2019	91
2020	118
2021	105
2022	91
2023	95
2024	96
2025	106
2026	99
2027	96
2028	102
2029	108
2030	103
2031	106
2032	112
2033	99
2034	118
2035	102
2036	97
2037	79
2038	103
2039	104
2040	113
2041	106
2042	99
2043	115
2044	96
2045	99
2046	82
2047	94
2048	116
2049	102
2050	105
2051	110
2052	97
2053	93
2054	102
2055	92
2056	98
2057	102
2058	123
2059	107
2060	116
2061	92
2062	98
2063	104
2064	95
2065	107
2066	104
2067	105
2068	110
2069	118
2070	86
2071	99
2072	122
2073	123
2074	113
2075	122
2076	111
2077	113
2078	108
2079	97
2080	103
2081	106
2082	115
2083	111
2084	95
2085	112
2086	124
2087	101
2088	98
2089	117
2090	104
2091	104
2092	102
2093	115
2094	98
2095	87
2096	96
2097	115
2098	104
2099	104
2100	108
2101	130
2102	121
2103	126
2104	105
2105	91
2106	96
2107	103
2108	104
2109	110
2110	100
2111	90
2112	109
2113	108
2114	93
2115	89
2116	108
2117	90
2118	97
2119	105
2120	99
2121	101
2122	84
2123	123
2124	108
2125	83
2126	101
2127	103
2128	100
2129	102
2130	118
2131	122
2132	112
2133	105
2134	107
2135	99
2136	113
2137	107
2138	101
2139	116
2140	103
2141	97
2142	113
2143	106
2144	100
2145	121
2146	98
2147	95
2148	94
2149	108
2150	111
2151	96
2152	90
2153	105
2154	109
2155	101
2156	111
2157	99
2158	105
2159	97
2160	117
2161	103
2162	105
2163	106
2164	104
2165	105
2166	127
2167	94
2168	128
2169	100
2170	107
2171	101
2172	86
2173	92
2174	99
2175	99
2176	99
2177	106
2178	78
2179	93
2180	96
2181	98
2182	109
2183	96
2184	77
2185	81
2186	88
2187	117
2188	106
2189	111
2190	77
2191	94
2192	95
2193	106
2194	101
2195	101
2196	98
2197	108
2198	111
2199	102
2200	90
2201	108
2202	95
2203	95
2204	94
2205	101
2206	107
2207	99
2208	108
2209	96
2210	82
2211	101
2212	98
2213	107
2214	91
2215	77
2216	80
2217	89
2218	78
2219	93
2220	89
2221	91
2222	89
2223	90
2224	86
2225	78
2226	88
2227	78
2228	88
2229	97
2230	91
2231	68
2232	107
2233	92
2234	81
2235	92
2236	92
2237	98
2238	84
2239	92
2240	89
2241	98
2242	80
2243	77
2244	73
2245	89
2246	102
2247	89
2248	101
2249	76
2250	87
2251	87
2252	104
2253	83
2254	81
2255	76
2256	87
2257	74
2258	95
2259	81
2260	100
2261	84
2262	85
2263	89
2264	85
2265	87
2266	93
2267	80
2268	87
2269	94
2270	96
2271	92
2272	86
2273	85
2274	73
2275	82
2276	90
2277	93
2278	89
2279	80
2280	84
2281	86
2282	88
2283	81
2284	65
2285	81
2286	69
2287	89
2288	80
2289	76
2290	97
2291	81
2292	76
2293	70
2294	96
2295	84
2296	85
2297	62
2298	80
2299	109
2300	80
2301	73
2302	88
2303	90
2304	75
2305	79
2306	99
2307	84
2308	73
2309	58
2310	75
2311	67
2312	77
2313	91
2314	81
2315	88
2316	76
2317	86
2318	102
2319	69
2320	71
2321	91
2322	83
2323	95
2324	86
2325	85
2326	71
2327	88
2328	95
2329	89
2330	67
2331	80
2332	62
2333	78
2334	98
2335	80
2336	90
2337	77
2338	71
2339	86
2340	71
2341	73
2342	67
2343	82
2344	71
2345	70
2346	64
2347	81
2348	79
2349	83
2350	62
2351	78
2352	68
2353	60
2354	77
2355	91
2356	57
2357	77
2358	62
2359	81
2360	78
2361	87
2362	83
2363	74
2364	81
2365	77
2366	63
2367	70
2368	80
2369	80
2370	78
2371	73
2372	73
2373	69
2374	59
2375	62
2376	77
2377	78
2378	63
2379	88
2380	64
2381	84
2382	50
2383	76
2384	78
2385	63
2386	74
2387	77
2388	69
2389	72
2390	74
2391	65
2392	69
2393	69
2394	83
2395	69
2396	78
2397	77
2398	74
2399	69
2400	71
2401	69
2402	74
2403	82
2404	83
2405	58
2406	79
2407	49
2408	82
2409	74
2410	74
2411	69
2412	67
2413	65
2414	65
2415	65
2416	79
2417	72
2418	73
2419	65
2420	50
2421	59
2422	71
2423	70
2424	78
2425	52
2426	61
2427	65
2428	69
2429	70
2430	55
2431	71
2432	72
2433	54
2434	74
2435	67
2436	54
2437	74
2438	65
2439	69
2440	68
2441	62
2442	61
2443	70
2444	73
2445	50
2446	61
2447	55
2448	65
2449	81
2450	61
2451	71
2452	53
2453	61
2454	65
2455	68
2456	54
2457	58
2458	65
2459	51
2460	86
2461	56
2462	60
2463	63
2464	69
2465	56
2466	88
2467	76
2468	60
2469	70
2470	65
2471	79
2472	59
2473	58
2474	61
2475	59
2476	69
2477	67
2478	66
2479	81
2480	82
2481	63
2482	62
2483	67
2484	83
2485	55
2486	60
2487	67
2488	64
2489	64
2490	53
2491	59
2492	92
2493	57
2494	69
2495	48
2496	65
2497	71
2498	69
2499	75
2500	69
2501	62
2502	56
2503	64
2504	71
2505	62
2506	75
2507	63
2508	49
2509	63
2510	59
2511	43
2512	64
2513	70
2514	64
2515	57
2516	72
2517	52
2518	53
2519	60
2520	77
2521	58
2522	79
2523	69
2524	56
2525	65
2526	60
2527	63
2528	55
2529	65
2530	76
2531	62
2532	72
2533	63
2534	54
2535	61
2536	72
2537	54
2538	55
2539	60
2540	68
2541	68
2542	58
2543	57
2544	77
2545	61
2546	69
2547	50
2548	64
2549	71
2550	65
2551	65
2552	67
2553	55
2554	66
2555	58
2556	66
2557	74
2558	68
2559	67
2560	54
2561	65
2562	82
2563	60
2564	63
2565	66
2566	63
2567	64
2568	65
2569	55
2570	57
2571	62
2572	65
2573	62
2574	55
2575	55
2576	66
2577	79
2578	60
2579	64
2580	64
2581	57
2582	68
2583	65
2584	61
2585	54
2586	47
2587	61
2588	58
2589	48
2590	69
2591	71
2592	63
2593	69
2594	58
2595	58
2596	60
2597	57
2598	50
2599	55
2600	58
2601	52
2602	61
2603	57
2604	63
2605	58
2606	73
2607	58
2608	71
2609	58
2610	63
2611	78
2612	63
2613	67
2614	54
2615	73
2616	54
2617	49
2618	44
2619	54
2620	69
2621	63
2622	57
2623	71
2624	53
2625	57
2626	66
2627	63
2628	52
2629	67
2630	58
2631	55
2632	56
2633	68
2634	64
2635	47
2636	62
2637	51
2638	48
2639	56
2640	49
2641	56
2642	62
2643	64
2644	57
2645	54
2646	53
2647	55
2648	46
2649	51
2650	58
2651	61
2652	60
2653	58
2654	48
2655	60
2656	56
2657	54
2658	60
2659	55
2660	39
2661	54
2662	44
2663	61
2664	51
2665	55
2666	55
2667	47
2668	53
2669	62
2670	57
2671	57
2672	43
2673	46
2674	48
2675	43
2676	63
2677	48
2678	45
2679	45
2680	61
2681	47
2682	53
2683	44
2684	53
2685	44
2686	49
2687	44
2688	63
2689	54
2690	43
2691	56
2692	56
2693	52
2694	61
2695	44
2696	53
2697	55
2698	63
2699	46
2700	45
2701	47
2702	58
2703	55
2704	52
2705	47
2706	42
2707	62
2708	59
2709	52
2710	52
2711	51
2712	53
2713	55
2714	61
2715	67
2716	49
2717	62
2718	61
2719	58
2720	41
2721	51
2722	61
2723	45
2724	40
2725	61
2726	44
2727	44
2728	65
2729	50
2730	54
2731	54
2732	52
2733	68
2734	45
2735	50
2736	49
2737	40
2738	43
2739	53
2740	59
2741	46
2742	43
2743	42
2744	61
2745	59
2746	47
2747	43
2748	51
2749	51
2750	45
2751	49
2752	43
2753	50
2754	49
2755	53
2756	41
2757	49
2758	55
2759	54
2760	63
2761	47
2762	34
2763	37
2764	48
2765	52
2766	41
2767	46
2768	44
2769	45
2770	47
2771	49
2772	47
2773	39
2774	50
2775	42
2776	43
2777	46
2778	58
2779	42
2780	43
2781	42
2782	43
2783	39
2784	47
2785	37
2786	40
2787	65
2788	48
2789	42
2790	53
2791	51
2792	51
2793	36
2794	47
2795	39
2796	36
2797	47
2798	52
2799	45
2800	49
2801	43
2802	40
2803	33
2804	36
2805	47
2806	44
2807	38
2808	32
2809	34
2810	53
2811	47
2812	38
2813	40
2814	44
2815	42
2816	47
2817	47
2818	50
2819	47
2820	51
2821	47
2822	36
2823	39
2824	40
2825	40
2826	40
2827	32
2828	40
2829	42
2830	42
2831	39
2832	36
2833	48
2834	50
2835	49
2836	48
2837	40
2838	53
2839	51
2840	30
2841	44
2842	40
2843	47
2844	41
2845	43
2846	53
2847	39
2848	50
2849	34
2850	47
2851	42
2852	46
2853	49
2854	39
2855	45
2856	47
2857	40
2858	30
2859	39
2860	47
2861	37
2862	45
2863	46
2864	45
2865	29
2866	40
2867	37
2868	40
2869	43
2870	41
2871	34
2872	45
2873	40
2874	44
2875	49
2876	32
2877	36
2878	44
2879	42
2880	38
2881	58
2882	38
2883	45
2884	37
2885	35
2886	30
2887	40
2888	37
2889	39
2890	32
2891	40
2892	49
2893	52
2894	41
2895	28
2896	40
2897	46
2898	35
2899	36
2900	44
2901	39
2902	34
2903	40
2904	30
2905	43
2906	33
2907	49
2908	32
2909	38
2910	43
2911	53
2912	38
2913	37
2914	38
2915	45
2916	39
2917	41
2918	32
2919	45
2920	39
2921	44
2922	32
2923	36
2924	41
2925	50
2926	48
2927	33
2928	35
2929	39
2930	39
2931	38
2932	43
2933	46
2934	41
2935	41
2936	44
2937	32
2938	42
2939	37
2940	43
2941	29
2942	38
2943	33
2944	44
2945	48
2946	43
2947	53
2948	45
2949	45
2950	47
2951	44
2952	39
2953	37
2954	42
2955	41
2956	31
2957	27
2958	31
2959	49
2960	49
2961	35
2962	32
2963	33
2964	38
2965	52
2966	43
2967	55
2968	47
2969	32
2970	45
2971	50
2972	30
2973	30
2974	34
2975	32
2976	33
2977	45
2978	45
2979	46
2980	39
2981	39
2982	44
2983	47
2984	46
2985	49
2986	25
2987	44
2988	45
2989	35
2990	28
2991	42
2992	42
2993	35
2994	46
2995	43
2996	31
2997	52
2998	46
2999	49
3000	41
3001	40
3002	35
3003	32
3004	36
3005	26
3006	39
3007	31
3008	37
3009	47
3010	39
3011	43
3012	23
3013	33
3014	27
3015	37
3016	32
3017	35
3018	30
3019	36
3020	36
3021	31
3022	47
3023	35
3024	38
3025	30
3026	29
3027	53
3028	37
3029	38
3030	37
3031	31
3032	34
3033	35
3034	38
3035	39
3036	43
3037	39
3038	37
3039	43
3040	32
3041	39
3042	43
3043	40
3044	28
3045	33
3046	38
3047	40
3048	38
3049	33
3050	44
3051	37
3052	25
3053	38
3054	42
3055	29
3056	39
3057	39
3058	23
3059	39
3060	32
3061	41
3062	38
3063	39
3064	33
3065	38
3066	51
3067	32
3068	29
3069	38
3070	34
3071	31
3072	30
3073	27
3074	39
3075	29
3076	38
3077	39
3078	32
3079	43
3080	28
3081	35
3082	37
3083	44
3084	31
3085	39
3086	30
3087	33
3088	46
3089	33
3090	29
3091	31
3092	39
3093	34
3094	25
3095	42
3096	32
3097	29
3098	34
3099	33
3100	40
3101	40
3102	36
3103	50
3104	32
3105	31
3106	44
3107	26
3108	38
3109	46
3110	45
3111	30
3112	54
3113	42
3114	33
3115	28
3116	41
3117	42
3118	31
3119	50
3120	42
3121	36
3122	36
3123	30
3124	28
3125	37
3126	30
3127	28
3128	27
3129	28
3130	47
3131	39
3132	33
3133	48
3134	30
3135	24
3136	32
3137	25
3138	36
3139	31
3140	31
3141	36
3142	35
3143	33
3144	36
3145	23
3146	31
3147	34
3148	47
3149	38
3150	39
3151	36
3152	30
3153	32
3154	38
3155	50
3156	34
3157	31
3158	28
3159	34
3160	48
3161	38
3162	37
3163	37
3164	49
3165	30
3166	36
3167	30
3168	35
3169	24
3170	34
3171	29
3172	29
3173	41
3174	33
3175	31
3176	36
3177	28
3178	30
3179	27
3180	24
3181	29
3182	27
3183	30
3184	46
3185	33
3186	32
3187	39
3188	54
3189	36
3190	38
3191	29
3192	36
3193	40
3194	40
3195	44
3196	34
3197	39
3198	40
3199	36
3200	21
3201	22
3202	27
3203	26
3204	39
3205	30
3206	29
3207	33
3208	34
3209	42
3210	28
3211	32
3212	25
3213	30
3214	19
3215	19
3216	36
3217	27
3218	31
3219	41
3220	39
3221	28
3222	39
3223	28
3224	26
3225	39
3226	18
3227	23
3228	25
3229	18
3230	25
3231	29
3232	28
3233	24
3234	48
3235	28
3236	27
3237	31
3238	40
3239	34
3240	37
3241	17
3242	37
3243	28
3244	37
3245	43
3246	26
3247	25
3248	38
3249	25
3250	30
3251	17
3252	34
3253	25
3254	41
3255	24
3256	27
3257	35
3258	31
3259	30
3260	23
3261	19
3262	32
3263	36
3264	31
3265	32
3266	32
3267	33
3268	27
3269	30
3270	28
3271	22
3272	31
3273	31
3274	30
3275	34
3276	28
3277	31
3278	40
3279	31
3280	26
3281	24
3282	38
3283	35
3284	44
3285	25
3286	32
3287	32
3288	19
3289	30
3290	38
3291	28
3292	44
3293	27
3294	18
3295	39
3296	26
3297	34
3298	24
3299	26
3300	38
3301	37
3302	23
3303	33
3304	40
3305	29
3306	23
3307	26
3308	33
3309	35
3310	25
3311	20
3312	26
3313	38
3314	26
3315	25
3316	37
3317	27
3318	31
3319	32
3320	39
3321	31
3322	23
3323	33
3324	35
3325	23
3326	34
3327	31
3328	31
3329	30
3330	36
3331	27
3332	25
3333	37
3334	24
3335	32
3336	23
3337	35
3338	23
3339	27
3340	31
3341	28
3342	29
3343	33
3344	32
3345	34
3346	23
3347	30
3348	25
3349	26
3350	28
3351	32
3352	26
3353	22
3354	39
3355	33
3356	23
3357	32
3358	17
3359	29
3360	26
3361	24
3362	30
3363	29
3364	24
3365	23
3366	21
3367	30
3368	29
3369	24
3370	27
3371	28
3372	28
3373	29
3374	30
3375	26
3376	33
3377	26
3378	36
3379	41
3380	30
3381	31
3382	26
3383	27
3384	20
3385	28
3386	28
3387	28
3388	21
3389	25
3390	28
3391	25
3392	31
3393	26
3394	27
3395	28
3396	21
3397	25
3398	24
3399	25
3400	31
3401	29
3402	29
3403	34
3404	26
3405	23
3406	22
3407	37
3408	32
3409	28
3410	28
3411	27
3412	21
3413	29
3414	24
3415	24
3416	27
3417	22
3418	34
3419	25
3420	21
3421	32
3422	36
3423	31
3424	34
3425	34
3426	30
3427	28
3428	23
3429	23
3430	25
3431	29
3432	43
3433	33
3434	22
3435	26
3436	24
3437	28
3438	31
3439	27
3440	36
3441	25
3442	33
3443	22
3444	31
3445	23
3446	20
3447	24
3448	30
3449	23
3450	21
3451	28
3452	25
3453	30
3454	24
3455	28
3456	29
3457	32
3458	22
3459	28
3460	18
3461	25
3462	26
3463	22
3464	19
3465	34
3466	35
3467	28
3468	27
3469	20
3470	20
3471	24
3472	26
3473	33
3474	23
3475	24
3476	41
3477	28
3478	35
3479	23
3480	30
3481	30
3482	20
3483	27
3484	27
3485	32
3486	26
3487	37
3488	29
3489	34
3490	23
3491	25
3492	31
3493	22
3494	35
3495	26
3496	22
3497	26
3498	34
3499	43
3500	38
3501	32
3502	29
3503	32
3504	25
3505	23
3506	34
3507	29
3508	33
3509	23
3510	39
3511	36
3512	30
3513	35
3514	42
3515	36
3516	30
3517	27
3518	22
3519	32
3520	31
3521	31
3522	37
3523	43
3524	35
3525	22
3526	40
3527	31
3528	30
3529	40
3530	29
3531	24
3532	30
3533	32
3534	27
3535	33
3536	31
3537	36
3538	38
3539	27
3540	35
3541	28
3542	30
3543	34
3544	35
3545	38
3546	27
3547	29
3548	30
3549	36
3550	35
3551	26
3552	36
3553	38
3554	26
3555	37
3556	28
3557	37
3558	27
3559	44
3560	33
3561	35
3562	28
3563	37
3564	36
3565	37
3566	34
3567	31
3568	38
3569	42
3570	39
3571	35
3572	37
3573	41
3574	38
3575	44
3576	25
3577	38
3578	27
3579	52
3580	38
3581	23
3582	37
3583	38
3584	34
3585	37
3586	44
3587	32
3588	36
3589	38
3590	40
3591	45
3592	29
3593	34
3594	39
3595	36
3596	48
3597	36
3598	36
3599	41
3600	33
3601	31
3602	53
3603	37
3604	33
3605	42
3606	36
3607	47
3608	46
3609	48
3610	38
3611	48
3612	44
3613	44
3614	38
3615	50
3616	38
3617	36
3618	37
3619	31
3620	26
3621	43
3622	47
3623	45
3624	41
3625	49
3626	40
3627	46
3628	38
3629	54
3630	37
3631	43
3632	58
3633	41
3634	41
3635	43
3636	44
3637	36
3638	43
3639	42
3640	37
3641	33
3642	61
3643	48
3644	37
3645	45
3646	44
3647	43
3648	46
3649	33
3650	57
3651	53
3652	59
3653	44
3654	45
3655	44
3656	50
3657	39
3658	49
3659	35
3660	52
3661	48
3662	47
3663	61
3664	65
3665	41
3666	55
3667	46
3668	66
3669	51
3670	64
3671	62
3672	65
3673	43
3674	63
3675	45
3676	52
3677	59
3678	58
3679	52
3680	51
3681	48
3682	45
3683	54
3684	61
3685	59
3686	62
3687	57
3688	49
3689	54
3690	44
3691	62
3692	55
3693	65
3694	53
3695	63
3696	45
3697	55
3698	53
3699	62
3700	58
3701	62
3702	49
3703	58
3704	55
3705	65
3706	53
3707	60
3708	45
3709	66
3710	72
3711	69
3712	84
3713	63
3714	56
3715	56
3716	62
3717	65
3718	67
3719	67
3720	70
3721	54
3722	57
3723	56
3724	69
3725	49
3726	66
3727	64
3728	84
3729	60
3730	71
3731	51
3732	59
3733	73
3734	74
3735	62
3736	62
3737	63
3738	67
3739	70
3740	66
3741	56
3742	66
3743	54
3744	66
3745	69
3746	66
3747	68
3748	78
3749	55
3750	59
3751	64
3752	61
3753	68
3754	61
3755	58
3756	66
3757	84
3758	68
3759	84
3760	67
3761	54
3762	55
3763	86
3764	65
3765	76
3766	70
3767	71
3768	71
3769	58
3770	80
3771	64
3772	74
3773	75
3774	69
3775	73
3776	70
3777	67
3778	57
3779	69
3780	65
3781	58
3782	69
3783	73
3784	93
3785	61
3786	51
3787	66
3788	63
3789	70
3790	85
3791	73
3792	66
3793	68
3794	64
3795	73
3796	61
3797	79
3798	64
3799	76
3800	64
3801	77
3802	72
3803	73
3804	70
3805	61
3806	68
3807	88
3808	60
3809	83
3810	77
3811	73
3812	89
3813	53
3814	76
3815	79
3816	80
3817	80
3818	66
3819	67
3820	88
3821	74
3822	67
3823	66
3824	84
3825	85
3826	72
3827	71
3828	86
3829	80
3830	68
3831	61
3832	59
3833	71
3834	84
3835	84
3836	73
3837	72
3838	86
3839	70
3840	90
3841	75
3842	89
3843	79
3844	70
3845	73
3846	79
3847	64
3848	85
3849	93
3850	80
3851	77
3852	76
3853	63
3854	81
3855	93
3856	62
3857	88
3858	70
3859	85
3860	83
3861	77
3862	80
3863	76
3864	76
3865	67
3866	68
3867	63
3868	71
3869	75
3870	66
3871	64
3872	69
3873	82
3874	61
3875	75
3876	80
3877	75
3878	68
3879	89
3880	78
3881	70
3882	77
3883	84
3884	77
3885	73
3886	76
3887	86
3888	67
3889	98
3890	70
3891	78
3892	82
3893	97
3894	102
3895	83
3896	89
3897	81
3898	80
3899	89
3900	80
3901	86
3902	78
3903	82
3904	80
3905	89
3906	90
3907	70
3908	80
3909	92
3910	71
3911	84
3912	79
3913	84
3914	72
3915	81
3916	77
3917	85
3918	84
3919	89
3920	83
3921	81
3922	74
3923	78
3924	77
3925	88
3926	83
3927	83
3928	90
3929	60
3930	83
3931	74
3932	80
3933	78
3934	82
3935	88
3936	74
3937	84
3938	78
3939	74
3940	103
3941	79
3942	65
3943	95
3944	87
3945	68
3946	69
3947	69
3948	74
3949	75
3950	81
3951	85
3952	80
3953	90
3954	85
3955	85
3956	79
3957	92
3958	60
3959	96
3960	102
3961	89
3962	100
3963	89
3964	68
3965	86
3966	83
3967	73
3968	97
3969	73
3970	77
3971	77
3972	99
3973	69
3974	77
3975	77
3976	80
3977	103
3978	77
3979	92
3980	76
3981	81
3982	76
3983	83
3984	83
3985	89
3986	84
3987	78
3988	81
3989	101
3990	89
3991	78
3992	87
3993	94
3994	101
3995	95
3996	89
3997	90
3998	90
3999	88
4000	76
4001	96
4002	110
4003	94
4004	84
4005	95
4006	83
4007	89
4008	90
4009	93
4010	98
4011	102
4012	95
4013	99
4014	94
4015	105
4016	81
4017	102
4018	85
4019	108
4020	89
4021	101
4022	108
4023	106
4024	103
4025	85
4026	94
4027	110
4028	93
4029	91
4030	119
4031	86
4032	94
4033	100
4034	108
4035	94
4036	93
4037	94
4038	85
4039	104
4040	114
4041	93
4042	97
4043	99
4044	99
4045	105
4046	100
4047	108
4048	93
4049	114
4050	96
4051	100
4052	123
4053	127
4054	111
4055	93
4056	97
4057	111
4058	118
4059	101
4060	116
4061	132
4062	108
4063	124
4064	127
4065	118
4066	101
4067	102
4068	115
4069	96
4070	107
4071	109
4072	110
4073	99
4074	115
4075	104
4076	112
4077	128
4078	97
4079	110
4080	133
4081	122
4082	118
4083	107
4084	117
4085	125
4086	110
4087	130
4088	124
4089	122
4090	116
4091	110
4092	127
4093	114
4094	111
4095	143
4096	119
4097	125
4098	115
4099	108
4100	131
4101	107
4102	115
4103	118
4104	136
4105	113
4106	101
4107	133
4108	134
4109	129
4110	116
4111	109
4112	123
4113	116
4114	115
4115	142
4116	137
4117	110
4118	125
4119	116
4120	128
4121	114
4122	131
4123	126
4124	119
4125	139
4126	129
4127	124
4128	125
4129	130
4130	125
4131	139
4132	137
4133	116
4134	130
4135	126
4136	121
4137	114
4138	118
4139	134
4140	125
4141	131
4142	156
4143	136
4144	120
4145	147
4146	106
4147	109
4148	131
4149	127
4150	115
4151	144
4152	144
4153	134
4154	147
4155	138
4156	148
4157	134
4158	138
4159	126
4160	144
4161	135
4162	146
4163	131
4164	136
4165	132
4166	141
4167	146
4168	128
4169	129
4170	131
4171	131
4172	139
4173	140
4174	122
4175	144
4176	137
4177	127
4178	142
4179	126
4180	121
4181	133
4182	143
4183	115
4184	146
4185	138
4186	120
4187	116
4188	156
4189	157
4190	110
4191	135
4192	135
4193	156
4194	135
4195	160
4196	130
4197	121
4198	160
4199	139
4200	126
4201	142
4202	141
4203	144
4204	126
4205	143
4206	150
4207	147
4208	123
4209	158
4210	137
4211	125
4212	126
4213	154
4214	153
4215	118
4216	144
4217	152
4218	122
4219	113
4220	119
4221	153
4222	133
4223	106
4224	123
4225	141
4226	124
4227	148
4228	132
4229	152
4230	137
4231	139
4232	128
4233	141
4234	134
4235	131
4236	114
4237	127
4238	139
4239	124
4240	149
4241	120
4242	148
4243	141
4244	154
4245	122
4246	127
4247	143
4248	125
4249	143
4250	163
4251	138
4252	145
4253	144
4254	134
4255	123
4256	135
4257	109
4258	134
4259	120
4260	146
4261	144
4262	122
4263	134
4264	137
4265	121
4266	132
4267	123
4268	141
4269	150
4270	131
4271	135
4272	138
4273	113
4274	109
4275	123
4276	126
4277	127
4278	113
4279	132
4280	123
4281	125
4282	122
4283	115
4284	110
4285	138
4286	111
4287	138
4288	132
4289	119
4290	139
4291	121
4292	131
4293	123
4294	115
4295	116
4296	120
4297	150
4298	131
4299	121
4300	109
4301	119
4302	115
4303	117
4304	118
4305	127
4306	141
4307	124
4308	122
4309	116
4310	99
4311	134
4312	107
4313	119
4314	113
4315	128
4316	114
4317	117
4318	121
4319	107
4320	101
4321	128
4322	114
4323	113
4324	122
4325	110
4326	112
4327	108
4328	101
4329	119
4330	93
4331	110
4332	135
4333	92
4334	113
4335	114
4336	102
4337	109
4338	127
4339	121
4340	117
4341	90
4342	76
4343	102
4344	119
4345	122
4346	104
4347	108
4348	98
4349	84
4350	117
4351	113
4352	98
4353	103
4354	108
4355	85
4356	98
4357	96
4358	100
4359	105
4360	107
4361	104
4362	111
4363	101
4364	103
4365	84
4366	90
4367	96
4368	79
4369	104
4370	86
4371	107
4372	88
4373	91
4374	90
4375	87
4376	108
4377	85
4378	88
4379	92
4380	100
4381	71
4382	92
4383	96
4384	86
4385	84
4386	84
4387	77
4388	85
4389	101
4390	82
4391	107
4392	76
4393	84
4394	91
4395	86
4396	92
4397	86
4398	80
4399	94
4400	91
4401	78
4402	84
4403	74
4404	65
4405	76
4406	91
4407	74
4408	86
4409	69
4410	82
4411	87
4412	67
4413	69
4414	86
4415	75
4416	72
4417	92
4418	71
4419	67
4420	74
4421	64
4422	64
4423	72
4424	57
4425	61
4426	83
4427	65
4428	68
4429	83
4430	79
4431	70
4432	65
4433	74
4434	68
4435	70
4436	67
4437	56
4438	64
4439	68
4440	69
4441	60
4442	71
4443	75
4444	61
4445	57
4446	71
4447	87
4448	64
4449	82
4450	72
4451	64
4452	70
4453	65
4454	75
4455	61
4456	57
4457	58
4458	56
4459	52
4460	45
4461	56
4462	68
4463	62
4464	55
4465	57
4466	52
4467	66
4468	70
4469	60
4470	60
4471	61
4472	57
4473	59
4474	77
4475	53
4476	71
4477	57
4478	57
4479	50
4480	57
4481	68
4482	56
4483	41
4484	53
4485	58
4486	64
4487	59
4488	57
4489	57
4490	60
4491	47
4492	48
4493	59
4494	58
4495	45
4496	51
4497	53
4498	59
4499	60
4500	68
4501	59
4502	42
4503	48
4504	42
4505	60
4506	43
4507	59
4508	66
4509	55
4510	56
4511	49
4512	50
4513	73
4514	53
4515	58
4516	46
4517	62
4518	54
4519	50
4520	49
4521	47
4522	55
4523	58
4524	48
4525	47
4526	56
4527	59
4528	46
4529	61
4530	52
4531	62
4532	48
4533	44
4534	64
4535	50
4536	54
4537	59
4538	50
4539	59
4540	51
4541	53
4542	54
4543	61
4544	45
4545	68
4546	50
4547	51
4548	54
4549	48
4550	47
4551	59
4552	63
4553	50
4554	49
4555	57
4556	55
4557	56
4558	51
4559	56
4560	54
4561	50
4562	49
4563	43
4564	53
4565	57
4566	67
4567	51
4568	55
4569	51
4570	52
4571	54
4572	61
4573	63
4574	74
4575	52
4576	58
4577	67
4578	44
4579	58
4580	51
4581	56
4582	63
4583	58
4584	77
4585	60
4586	68
4587	50
4588	71
4589	79
4590	63
4591	75
4592	49
4593	77
4594	55
4595	75
4596	56
4597	57
4598	69
4599	69
4600	71
4601	71
4602	79
4603	63
4604	74
4605	72
4606	53
4607	68
4608	89
4609	81
4610	70
4611	72
4612	78
4613	73
4614	63
4615	71
4616	69
4617	68
4618	61
4619	59
4620	74
4621	76
4622	63
4623	70
4624	75
4625	71
4626	66
4627	83
4628	78
4629	83
4630	72
4631	78
4632	64
4633	81
4634	78
4635	87
4636	74
4637	83
4638	82
4639	86
4640	72
4641	86
4642	94
4643	103
4644	84
4645	89
4646	97
4647	104
4648	74
4649	83
4650	93
4651	98
4652	89
4653	93
4654	91
4655	107
4656	96
4657	97
4658	86
4659	92
4660	114
4661	108
4662	100
4663	101
4664	102
4665	90
4666	101
4667	99
4668	112
4669	101
4670	115
4671	102
4672	100
4673	117
4674	90
4675	99
4676	111
4677	108
4678	101
4679	107
4680	115
4681	127
4682	120
4683	108
4684	124
4685	119
4686	115
4687	124
4688	147
4689	110
4690	108
4691	97
4692	116
4693	110
4694	135
4695	138
4696	140
4697	98
4698	133
4699	140
4700	136
4701	126
4702	127
4703	138
4704	128
4705	131
4706	162
4707	137
4708	139
4709	122
4710	128
4711	138
4712	139
4713	142
4714	133
4715	150
4716	129
4717	140
4718	145
4719	141
4720	141
4721	151
4722	153
4723	138
4724	155
4725	161
4726	149
4727	145
4728	157
4729	135
4730	168
4731	151
4732	137
4733	170
4734	172
4735	152
4736	175
4737	158
4738	156
4739	179
4740	156
4741	163
4742	185
4743	168
4744	184
4745	167
4746	155
4747	159
4748	148
4749	166
4750	217
4751	182
4752	137
4753	183
4754	181
4755	185
4756	176
4757	174
4758	189
4759	187
4760	169
4761	184
4762	174
4763	165
4764	193
4765	178
4766	171
4767	204
4768	189
4769	188
4770	202
4771	195
4772	178
4773	179
4774	197
4775	190
4776	190
4777	214
4778	188
4779	200
4780	170
4781	212
4782	203
4783	211
4784	217
4785	205
4786	217
4787	190
4788	210
4789	224
4790	200
4791	231
4792	215
4793	244
4794	221
4795	200
4796	214
4797	221
4798	222
4799	232
4800	214
4801	228
4802	218
4803	219
4804	221
4805	231
4806	220
4807	215
4808	222
4809	223
4810	222
4811	221
4812	256
4813	252
4814	223
4815	242
4816	239
4817	212
4818	250
4819	255
4820	232
4821	236
4822	230
4823	243
4824	249
4825	259
4826	256
4827	272
4828	268
4829	263
4830	246
4831	264
4832	259
4833	230
4834	271
4835	228
4836	249
4837	271
4838	241
4839	242
4840	259
4841	292
4842	254
4843	261
4844	228
4845	262
4846	243
4847	278
4848	268
4849	257
4850	242
4851	281
4852	290
4853	256
4854	260
4855	269
4856	276
4857	260
4858	281
4859	240
4860	227
4861	270
4862	281
4863	278
4864	305
4865	272
4866	285
4867	276
4868	267
4869	302
4870	285
4871	268
4872	270
4873	268
4874	317
4875	265
4876	283
4877	253
4878	321
4879	280
4880	289
4881	289
4882	312
4883	294
4884	282
4885	286
4886	298
4887	304
4888	302
4889	291
4890	288
4891	285
4892	276
4893	335
4894	320
4895	314
4896	275
4897	275
4898	302
4899	278
4900	284
4901	325
4902	298
4903	290
4904	311
4905	307
4906	313
4907	303
4908	332
4909	339
4910	313
4911	295
4912	309
4913	294
4914	354
4915	293
4916	329
4917	320
4918	294
4919	325
4920	308
4921	288
4922	300
4923	304
4924	340
4925	320
4926	326
4927	327
4928	322
4929	295
4930	299
4931	313
4932	304
4933	341
4934	294
4935	316
4936	308
4937	310
4938	303
4939	346
4940	347
4941	312
4942	357
4943	309
4944	332
4945	276
4946	347
4947	318
4948	311
4949	364
4950	321
4951	317
4952	322
4953	301
4954	303
4955	316
4956	366
4957	351
4958	292
4959	326
4960	321
4961	354
4962	354
4963	326
4964	339
4965	339
4966	345
4967	305
4968	334
4969	352
4970	326
4971	358
4972	333
4973	328
4974	318
4975	353
4976	309
4977	326
4978	296
4979	353
4980	322
4981	317
4982	312
4983	331
4984	319
4985	344
4986	329
4987	354
4988	332
4989	344
4990	316
4991	334
4992	312
4993	358
4994	322
4995	342
4996	353
4997	317
4998	332
4999	357
5000	342
5001	337
5002	297
5003	322
5004	307
5005	305
5006	299
5007	295
5008	344
5009	341
5010	319
5011	322
5012	316
5013	336
5014	351
5015	265
5016	310
5017	326
5018	331
5019	286
5020	301
5021	320
5022	323
5023	330
5024	328
5025	314
5026	309
5027	340
5028	306
5029	296
5030	330
5031	344
5032	293
5033	309
5034	356
5035	352
5036	340
5037	338
5038	315
5039	334
5040	327
5041	324
5042	323
5043	316
5044	330
5045	320
5046	310
5047	294
5048	314
5049	315
5050	301
5051	299
5052	314
5053	304
5054	302
5055	329
5056	293
5057	315
5058	299
5059	282
5060	309
5061	274
5062	304
5063	277
5064	300
5065	320
5066	306
5067	292
5068	274
5069	267
5070	290
5071	298
5072	298
5073	256
5074	311
5075	268
5076	278
5077	284
5078	300
5079	272
5080	317
5081	294
5082	305
5083	264
5084	310
5085	268
5086	276
5087	296
5088	306
5089	277
5090	278
5091	287
5092	288
5093	249
5094	314
5095	242
5096	254
5097	294
5098	305
5099	243
5100	265
5101	261
5102	282
5103	285
5104	263
5105	245
5106	267
5107	264
5108	313
5109	271
5110	272
5111	287
5112	267
5113	251
5114	270
5115	251
5116	283
5117	248
5118	272
5119	258
5120	265
5121	297
5122	280
5123	272
5124	264
5125	218
5126	247
5127	267
5128	225
5129	217
5130	250
5131	231
5132	253
5133	235
5134	227
5135	214
5136	253
5137	246
5138	228
5139	225
5140	223
5141	244
5142	247
5143	265
5144	233
5145	241
5146	206
5147	197
5148	225
5149	259
5150	268
5151	206
5152	241
5153	231
5154	237
5155	240
5156	219
5157	244
5158	205
5159	231
5160	232
5161	218
5162	244
5163	189
5164	224
5165	195
5166	221
5167	222
5168	237
5169	210
5170	216
5171	235
5172	214
5173	194
5174	182
5175	196
5176	196
5177	205
5178	214
5179	196
5180	197
5181	222
5182	213
5183	173
5184	227
5185	210
5186	227
5187	173
5188	214
5189	202
5190	194
5191	193
5192	187
5193	155
5194	177
5195	195
5196	201
5197	175
5198	180
5199	205
5200	219
5201	203
5202	163
5203	173
5204	193
5205	177
5206	189
5207	181
5208	192
5209	204
5210	147
5211	207
5212	194
5213	197
5214	185
5215	172
5216	197
5217	170
5218	185
5219	188
5220	226
5221	155
5222	169
5223	178
5224	177
5225	160
5226	195
5227	187
5228	185
5229	176
5230	182
5231	168
5232	158
5233	164
5234	157
5235	161
5236	178
5237	168
5238	161
5239	162
5240	137
5241	157
5242	155
5243	168
5244	170
5245	170
5246	164
5247	142
5248	144
5249	170
5250	155
5251	158
5252	141
5253	158
5254	151
5255	169
5256	143
5257	140
5258	142
5259	152
5260	142
5261	177
5262	147
5263	149
5264	153
5265	130
5266	140
5267	154
5268	135
5269	147
5270	157
5271	159
5272	176
5273	132
5274	122
5275	150
5276	144
5277	137
5278	148
5279	140
5280	162
5281	147
5282	150
5283	126
5284	130
5285	138
5286	155
5287	142
5288	119
5289	151
5290	130
5291	156
5292	103
5293	114
5294	137
5295	115
5296	130
5297	128
5298	125
5299	145
5300	104
5301	120
5302	121
5303	142
5304	112
5305	130
5306	137
5307	115
5308	112
5309	126
5310	127
5311	133
5312	118
5313	136
5314	130
5315	132
5316	133
5317	130
5318	158
5319	138
5320	104
5321	115
5322	129
5323	101
5324	117
5325	122
5326	127
5327	113
5328	111
5329	121
5330	131
5331	132
5332	111
5333	123
5334	102
5335	121
5336	127
5337	132
5338	97
5339	123
5340	119
5341	117
5342	113
5343	147
5344	125
5345	108
5346	124
5347	121
5348	89
5349	115
5350	119
5351	105
5352	99
5353	99
5354	95
5355	106
5356	114
5357	102
5358	121
5359	113
5360	114
5361	107
5362	109
5363	122
5364	102
5365	101
5366	113
5367	100
5368	106
5369	113
5370	103
5371	110
5372	115
5373	96
5374	130
5375	107
5376	102
5377	108
5378	95
5379	115
5380	94
5381	97
5382	96
5383	110
5384	119
5385	105
5386	105
5387	113
5388	110
5389	95
5390	97
5391	93
5392	100
5393	100
5394	95
5395	83
5396	119
5397	114
5398	103
5399	104
5400	118
5401	87
5402	93
5403	90
5404	90
5405	106
5406	105
5407	102
5408	111
5409	91
5410	107
5411	97
5412	96
5413	93
5414	118
5415	121
5416	102
5417	92
5418	90
5419	64
5420	97
5421	102
5422	90
5423	93
5424	118
5425	86
5426	92
5427	93
5428	95
5429	94
5430	92
5431	83
5432	87
5433	101
5434	96
5435	91
5436	114
5437	74
5438	102
5439	81
5440	100
5441	99
5442	78
5443	92
5444	90
5445	98
5446	90
5447	114
5448	98
5449	108
5450	100
5451	93
5452	98
5453	102
5454	92
5455	71
5456	87
5457	101
5458	111
5459	109
5460	85
5461	88
5462	82
5463	86
5464	77
5465	82
5466	79
5467	93
5468	84
5469	74
5470	79
5471	92
5472	78
5473	102
5474	90
5475	95
5476	108
5477	111
5478	104
5479	85
5480	97
5481	83
5482	93
5483	87
5484	94
5485	103
5486	79
5487	92
5488	87
5489	93
5490	97
5491	69
5492	91
5493	87
5494	93
5495	80
5496	80
5497	75
5498	86
5499	56
5500	102
5501	88
5502	86
5503	88
5504	90
5505	80
5506	71
5507	87
5508	84
5509	94
5510	83
5511	79
5512	73
5513	90
5514	89
5515	92
5516	79
5517	81
5518	65
5519	70
5520	62
5521	86
5522	81
5523	82
5524	91
5525	76
5526	76
5527	68
5528	80
5529	67
5530	57
5531	86
5532	73
5533	78
5534	76
5535	62
5536	73
5537	80
5538	61
5539	87
5540	79
5541	80
5542	54
5543	72
5544	88
5545	61
5546	82
5547	71
5548	71
5549	78
5550	72
5551	82
5552	77
5553	70
5554	78
5555	74
5556	65
5557	66
5558	71
5559	84
5560	86
5561	68
5562	79
5563	63
5564	52
5565	75
5566	62
5567	78
5568	81
5569	67
5570	74
5571	73
5572	62
5573	70
5574	62
5575	72
5576	68
5577	70
5578	66
5579	81
5580	60
5581	65
5582	58
5583	57
5584	79
5585	70
5586	78
5587	78
5588	80
5589	66
5590	52
5591	67
5592	70
5593	66
5594	68
5595	74
5596	63
5597	63
5598	60
5599	64
5600	53
5601	72
5602	58
5603	65
5604	65
5605	83
5606	64
5607	75
5608	49
5609	77
5610	62
5611	56
5612	69
5613	79
5614	49
5615	67
5616	59
5617	60
5618	52
5619	63
5620	65
5621	77
5622	38
5623	67
5624	57
5625	44
5626	60
5627	63
5628	57
5629	50
5630	60
5631	58
5632	65
5633	43
5634	62
5635	62
5636	38
5637	44
5638	70
5639	59
5640	58
5641	63
5642	45
5643	45
5644	56
5645	42
5646	48
5647	41
5648	45
5649	58
5650	48
5651	58
5652	53
5653	53
5654	41
5655	45
5656	55
5657	45
5658	59
5659	45
5660	56
5661	47
5662	52
5663	54
5664	53
5665	51
5666	57
5667	45
5668	43
5669	58
5670	57
5671	51
5672	35
5673	51
5674	68
5675	38
5676	41
5677	44
5678	45
5679	45
5680	51
5681	40
5682	44
5683	32
5684	41
5685	28
5686	43
5687	45
5688	48
5689	36
5690	44
5691	49
5692	39
5693	48
5694	40
5695	45
5696	43
5697	62
5698	43
5699	43
5700	51
5701	56
5702	47
5703	36
5704	43
5705	51
5706	38
5707	37
5708	50
5709	33
5710	41
5711	43
5712	42
5713	35
5714	33
5715	42
5716	43
5717	40
5718	45
5719	46
5720	34
5721	32
5722	41
5723	41
5724	41
5725	35
5726	45
5727	42
5728	32
5729	32
5730	34
5731	46
5732	37
5733	36
5734	44
5735	38
5736	31
5737	30
5738	41
5739	36
5740	38
5741	29
5742	35
5743	40
5744	26
5745	25
5746	40
5747	35
5748	30
5749	34
5750	23
5751	26
5752	30
5753	28
5754	38
5755	25
5756	26
5757	27
5758	27
5759	20
5760	23
5761	27
5762	24
5763	22
5764	30
5765	35
5766	39
5767	30
5768	30
5769	29
5770	26
5771	25
5772	24
5773	28
5774	31
5775	32
5776	34
5777	34
5778	25
5779	24
5780	28
5781	24
5782	22
5783	24
5784	22
5785	23
5786	32
5787	29
5788	31
5789	27
5790	36
5791	20
5792	26
5793	24
5794	23
5795	28
5796	35
5797	26
5798	27
5799	33
5800	29
5801	21
5802	23
5803	30
5804	20
5805	22
5806	24
5807	25
5808	22
5809	19
5810	32
5811	22
5812	24
5813	23
5814	27
5815	21
5816	29
5817	27
5818	29
5819	26
5820	18
5821	22
5822	16
5823	30
5824	25
5825	20
5826	18
5827	27
5828	19
5829	25
5830	32
5831	29
5832	24
5833	20
5834	23
5835	12
5836	19
5837	26
5838	20
5839	29
5840	24
5841	19
5842	21
5843	25
5844	22
5845	26
5846	14
5847	30
5848	33
5849	18
5850	26
5851	22
5852	23
5853	22
5854	18
5855	23
5856	19
5857	18
5858	21
5859	21
5860	13
5861	21
5862	20
5863	17
5864	19
5865	21
5866	32
5867	17
5868	14
5869	22
5870	20
5871	23
5872	16
5873	26
5874	20
5875	17
5876	20
5877	21
5878	18
5879	27
5880	18
5881	22
5882	23
5883	23
5884	22
5885	21
5886	25
5887	18
5888	19
5889	19
5890	18
5891	22
5892	20
5893	24
5894	21
5895	10
5896	21
5897	16
5898	19
5899	25
5900	20
5901	15
5902	17
5903	23
5904	16
5905	20
5906	19
5907	16
5908	20
5909	19
5910	18
5911	23
5912	22
5913	20
5914	14
5915	28
5916	19
5917	18
5918	16
5919	20
5920	26
5921	22
5922	16
5923	8
5924	15
5925	21
5926	22
5927	18
5928	20
5929	12
5930	11
5931	22
5932	19
5933	13
5934	10
5935	21
5936	18
5937	26
5938	20
5939	13
5940	16
5941	17
5942	17
5943	26
5944	17
5945	17
5946	20
5947	20
5948	20
5949	14
5950	23
5951	18
5952	17
5953	23
5954	21
5955	11
5956	17
5957	24
5958	23
5959	22
5960	26
5961	15
5962	22
5963	19
5964	18
5965	22
5966	24
5967	16
5968	20
5969	18
5970	29
5971	24
5972	11
5973	25
5974	12
5975	21
5976	16
5977	25
5978	20
5979	19
5980	17
5981	25
5982	16
5983	20
5984	22
5985	12
5986	30
5987	19
5988	18
5989	12
5990	17
5991	20
5992	21
5993	18
5994	19
5995	16
5996	27
5997	21
5998	15
5999	18
6000	21
6001	25
6002	15
6003	23
6004	30
6005	14
6006	26
6007	21
6008	20
6009	26
6010	17
6011	25
6012	19
6013	18
6014	21
6015	19
6016	24
6017	20
6018	21
6019	24
6020	8
6021	15
6022	13
6023	15
6024	16
6025	27
6026	18
6027	22
6028	27
6029	22
6030	19
6031	21
6032	24
6033	21
6034	14
6035	18
6036	26
6037	28
6038	21
6039	23
6040	22
6041	21
6042	15
6043	22
6044	19
6045	23
6046	30
6047	22
6048	22
6049	21
6050	25
6051	16
6052	21
6053	19
6054	13
6055	16
6056	19
6057	27
6058	19
6059	18
6060	11
6061	23
6062	20
6063	19
6064	32
6065	28
6066	24
6067	19
6068	21
6069	22
6070	21
6071	21
6072	23
6073	15
6074	18
6075	29
6076	19
6077	16
6078	27
6079	14
6080	26
6081	24
6082	11
6083	29
6084	18
6085	21
6086	18
6087	20
6088	27
6089	22
6090	14
6091	24
6092	26
6093	24
6094	16
6095	26
6096	25
6097	12
6098	15
6099	30
6100	27
6101	19
6102	24
6103	23
6104	21
6105	24
6106	34
6107	22
6108	24
6109	24
6110	30
6111	29
6112	23
6113	23
6114	18
6115	31
6116	22
6117	17
6118	27
6119	17
6120	28
6121	29
6122	14
6123	28
6124	22
6125	25
6126	24
6127	31
6128	32
6129	25
6130	33
6131	24
6132	23
6133	18
6134	26
6135	26
6136	22
6137	18
6138	42
6139	21
6140	28
6141	22
6142	31
6143	27
6144	25
6145	19
6146	30
6147	25
6148	21
6149	30
6150	21
6151	19
6152	37
6153	32
6154	22
6155	24
6156	23
6157	26
6158	29
6159	26
6160	21
6161	28
6162	20
6163	27
6164	33
6165	27
6166	21
6167	17
6168	22
6169	26
6170	23
6171	22
6172	24
6173	12
6174	22
6175	25
6176	17
6177	25
6178	24
6179	21
6180	19
6181	25
6182	25
6183	22
6184	27
6185	23
6186	22
6187	23
6188	30
6189	24
6190	31
6191	30
6192	24
6193	31
6194	23
6195	32
6196	23
6197	27
6198	17
6199	19
6200	19
6201	30
6202	26
6203	26
6204	27
6205	22
6206	22
6207	30
6208	19
6209	25
6210	23
6211	16
6212	25
6213	26
6214	35
6215	27
6216	28
6217	26
6218	30
6219	33
6220	13
6221	28
6222	25
6223	22
6224	29
6225	24
6226	20
6227	29
6228	30
6229	22
6230	33
6231	21
6232	29
6233	23
6234	17
6235	23
6236	31
6237	23
6238	15
6239	24
6240	33
6241	26
6242	25
6243	38
6244	33
6245	25
6246	18
6247	21
6248	34
6249	16
6250	24
6251	37
6252	29
6253	36
6254	24
6255	27
6256	24
6257	28
6258	28
6259	26
6260	34
6261	26
6262	31
6263	26
6264	28
6265	29
6266	23
6267	29
6268	30
6269	24
6270	27
6271	23
6272	23
6273	23
6274	27
6275	20
6276	30
6277	27
6278	22
6279	31
6280	28
6281	27
6282	34
6283	25
6284	28
6285	26
6286	33
6287	25
6288	25
6289	27
6290	27
6291	35
6292	24
6293	28
6294	40
6295	34
6296	26
6297	29
6298	27
6299	35
6300	26
6301	28
6302	27
6303	29
6304	22
6305	24
6306	26
6307	25
6308	37
6309	27
6310	24
6311	29
6312	27
6313	20
6314	34
6315	23
6316	36
6317	26
6318	25
6319	23
6320	31
6321	17
6322	21
6323	21
6324	24
6325	28
6326	21
6327	19
6328	24
6329	20
6330	33
6331	23
6332	21
6333	21
6334	19
6335	17
6336	26
6337	28
6338	23
6339	28
6340	23
6341	16
6342	22
6343	21
6344	19
6345	23
6346	34
6347	28
6348	21
6349	27
6350	22
6351	30
6352	30
6353	26
6354	21
6355	19
6356	22
6357	33
6358	18
6359	24
6360	17
6361	20
6362	28
6363	18
6364	17
6365	27
6366	27
6367	20
6368	23
6369	22
6370	30
6371	17
6372	20
6373	22
6374	25
6375	21
6376	23
6377	21
6378	21
6379	22
6380	23
6381	23
6382	26
6383	24
6384	21
6385	25
6386	19
6387	14
6388	20
6389	21
6390	25
6391	23
6392	18
6393	20
6394	20
6395	16
6396	20
6397	20
6398	23
6399	27
6400	20
6401	20
6402	27
6403	21
6404	24
6405	22
6406	27
6407	21
6408	27
6409	21
6410	15
6411	20
6412	17
6413	21
6414	27
6415	20
6416	21
6417	24
6418	22
6419	18
6420	16
6421	17
6422	17
6423	26
6424	20
6425	28
6426	19
6427	29
6428	21
6429	18
6430	24
6431	17
6432	18
6433	13
6434	19
6435	17
6436	13
6437	22
6438	18
6439	17
6440	14
6441	16
6442	16
6443	18
6444	16
6445	22
6446	21
6447	18
6448	14
6449	14
6450	16
6451	20
6452	23
6453	21
6454	11
6455	20
6456	16
6457	12
6458	16
6459	15
6460	20
6461	14
6462	21
6463	11
6464	22
6465	17
6466	20
6467	16
6468	21
6469	20
6470	14
6471	12
6472	15
6473	16
6474	18
6475	17
6476	14
6477	15
6478	15
6479	21
6480	12
6481	12
6482	14
6483	9
6484	9
6485	20
6486	11
6487	14
6488	22
6489	24
6490	16
6491	15
6492	12
6493	19
6494	11
6495	18
6496	19
6497	14
6498	8
6499	10
6500	9
6501	17
6502	8
6503	17
6504	13
6505	13
6506	9
6507	13
6508	20
6509	11
6510	10
6511	15
6512	14
6513	18
6514	12
6515	16
6516	16
6517	17
6518	9
6519	7
6520	10
6521	18
6522	17
6523	6
6524	10
6525	15
6526	18
6527	9
6528	8
6529	9
6530	12
6531	10
6532	9
6533	14
6534	11
6535	13
6536	10
6537	14
6538	19
6539	19
6540	7
6541	7
6542	3
6543	14
6544	18
6545	14
6546	12
6547	18
6548	14
6549	16
6550	9
6551	12
6552	6
6553	9
6554	13
6555	12
6556	7
6557	3
6558	12
6559	14
6560	9
6561	12
6562	13
6563	6
6564	8
6565	7
6566	10
6567	9
6568	11
6569	7
6570	15
6571	6
6572	9
6573	15
6574	9
6575	10
6576	4
6577	13
6578	9
6579	11
6580	10
6581	18
6582	9
6583	10
6584	10
6585	9
6586	11
6587	10
6588	12
6589	9
6590	8
6591	10
6592	8
6593	6
6594	4
6595	4
6596	4
6597	13
6598	4
6599	12
6600	16
6601	12
6602	6
6603	9
6604	11
6605	8
6606	8
6607	10
6608	10
6609	5
6610	8
6611	6
6612	7
6613	11
6614	8
6615	9
6616	6
6617	4
6618	11
6619	6
6620	9
6621	10
6622	15
6623	5
6624	10
6625	4
6626	7
6627	8
6628	5
6629	8
6630	8
6631	15
6632	8
6633	7
6634	10
6635	5
6636	5
6637	6
6638	8
6639	7
6640	13
6641	4
6642	7
6643	5
6644	8
6645	8
6646	8
6647	8
6648	8
6649	6
6650	7
6651	10
6652	9
6653	5
6654	9
6655	6
6656	11
6657	10
6658	4
6659	8
6660	8
6661	11
6662	8
6663	7
6664	4
6665	4
6666	4
6667	7
6668	8
6669	7
6670	11
6671	10
6672	6
6673	4
6674	7
6675	8
6676	8
6677	7
6678	7
6679	6
6680	11
6681	6
6682	6
6683	7
6684	10
6685	4
6686	3
6687	5
6688	6
6689	6
6690	8
6691	2
6692	3
6693	8
6694	6
6695	5
6696	3
6697	9
6698	4
6699	4
6700	7
6701	1
6702	7
6703	1
6704	7
6705	4
6706	4
6707	8
6708	11
6709	10
6710	7
6711	3
6712	6
6713	8
6714	7
6715	4
6716	6
6717	10
6718	6
6719	6
6720	6
6721	6
6722	10
6723	5
6724	3
6725	7
6726	6
6727	5
6728	1
6729	5
6730	6
6731	2
6732	3
6733	3
6734	3
6735	5
6736	6
6737	5
6738	5
6739	7
6740	7
6741	6
6742	2
6743	7
6744	8
6745	6
6746	4
6747	6
6748	13
6749	5
6750	3
6751	4
6752	6
6753	6
6754	7
6755	9
6756	8
6757	8
6758	5
6759	2
6760	2
6761	4
6762	2
6763	5
6764	7
6765	0
6766	5
6767	5
6768	2
6769	6
6770	9
6771	3
6772	1
6773	9
6774	9
6775	7
6776	8
6777	8
6778	5
6779	7
6780	6
6781	5
6782	7
6783	7
6784	7
6785	4
6786	5
6787	5
6788	3
6789	4
6790	5
6791	7
6792	3
6793	9
6794	3
6795	4
6796	6
6797	6
6798	3
6799	9
6800	6
6801	4
6802	3
6803	5
6804	10
6805	6
6806	6
6807	7
6808	6
6809	6
6810	7
6811	2
6812	6
6813	9
6814	4
6815	5
6816	12
6817	3
6818	6
6819	6
6820	6
6821	4
6822	3
6823	4
6824	7
6825	2
6826	4
6827	2
6828	6
6829	2
6830	6
6831	3
6832	5
6833	2
6834	5
6835	6
6836	3
6837	7
6838	2
6839	7
6840	5
6841	7
6842	5
6843	9
6844	4
6845	3
6846	6
6847	6
6848	5
6849	6
6850	3
6851	5
6852	4
6853	4
6854	8
6855	7
6856	6
6857	4
6858	8
6859	5
6860	10
6861	4
6862	4
6863	8
6864	6
6865	7
6866	4
6867	4
6868	4
6869	4
6870	9
6871	4
6872	8
6873	2
6874	4
6875	6
6876	6
6877	9
6878	9
6879	8
6880	3
6881	5
6882	5
6883	6
6884	6
6885	4
6886	5
6887	3
6888	8
6889	4
6890	8
6891	9
6892	5
6893	4
6894	5
6895	5
6896	5
6897	6
6898	2
6899	8
6900	3
6901	4
6902	4
6903	6
6904	5
6905	6
6906	9
6907	5
6908	2
6909	3
6910	6
6911	3
6912	4
6913	5
6914	7
6915	9
6916	4
6917	8
6918	7
6919	3
6920	4
6921	6
6922	2
6923	3
6924	7
6925	6
6926	5
6927	8
6928	6
6929	3
6930	6
6931	3
6932	8
6933	4
6934	8
6935	5
6936	12
6937	7
6938	4
6939	4
6940	3
6941	5
6942	3
6943	9
6944	4
6945	3
6946	2
6947	1
6948	2
6949	4
6950	3
6951	2
6952	6
6953	6
6954	3
6955	6
6956	1
6957	5
6958	4
6959	6
6960	3
6961	1
6962	5
6963	2
6964	4
6965	5
6966	9
6967	7
6968	5
6969	2
6970	6
6971	9
6972	7
6973	5
6974	2
6975	4
6976	4
6977	0
6978	9
6979	0
6980	5
6981	4
6982	6
6983	5
6984	5
6985	6
6986	5
6987	7
6988	3
6989	4
6990	3
6991	7
6992	4
6993	6
6994	4
6995	4
6996	5
6997	4
6998	4
6999	6
7000	5
7001	4
7002	5
7003	3
7004	2
7005	4
7006	5
7007	3
7008	3
7009	6
7010	5
7011	8
7012	6
7013	3
7014	9
7015	6
7016	5
7017	7
7018	7
7019	5
7020	5
7021	5
7022	8
7023	4
7024	5
7025	5
7026	7
7027	9
7028	5
7029	6
7030	7
7031	9
7032	7
7033	2
7034	6
7035	5
7036	6
7037	9
7038	7
7039	4
7040	6
7041	4
7042	3
7043	5
7044	5
7045	5
7046	5
7047	2
7048	7
7049	3
7050	8
7051	4
7052	9
7053	7
7054	9
7055	10
7056	9
7057	7
7058	5
7059	2
7060	8
7061	4
7062	3
7063	5
7064	5
7065	5
7066	6
7067	7
7068	6
7069	9
7070	5
7071	3
7072	6
7073	6
7074	5
7075	7
7076	2
7077	4
7078	4
7079	5
7080	5
7081	6
7082	8
7083	6
7084	6
7085	5
7086	11
7087	6
7088	7
7089	6
7090	3
7091	7
7092	8
7093	7
7094	11
7095	7
7096	4
7097	8
7098	6
7099	5
7100	4
7101	4
7102	6
7103	5
7104	1
7105	5
7106	5
7107	3
7108	5
7109	7
7110	5
7111	4
7112	6
7113	8
7114	10
7115	11
7116	5
7117	6
7118	4
7119	3
7120	7
7121	5
7122	2
7123	8
7124	9
7125	3
7126	4
7127	10
7128	9
7129	6
7130	5
7131	5
7132	4
7133	6
7134	8
7135	8
7136	4
7137	4
7138	5
7139	4
7140	1
7141	8
7142	5
7143	6
7144	5
7145	6
7146	8
7147	8
7148	2
7149	10
7150	6
7151	10
7152	8
7153	8
7154	6
7155	9
7156	6
7157	7
7158	5
7159	6
7160	8
7161	5
7162	5
7163	3
7164	9
7165	4
7166	5
7167	5
7168	2
7169	2
7170	5
7171	4
7172	7
7173	3
7174	3
7175	7
7176	5
7177	3
7178	4
7179	3
7180	4
7181	4
7182	5
7183	7
7184	4
7185	4
7186	6
7187	8
7188	6
7189	4
7190	3
7191	9
7192	6
7193	9
7194	2
7195	4
7196	7
7197	5
7198	3
7199	3
7200	5
7201	7
7202	5
7203	13
7204	4
7205	6
7206	8
7207	6
7208	10
7209	3
7210	6
7211	4
7212	8
7213	7
7214	7
7215	6
7216	5
7217	6
7218	3
7219	5
7220	7
7221	7
7222	4
7223	4
7224	8
7225	10
7226	7
7227	3
7228	3
7229	8
7230	5
7231	7
7232	4
7233	9
7234	6
7235	3
7236	4
7237	5
7238	7
7239	10
7240	9
7241	7
7242	4
7243	5
7244	5
7245	8
7246	6
7247	7
7248	3
7249	6
7250	8
7251	3
7252	5
7253	7
7254	8
7255	3
7256	7
7257	8
7258	3
7259	6
7260	4
7261	1
7262	9
7263	4
7264	5
7265	4
7266	6
7267	6
7268	5
7269	6
7270	9
7271	3
7272	2
7273	9
7274	5
7275	5
7276	7
7277	9
7278	6
7279	7
7280	6
7281	8
7282	5
7283	3
7284	8
7285	6
7286	2
7287	8
7288	6
7289	6
7290	4
7291	5
7292	7
7293	5
7294	3
7295	4
7296	7
7297	7
7298	4
7299	7
7300	4
7301	4
7302	3
7303	5
7304	2
7305	5
7306	4
7307	8
7308	4
7309	8
7310	8
7311	3
7312	10
7313	16
7314	4
7315	4
7316	3
7317	3
7318	3
7319	7
7320	9
7321	6
7322	6
7323	5
7324	3
7325	4
7326	4
7327	1
7328	10
7329	5
7330	6
7331	6
7332	5
7333	6
7334	6
7335	3
7336	4
7337	0
7338	4
7339	3
7340	6
7341	6
7342	4
7343	4
7344	1
7345	3
7346	6
7347	9
7348	2
7349	3
7350	6
7351	2
7352	3
7353	3
7354	4
7355	4
7356	2
7357	6
7358	6
7359	4
7360	7
7361	6
7362	3
7363	5
7364	3
7365	6
7366	3
7367	5
7368	3
7369	5
7370	8
7371	5
7372	1
7373	9
7374	4
7375	2
7376	4
7377	6
7378	7
7379	7
7380	4
7381	4
7382	3
7383	10
7384	4
7385	3
7386	4
7387	4
7388	2
7389	3
7390	2
7391	2
7392	4
7393	8
7394	5
7395	1
7396	3
7397	7
7398	4
7399	5
7400	3
7401	5
7402	3
7403	4
7404	2
7405	7
7406	2
7407	2
7408	3
7409	4
7410	4
7411	8
7412	3
7413	4
7414	6
7415	3
7416	5
7417	3
7418	5
7419	2
7420	1
7421	4
7422	4
7423	2
7424	3
7425	4
7426	5
7427	9
7428	4
7429	1
7430	4
7431	3
7432	5
7433	7
7434	5
7435	5
7436	5
7437	2
7438	9
7439	3
7440	6
7441	0
7442	3
7443	4
7444	4
7445	2
7446	2
7447	1
7448	2
7449	0
7450	4
7451	4
7452	5
7453	5
7454	2
7455	2
7456	4
7457	2
7458	3
7459	1
7460	4
7461	6
7462	5
7463	3
7464	3
7465	0
7466	3
7467	4
7468	4
7469	2
7470	2
7471	7
7472	5
7473	0
7474	2
7475	4
7476	0
7477	3
7478	1
7479	4
7480	0
7481	4
7482	5
7483	1
7484	2
7485	4
7486	3
7487	2
7488	3
7489	1
7490	3
7491	3
7492	6
7493	2
7494	3
7495	5
7496	2
7497	1
7498	4
7499	3
7500	1
7501	3
7502	2
7503	2
7504	4
7505	2
7506	4
7507	2
7508	1
7509	3
7510	4
7511	3
7512	1
7513	1
7514	8
7515	2
7516	5
7517	4
7518	3
7519	1
7520	1
7521	4
7522	0
7523	6
7524	2
7525	2
7526	2
7527	1
7528	1
7529	2
7530	3
7531	3
7532	1
7533	2
7534	1
7535	4
7536	1
7537	1
7538	0
7539	1
7540	1
7541	1
7542	2
7543	3
7544	3
7545	2
7546	5
7547	4
7548	4
7549	5
7550	0
7551	4
7552	4
7553	3
7554	2
7555	2
7556	4
7557	2
7558	4
7559	6
7560	4
7561	1
7562	3
7563	3
7564	3
7565	7
7566	0
7567	4
7568	2
7569	3
7570	7
7571	5
7572	1
7573	1
7574	2
7575	1
7576	3
7577	3
7578	1
7579	1
7580	0
7581	0
7582	7
7583	3
7584	2
7585	4
7586	2
7587	3
7588	2
7589	6
7590	5
7591	1
7592	3
7593	2
7594	3
7595	1
7596	2
7597	2
7598	1
7599	1
7600	1
7601	1
7602	1
7603	4
7604	4
7605	2
7606	1
7607	2
7608	1
7609	2
7610	2
7611	5
7612	2
7613	0
7614	4
7615	3
7616	3
7617	0
7618	2
7619	1
7620	2
7621	3
7622	6
7623	1
7624	3
7625	2
7626	3
7627	1
7628	0
7629	3
7630	2
7631	1
7632	4
7633	1
7634	2
7635	3
7636	4
7637	2
7638	5
7639	2
7640	0
7641	5
7642	3
7643	3
7644	3
7645	3
7646	2
7647	3
7648	1
7649	3
7650	1
7651	0
7652	1
7653	3
7654	1
7655	1
7656	1
7657	0
7658	4
7659	0
7660	4
7661	3
7662	2
7663	1
7664	1
7665	4
7666	0
7667	3
7668	0
7669	0
7670	2
7671	2
7672	3
7673	1
7674	4
7675	0
7676	2
7677	2
7678	1
7679	1
7680	1
7681	4
7682	1
7683	0
7684	4
7685	2
7686	1
7687	0
7688	0
7689	1
7690	1
7691	2
7692	3
7693	0
7694	2
7695	0
7696	1
7697	2
7698	2
7699	0
7700	0
7701	2
7702	2
7703	4
7704	2
7705	3
7706	4
7707	4
7708	2
7709	1
7710	0
7711	0
7712	0
7713	0
7714	3
7715	0
7716	0
7717	2
7718	4
7719	0
7720	1
7721	2
7722	3
7723	2
7724	0
7725	1
7726	2
7727	2
7728	0
7729	2
7730	1
7731	1
7732	3
7733	1
7734	2
7735	1
7736	3
7737	1
7738	1
7739	4
7740	3
7741	5
7742	1
7743	3
7744	3
7745	2
7746	1
7747	4
7748	2
7749	2
7750	2
7751	2
7752	0
7753	1
7754	1
7755	4
7756	0
7757	5
7758	2
7759	3
7760	1
7761	0
7762	0
7763	1
7764	3
7765	0
7766	0
7767	0
7768	2
7769	5
7770	2
7771	2
7772	3
7773	2
7774	1
7775	3
7776	2
7777	0
7778	2
7779	2
7780	0
7781	1
7782	1
7783	2
7784	3
7785	0
7786	2
7787	1
7788	0
7789	3
7790	3
7791	3
7792	4
7793	0
7794	3
7795	2
7796	1
7797	0
7798	1
7799	1
7800	1
7801	1
7802	1
7803	0
7804	1
7805	3
7806	2
7807	0
7808	1
7809	1
7810	2
7811	1
7812	3
7813	2
7814	0
7815	0
7816	3
7817	0
7818	1
7819	1
7820	2
7821	1
7822	1
7823	2
7824	2
7825	3
7826	0
7827	2
7828	4
7829	0
7830	1
7831	2
7832	0
7833	0
7834	1
7835	1
7836	3
7837	2
7838	0
7839	0
7840	3
7841	2
7842	1
7843	1
7844	2
7845	1
7846	0
7847	3
7848	4
7849	0
7850	2
7851	0
7852	2
7853	0
7854	2
7855	1
7856	2
7857	1
7858	2
7859	1
7860	1
7861	2
7862	3
7863	3
7864	2
7865	1
7866	2
7867	4
7868	2
7869	0
7870	2
7871	0
7872	4
7873	1
7874	2
7875	3
7876	0
7877	2
7878	0
7879	2
7880	2
7881	4
7882	1
7883	1
7884	0
7885	2
7886	0
7887	1
7888	0
7889	2
7890	2
7891	0
7892	2
7893	1
7894	2
7895	3
7896	0
7897	2
7898	0
7899	3
7900	0
7901	3
7902	0
7903	1
7904	0
7905	1
7906	1
7907	2
7908	0
7909	3
7910	2
7911	3
7912	2
7913	1
7914	1
7915	1
7916	2
7917	1
7918	2
7919	3
7920	3
7921	2
7922	2
7923	2
7924	0
7925	0
7926	2
7927	0
7928	3
7929	4
7930	1
7931	2
7932	2
7933	1
7934	0
7935	2
7936	1
7937	2
7938	5
7939	2
7940	1
7941	0
7942	1
7943	0
7944	0
7945	2
7946	0
7947	2
7948	2
7949	2
7950	2
7951	3
7952	0
7953	1
7954	1
7955	4
7956	3
7957	0
7958	2
7959	1
7960	1
7961	0
7962	2
7963	0
7964	1
7965	3
7966	3
7967	2
7968	6
7969	1
7970	1
7971	1
7972	0
7973	0
7974	1
7975	1
7976	1
7977	0
7978	2
7979	0
7980	2
7981	0
7982	1
7983	1
7984	2
7985	1
7986	1
7987	3
7988	3
7989	4
7990	1
7991	0
7992	0
7993	4
7994	1
7995	3
7996	3
7997	4
7998	2
7999	0
8000	0
8001	2
8002	2
8003	2
8004	3
8005	1
8006	2
8007	0
8008	2
8009	0
8010	1
8011	1
8012	0
8013	0
8014	1
8015	0
8016	0
8017	0
8018	1
8019	0
8020	3
8021	0
8022	1
8023	0
8024	0
8025	2
8026	2
8027	2
8028	0
8029	1
8030	3
8031	1
8032	4
8033	0
8034	1
8035	2
8036	1
8037	1
8038	0
8039	3
8040	1
8041	2
8042	1
8043	1
8044	0
8045	1
8046	0
8047	2
8048	1
8049	0
8050	2
8051	1
8052	1
8053	1
8054	0
8055	1
8056	0
8057	2
8058	0
8059	1
8060	1
8061	3
8062	1
8063	0
8064	0
8065	1
8066	2
8067	1
8068	1
8069	2
8070	1
8071	1
8072	1
8073	1
8074	1
8075	5
8076	1
8077	1
8078	2
8079	1
8080	0
8081	0
8082	1
8083	1
8084	0
8085	3
8086	2
8087	4
8088	2
8089	0
8090	1
8091	3
8092	0
8093	2
8094	1
8095	1
8096	1
8097	0
8098	2
8099	2
8100	1
8101	4
8102	2
8103	3
8104	2
8105	1
8106	2
8107	1
8108	1
8109	3
8110	0
8111	0
8112	1
8113	0
8114	1
8115	0
8116	0
8117	0
8118	0
8119	0
8120	0
8121	0
8122	0
8123	1
8124	0
8125	2
8126	0
8127	0
8128	1
8129	0
8130	0
8131	1
8132	0
8133	0
8134	0
8135	0
8136	0
8137	1
8138	0
8139	0
8140	1
8141	0
8142	0
8143	0
8144	0
8145	0
8146	0
8147	1
8148	0
8149	0
8150	0
8151	0
8152	0
8153	0
8154	0
8155	0
8156	0
8157	0
8158	0
8159	0
8160	0
8161	0
8162	0
8163	0
8164	0
8165	0
8166	0
8167	0
8168	0
8169	0
8170	0
8171	0
8172	0
8173	0
8174	0
8175	0
8176	0
8177	0
8178	0
8179	0
8180	0
8181	0
8182	0
8183	0
8184	0
8185	0
8186	0
8187	0
8188	0
8189	0
8190	0
8191	0
